XYDATA  Co2SiO4 8mmV 1.87A HiRes FullBeam 500K CF ROC 
INTER        1       1       0     0.100000
TEMP       296.404      300.009      300.000
! d20 23-Apr-08 09:22:09 User Sazono   L.C.Hansen  Run 594842*d20_2008_04_5880
! d20 23-Apr-08 09:22:09 User Sazono   L.C.Hansen  Run 594842*d20_2008_04_5880
! Monitor/counts, Counting time/sec:       100000.      62.5111
   0.0953          4111.489      28.092
   0.1953          4307.710      29.224
   0.2953          4314.825      29.514
   0.3953          4131.137      28.694
   0.4953          3883.135      27.616
   0.5953          3431.815      25.753
   0.6953          3090.178      24.369
   0.7953          2639.749      22.583
   0.8953          2324.104      21.120
   0.9953          1965.317      19.471
   1.0953          1676.460      17.927
   1.1953          1315.820      15.851
   1.2953          1032.613      14.068
   1.3953           796.560      12.344
   1.4953           567.610      10.414
   1.5953           437.369       9.118
   1.6953           371.911       8.453
   1.7953           349.523       8.188
   1.8953           321.742       7.826
   1.9953           294.598       7.492
   2.0953           298.719       7.566
   2.1953           296.188       7.528
   2.2953           303.282       7.594
   2.3953           277.638       7.279
   2.4953           273.989       7.261
   2.5953           287.556       7.364
   2.6953           255.890       7.038
   2.7953           260.225       7.043
   2.8953           257.320       7.032
   2.9953           247.402       6.888
   3.0953           235.984       6.740
   3.1953           248.370       6.910
   3.2953           234.887       6.711
   3.3953           230.951       6.715
   3.4953           241.215       6.957
   3.5953           253.881       7.135
   3.6953           249.058       6.983
   3.7953           248.064       6.925
   3.8953           271.637       7.229
   3.9953           290.462       7.480
   4.0953           311.868       7.708
   4.1953           342.736       8.153
   4.2953           391.615       8.637
   4.3953           451.855       9.280
   4.4953           492.595       9.685
   4.5953           546.417      10.255
   4.6953           584.373      10.518
   4.7953           637.424      11.021
   4.8953           690.338      11.475
   4.9953           685.941      11.471
   5.0953           706.700      11.588
   5.1953           709.204      11.606
   5.2953           708.616      11.657
   5.3953           691.416      11.479
   5.4953           697.544      11.505
   5.5953           703.049      11.588
   5.6953           692.406      11.513
   5.7953           677.417      11.395
   5.8953           702.638      11.531
   5.9953           700.657      11.623
   6.0953           693.435      11.532
   6.1953           682.787      11.474
   6.2953           696.205      11.554
   6.3953           675.966      11.380
   6.4953           683.958      11.515
   6.5953           671.131      11.377
   6.6953           676.310      11.636
   6.7953           670.229      11.594
   6.8953           664.567      11.396
   6.9953           662.619      11.257
   7.0953           657.541      11.226
   7.1953           647.079      11.170
   7.2953           634.349      10.980
   7.3953           639.778      11.098
   7.4953           633.268      10.997
   7.5953           624.985      10.899
   7.6953           618.078      10.845
   7.7953           634.958      11.000
   7.8953           629.867      10.941
   7.9953           620.838      10.816
   8.0953           605.085      10.764
   8.1953           616.991      10.821
   8.2953           598.358      10.651
   8.3953           594.979      10.630
   8.4953           594.533      10.639
   8.5953           587.179      10.544
   8.6953           567.135      10.363
   8.7953           588.471      10.556
   8.8953           571.870      10.420
   8.9953           598.792      10.662
   9.0953           569.681      10.389
   9.1953           581.420      10.538
   9.2953           577.082      10.498
   9.3953           573.885      10.414
   9.4953           572.615      10.479
   9.5953           574.408      10.463
   9.6953           578.389      10.520
   9.7953           573.963      10.578
   9.8953           560.461      10.584
   9.9953           571.164      10.671
  10.0953           546.452      10.279
  10.1953           583.219      10.545
  10.2953           576.607      10.501
  10.3953           552.659      10.252
  10.4953           542.431      10.148
  10.5953           549.419      10.194
  10.6953           549.850      10.235
  10.7953           547.793      10.137
  10.8953           541.730      10.100
  10.9953           552.124      10.193
  11.0953           526.799       9.880
  11.1953           535.825      10.021
  11.2953           535.486      10.615
  11.3953           521.119       9.709
  11.4953           528.233       9.921
  11.5953           525.357       9.912
  11.6953           515.973       9.890
  11.7953           527.599       9.965
  11.8953           536.692      10.066
  11.9953           530.447      10.001
  12.0953           527.251      10.002
  12.1953           520.293       9.909
  12.2953           505.066       9.740
  12.3953           527.754      10.047
  12.4953           533.745      10.064
  12.5953           502.929       9.755
  12.6953           510.813       9.847
  12.7953           524.768      10.045
  12.8953           505.994       9.752
  12.9953           522.757      10.029
  13.0953           513.028      10.244
  13.1953           517.459       9.832
  13.2953           531.269      10.311
  13.3953           516.412       9.918
  13.4953           510.804       9.893
  13.5953           519.711       9.905
  13.6953           520.715       9.982
  13.7953           510.939       9.809
  13.8953           515.456       9.931
  13.9953           513.009       9.795
  14.0953           506.184       9.848
  14.1953           501.146       9.618
  14.2953           503.617       9.818
  14.3953           524.840       9.924
  14.4953           502.270       9.733
  14.5953           509.125       9.870
  14.6953           503.413       9.715
  14.7953           507.426       9.764
  14.8953           490.466       9.608
  14.9953           500.249       9.751
  15.0953           512.159       9.985
  15.1953           515.068       9.550
  15.2953           507.657       9.973
  15.3953           521.872       9.921
  15.4953           497.960       9.679
  15.5953           496.903       9.706
  15.6953           504.018       9.804
  15.7953           513.717       9.832
  15.8953           496.261       9.764
  15.9953           506.751       9.807
  16.0953           491.347       9.715
  16.1953           524.028      10.029
  16.2953           475.313       9.706
  16.3953           495.348       9.953
  16.4953           494.358       9.778
  16.5953           479.373       9.542
  16.6953           491.396       9.710
  16.7953           495.993       9.720
  16.8953           480.489       9.575
  16.9953           482.016       9.557
  17.0953           487.743       9.636
  17.1953           517.664       9.913
  17.2953           487.561       9.591
  17.3953           477.391       9.525
  17.4953           487.089       9.612
  17.5953           486.290       9.541
  17.6953           478.382       9.541
  17.7953           497.904       9.713
  17.8953           501.288       9.705
  17.9953           483.924       9.548
  18.0953           500.387       9.742
  18.1953           473.400       9.457
  18.2953           509.200       9.812
  18.3953           500.915       9.711
  18.4953           494.240       9.695
  18.5953           499.943       9.690
  18.6953           506.169       9.776
  18.7953           500.976       9.759
  18.8953           485.866       9.603
  18.9953           479.209       9.507
  19.0953           495.472       9.717
  19.1953           490.453       9.665
  19.2953           489.187       9.667
  19.3953           492.101       9.694
  19.4953           466.455       9.661
  19.5953           473.275       9.649
  19.6953           488.527       9.667
  19.7953           483.283       9.604
  19.8953           485.994       9.609
  19.9953           490.947       9.647
  20.0953           473.687       9.466
  20.1953           476.896       9.338
  20.2953           482.637       9.920
  20.3953           502.585       9.670
  20.4953           488.940       9.370
  20.5953           481.519       9.661
  20.6953           503.985       9.706
  20.7953           500.847       9.707
  20.8953           528.328       9.963
  20.9953           549.263      10.207
  21.0953           543.818      10.088
  21.1953           549.049      10.168
  21.2953           554.057      10.201
  21.3953           541.851      10.113
  21.4953           515.913       9.860
  21.5953           492.410       9.618
  21.6953           503.608       9.783
  21.7953           476.055       9.425
  21.8953           464.864       9.382
  21.9953           474.968       9.450
  22.0953           467.405       9.403
  22.1953           479.001       9.550
  22.2953           477.149       9.501
  22.3953           463.093       9.396
  22.4953           482.854       9.594
  22.5953           488.106       9.670
  22.6953           459.623       9.553
  22.7953           452.113       9.448
  22.8953           477.746       9.559
  22.9953           473.304       9.443
  23.0953           456.564       9.304
  23.1953           452.741       9.259
  23.2953           476.613       9.459
  23.3953           472.485       9.435
  23.4953           463.104       9.373
  23.5953           457.354       9.210
  23.6953           461.291       9.306
  23.7953           466.883       9.355
  23.8953           454.501       9.228
  23.9953           460.489       9.260
  24.0953           460.204       9.298
  24.1953           460.390       9.296
  24.2953           456.100       9.201
  24.3953           446.541       9.146
  24.4953           463.100       9.288
  24.5953           494.417       9.668
  24.6953           490.500       9.543
  24.7953           489.429       9.538
  24.8953           516.233       9.866
  24.9953           525.868       9.896
  25.0953           539.047      10.041
  25.1953           548.671      10.145
  25.2953           515.914       9.849
  25.3953           489.386       9.583
  25.4953           487.645       9.584
  25.5953           480.912       9.525
  25.6953           459.446       9.295
  25.7953           472.073       9.518
  25.8953           470.389       9.602
  25.9953           458.557       9.500
  26.0953           452.454       9.274
  26.1953           457.022       9.281
  26.2953           475.203       9.438
  26.3953           475.318       9.491
  26.4953           479.634       9.465
  26.5953           500.770       9.662
  26.6953           499.029       9.696
  26.7953           513.665       9.801
  26.8953           511.275       9.785
  26.9953           526.096       9.882
  27.0953           504.568       9.738
  27.1953           506.979       9.717
  27.2953           507.897       9.744
  27.3953           547.933      10.128
  27.4953           569.936      10.311
  27.5953           626.991      10.812
  27.6953           752.051      11.891
  27.7953           871.743      12.743
  27.8953           936.867      13.259
  27.9953           901.757      12.914
  28.0953           780.231      12.120
  28.1953           680.129      11.295
  28.2953           554.502      10.153
  28.3953           484.064       9.552
  28.4953           460.444       9.274
  28.5953           495.970       9.649
  28.6953           483.704       9.558
  28.7953           516.575       9.885
  28.8953           513.003       9.860
  28.9953           565.812      10.335
  29.0953           593.029      10.773
  29.1953           605.729      10.865
  29.2953           577.240      10.546
  29.3953           542.127      10.134
  29.4953           525.896       9.978
  29.5953           492.482       9.618
  29.6953           449.441       9.176
  29.7953           465.134       9.370
  29.8953           462.160       9.343
  29.9953           465.912       9.331
  30.0953           462.828       9.330
  30.1953           463.898       9.336
  30.2953           464.040       9.339
  30.3953           461.498       9.275
  30.4953           470.546       9.424
  30.5953           471.143       9.413
  30.6953           462.049       9.306
  30.7953           476.509       9.434
  30.8953           499.227       9.674
  30.9953           504.896       9.764
  31.0953           534.980       9.988
  31.1953           537.505      10.040
  31.2953           532.375      10.023
  31.3953           539.415      10.051
  31.4953           485.023       9.545
  31.5953           468.653       9.384
  31.6953           447.464       9.211
  31.7953           440.299       9.092
  31.8953           455.286       9.284
  31.9953           437.937       9.075
  32.0953           451.152       9.252
  32.1953           437.973       9.160
  32.2953           439.003       9.301
  32.3953           425.942       9.112
  32.4953           455.404       9.304
  32.5953           434.803       9.043
  32.6953           434.766       9.046
  32.7953           430.811       8.969
  32.8953           432.551       9.027
  32.9953           443.569       9.077
  33.0953           456.371       9.279
  33.1953           438.865       9.024
  33.2953           428.751       8.965
  33.3953           419.135       8.813
  33.4953           438.548       9.047
  33.5953           426.245       8.890
  33.6953           437.737       9.014
  33.7953           433.332       9.026
  33.8953           450.303       9.118
  33.9953           441.831       9.059
  34.0953           432.058       8.974
  34.1953           416.809       8.815
  34.2953           434.474       9.013
  34.3953           448.583       9.052
  34.4953           441.458       9.138
  34.5953           449.100       9.094
  34.6953           445.476       9.154
  34.7953           455.892       9.225
  34.8953           453.038       9.190
  34.9953           445.861       9.111
  35.0953           455.725       9.264
  35.1953           468.590       9.370
  35.2953           448.124       9.195
  35.3953           450.406       9.293
  35.4953           450.542       9.372
  35.5953           463.183       9.510
  35.6953           477.017       9.546
  35.7953           462.556       9.309
  35.8953           466.950       9.378
  35.9953           481.794       9.478
  36.0953           517.086       9.848
  36.1953           516.826       9.815
  36.2953           540.136      10.089
  36.3953           566.596      10.268
  36.4953           549.133      10.150
  36.5953           530.294       9.900
  36.6953           510.005       9.768
  36.7953           483.091       9.458
  36.8953           460.401       9.269
  36.9953           440.888       9.070
  37.0953           442.365       9.068
  37.1953           452.363       9.143
  37.2953           453.719       9.217
  37.3953           442.782       9.067
  37.4953           449.868       9.128
  37.5953           446.374       9.134
  37.6953           446.157       9.111
  37.7953           446.481       9.135
  37.8953           447.623       9.111
  37.9953           441.957       9.086
  38.0953           447.557       9.149
  38.1953           455.833       9.243
  38.2953           476.458       9.417
  38.3953           469.639       9.406
  38.4953           442.117       9.074
  38.5953           445.513       9.228
  38.6953           462.221       9.503
  38.7953           462.909       9.521
  38.8953           476.023       9.511
  38.9953           497.783       9.712
  39.0953           525.952       9.948
  39.1953           596.487      10.548
  39.2953           654.599      11.079
  39.3953           685.800      11.307
  39.4953           666.117      11.181
  39.5953           614.500      10.684
  39.6953           537.679      10.021
  39.7953           480.325       9.445
  39.8953           453.640       9.208
  39.9953           461.939       9.248
  40.0953           466.310       9.317
  40.1953           457.168       9.265
  40.2953           474.566       9.378
  40.3953           456.770       9.207
  40.4953           448.157       9.159
  40.5953           470.896       9.369
  40.6953           453.263       9.180
  40.7953           457.357       9.246
  40.8953           465.720       9.337
  40.9953           467.791       9.335
  41.0953           461.190       9.250
  41.1953           462.237       9.333
  41.2953           439.454       9.061
  41.3953           463.716       9.312
  41.4953           453.141       9.250
  41.5953           479.519       9.483
  41.6953           465.909       9.352
  41.7953           462.250       9.424
  41.8953           491.512       9.971
  41.9953           512.257       9.717
  42.0953           539.958      10.315
  42.1953           612.610      10.723
  42.2953           725.346      11.767
  42.3953           872.813      12.789
  42.4953           924.950      13.219
  42.5953           929.652      13.124
  42.6953           859.540      12.771
  42.7953           740.359      11.767
  42.8953           659.433      11.069
  42.9953           575.150      10.418
  43.0953           507.805       9.717
  43.1953           516.639       9.804
  43.2953           509.028       9.785
  43.3953           571.380      10.296
  43.4953           625.208      10.815
  43.5953           679.757      11.262
  43.6953           649.970      10.980
  43.7953           584.807      10.448
  43.8953           509.098       9.765
  43.9953           483.759       9.471
  44.0953           464.105       9.299
  44.1953           472.332       9.441
  44.2953           513.516       9.769
  44.3953           552.122      10.197
  44.4953           628.881      10.846
  44.5953           737.585      11.699
  44.6953           814.078      12.420
  44.7953           763.711      11.990
  44.8953           669.104      11.230
  44.9953           582.596      10.544
  45.0953           498.303       9.897
  45.1953           467.351       9.538
  45.2953           464.186       9.365
  45.3953           462.295       9.308
  45.4953           443.999       9.092
  45.5953           462.130       9.302
  45.6953           466.306       9.309
  45.7953           499.422       9.626
  45.8953           523.989       9.892
  45.9953           627.133      10.766
  46.0953           782.196      12.018
  46.1953           921.032      13.065
  46.2953           967.195      13.396
  46.3953           827.294      12.352
  46.4953           669.706      11.139
  46.5953           528.588       9.889
  46.6953           491.040       9.526
  46.7953           457.018       9.209
  46.8953           461.112       9.228
  46.9953           470.327       9.299
  47.0953           475.409       9.392
  47.1953           499.318       9.613
  47.2953           556.270      10.156
  47.3953           606.505      10.588
  47.4953           638.042      10.885
  47.5953           647.404      10.923
  47.6953           571.756      10.326
  47.7953           547.045      10.070
  47.8953           504.677       9.698
  47.9953           491.382       9.596
  48.0953           575.898      10.333
  48.1953           706.380      11.618
  48.2953          1056.565      14.333
  48.3953          1520.895      17.253
  48.4953          2444.829      21.455
  48.5953          3158.516      24.351
  48.6953          3512.230      25.594
  48.7953          3382.773      25.204
  48.8953          2924.380      23.285
  48.9953          2174.716      20.114
  49.0953          1537.960      16.993
  49.1953           954.688      13.274
  49.2953           622.056      10.739
  49.3953           497.009       9.611
  49.4953           486.681       9.499
  49.5953           487.444       9.503
  49.6953           492.229       9.524
  49.7953           474.724       9.429
  49.8953           456.470       9.153
  49.9953           473.920       9.354
  50.0953           476.344       9.422
  50.1953           471.959       9.357
  50.2953           466.993       9.301
  50.3953           468.654       9.323
  50.4953           453.802       9.172
  50.5953           453.119       9.192
  50.6953           487.526       9.499
  50.7953           517.404       9.824
  50.8953           561.111      10.221
  50.9953           654.941      11.052
  51.0953           792.373      12.170
  51.1953           863.358      12.709
  51.2953           814.404      12.352
  51.3953           687.935      11.346
  51.4953           597.051      10.829
  51.5953           502.293       9.868
  51.6953           477.387       9.514
  51.7953           475.425       9.428
  51.8953           480.858       9.458
  51.9953           510.762       9.724
  52.0953           511.265       9.764
  52.1953           526.036       9.892
  52.2953           535.989       9.922
  52.3953           533.934       9.958
  52.4953           531.230       9.892
  52.5953           519.305       9.777
  52.6953           487.140       9.485
  52.7953           474.137       9.342
  52.8953           475.923       9.392
  52.9953           446.198       9.040
  53.0953           436.167       8.984
  53.1953           424.462       8.831
  53.2953           442.509       9.035
  53.3953           456.097       9.173
  53.4953           463.906       9.265
  53.5953           437.949       8.960
  53.6953           465.801       9.286
  53.7953           445.580       9.080
  53.8953           437.343       8.950
  53.9953           447.676       9.125
  54.0953           440.148       9.034
  54.1953           436.126       8.978
  54.2953           466.206       9.300
  54.3953           483.927       9.511
  54.4953           543.257      10.043
  54.5953           572.338      10.384
  54.6953           597.870      10.775
  54.7953           569.461      10.540
  54.8953           536.135      10.025
  54.9953           500.442       9.689
  55.0953           488.883       9.517
  55.1953           477.352       9.433
  55.2953           472.318       9.328
  55.3953           494.792       9.581
  55.4953           469.527       9.327
  55.5953           437.645       8.965
  55.6953           462.878       9.278
  55.7953           441.954       9.042
  55.8953           451.507       9.122
  55.9953           447.716       9.080
  56.0953           441.450       9.020
  56.1953           464.237       9.261
  56.2953           453.510       9.145
  56.3953           454.567       9.132
  56.4953           452.177       9.163
  56.5953           445.668       9.082
  56.6953           453.653       9.135
  56.7953           438.470       8.993
  56.8953           463.633       9.271
  56.9953           458.998       9.173
  57.0953           456.855       9.207
  57.1953           458.307       9.203
  57.2953           445.524       9.109
  57.3953           447.919       9.132
  57.4953           452.361       9.113
  57.5953           447.366       9.164
  57.6953           463.911       9.304
  57.7953           446.717       9.155
  57.8953           440.173       9.309
  57.9953           443.931       9.227
  58.0953           430.090       9.007
  58.1953           432.696       8.985
  58.2953           435.814       8.990
  58.3953           427.979       8.945
  58.4953           430.396       8.897
  58.5953           441.621       9.062
  58.6953           442.781       9.027
  58.7953           426.105       8.868
  58.8953           435.386       8.966
  58.9953           451.379       9.172
  59.0953           440.006       8.880
  59.1953           454.599       9.205
  59.2953           458.417       9.202
  59.3953           465.055       9.251
  59.4953           470.217       9.290
  59.5953           460.114       9.193
  59.6953           456.404       9.165
  59.7953           449.632       9.151
  59.8953           437.627       8.905
  59.9953           453.849       9.173
  60.0953           464.088       9.272
  60.1953           440.590       8.990
  60.2953           449.936       9.079
  60.3953           473.141       9.373
  60.4953           436.128       8.947
  60.5953           451.309       9.125
  60.6953           458.244       9.215
  60.7953           470.253       9.336
  60.8953           539.789      10.044
  60.9953           543.943      10.127
  61.0953           535.792      10.155
  61.1953           513.925       9.976
  61.2953           496.903       9.620
  61.3953           470.099       9.320
  61.4953           457.473       9.159
  61.5953           434.738       8.958
  61.6953           450.553       9.088
  61.7953           455.926       9.142
  61.8953           447.916       9.098
  61.9953           453.653       9.091
  62.0953           470.719       9.244
  62.1953           461.868       9.245
  62.2953           469.163       9.226
  62.3953           476.632       9.324
  62.4953           511.918       9.652
  62.5953           497.418       9.585
  62.6953           489.345       9.412
  62.7953           452.309       9.086
  62.8953           445.079       9.007
  62.9953           420.849       8.762
  63.0953           437.165       8.914
  63.1953           454.353       9.087
  63.2953           420.586       8.824
  63.3953           435.803       8.883
  63.4953           430.175       8.842
  63.5953           441.500       9.014
  63.6953           448.460       9.071
  63.7953           442.857       8.967
  63.8953           459.888       9.213
  63.9953           511.489       9.671
  64.0953           664.834      11.071
  64.1953          1055.146      13.998
  64.2953          1657.667      17.557
  64.3953          2218.901      21.098
  64.4953          2275.519      20.328
  64.5953          1975.487      19.260
  64.6953           680.145      10.710
  64.7953           866.621      12.164
  64.8953           615.065      11.678
  64.9953           592.095      12.106
  65.0953           593.356      10.667
  65.1953           713.608      10.545
  65.2953           723.599      11.411
  65.3953           675.017      11.075
  65.4953           560.129      10.134
  65.5953           480.015       9.318
  65.6953           450.293       9.116
  65.7953           449.243       9.065
  65.8953           455.061       9.107
  65.9953           460.801       9.187
  66.0953           454.202       9.148
  66.1953           452.852       9.097
  66.2953           440.046       8.973
  66.3953           446.387       9.033
  66.4953           448.972       9.140
  66.5953           448.363       9.022
  66.6953           447.591       9.076
  66.7953           439.239       9.017
  66.8953           433.019       8.952
  66.9953           453.376       9.111
  67.0953           444.995       9.085
  67.1953           438.985       8.995
  67.2953           449.688       9.162
  67.3953           487.105       9.540
  67.4953           575.355      10.554
  67.5953           643.453      11.112
  67.6953           702.402      11.422
  67.7953           655.485      10.997
  67.8953           550.539      10.058
  67.9953           459.426       9.185
  68.0953           431.638       8.857
  68.1953           441.197       8.969
  68.2953           446.873       9.058
  68.3953           449.763       9.022
  68.4953           439.255       8.938
  68.5953           447.421       9.012
  68.6953           443.642       8.979
  68.7953           457.711       9.107
  68.8953           568.676      10.121
  68.9953           692.143      11.252
  69.0953           852.774      12.353
  69.1953           864.195      12.526
  69.2953           746.828      11.658
  69.3953           572.450      10.222
  69.4953           481.591       9.289
  69.5953           465.825       9.207
  69.6953           473.940       9.273
  69.7953           443.207       8.969
  69.8953           445.244       8.964
  69.9953           443.558       9.004
  70.0953           470.545       9.282
  70.1953           508.303       9.604
  70.2953           548.146      10.031
  70.3953           551.299      10.052
  70.4953           532.262       9.848
  70.5953           498.200       9.627
  70.6953           514.206       9.914
  70.7953           526.168       9.990
  70.8953           564.430      10.212
  70.9953           507.364       9.642
  71.0953           466.146       9.266
  71.1953           442.127       8.954
  71.2953           435.203       8.913
  71.3953           434.206       8.885
  71.4953           437.691       8.919
  71.5953           427.574       8.811
  71.6953           430.117       8.818
  71.7953           439.785       8.921
  71.8953           426.454       8.812
  71.9953           436.198       8.885
  72.0953           420.258       8.750
  72.1953           441.656       8.936
  72.2953           436.596       8.888
  72.3953           464.564       9.159
  72.4953           554.730      10.018
  72.5953           634.978      10.789
  72.6953           711.726      11.292
  72.7953           707.814      11.281
  72.8953           668.258      10.983
  72.9953           536.767       9.777
  73.0953           525.294       9.741
  73.1953           451.974       8.900
  73.2953           437.633       8.683
  73.3953           445.286       7.751
  73.4953           516.857      18.436
  73.5953           540.162       9.494
  73.6953           607.919       9.772
  73.7953           640.559       9.927
  73.8953           561.622      13.702
  73.9953           511.776       9.359
  74.0953           430.182       8.885
  74.1953           442.660       8.972
  74.2953           429.659       8.850
  74.3953           417.350       8.739
  74.4953           431.145       8.834
  74.5953           430.991       8.913
  74.6953           425.439       8.812
  74.7953           446.702       9.034
  74.8953           441.047       8.925
  74.9953           442.128       9.004
  75.0953           440.116       8.967
  75.1953           420.891       8.736
  75.2953           411.257       8.655
  75.3953           431.235       8.884
  75.4953           422.611       8.751
  75.5953           422.460       8.760
  75.6953           452.337       9.083
  75.7953           471.734       9.264
  75.8953           514.662       9.681
  75.9953           543.843       9.967
  76.0953           564.757      10.127
  76.1953           653.732      10.950
  76.2953           725.645      11.446
  76.3953           846.803      12.476
  76.4953           888.010      12.720
  76.5953           800.162      12.075
  76.6953           671.011      11.116
  76.7953           609.516      10.583
  76.8953           738.687      11.667
  76.9953          1119.110      14.439
  77.0953          1682.289      17.972
  77.1953          2083.035      20.022
  77.2953          1772.191      18.210
  77.3953          1190.104      14.838
  77.4953           815.751      12.259
  77.5953          1009.185      13.704
  77.6953          1613.656      17.128
  77.7953          2383.510      20.933
  77.8953          2361.899      20.868
  77.9953          1633.122      17.299
  78.0953           885.606      12.711
  78.1953           543.944      10.011
  78.2953           445.919       9.031
  78.3953           452.144       9.098
  78.4953           459.375       9.171
  78.5953           452.401       9.118
  78.6953           452.718       9.104
  78.7953           472.470       9.300
  78.8953           518.902       9.780
  78.9953           573.134      10.257
  79.0953           595.731      10.456
  79.1953           535.637       9.897
  79.2953           447.458       9.087
  79.3953           429.215       8.863
  79.4953           425.970       8.791
  79.5953           443.603       9.064
  79.6953           421.599       8.810
  79.7953           429.842       8.882
  79.8953           433.033       8.965
  79.9953           416.670       8.778
  80.0953           419.232       8.819
  80.1953           416.474       8.841
  80.2953           434.931       9.198
  80.3953           424.220       8.981
  80.4953           417.061       8.846
  80.5953           420.337       8.799
  80.6953           429.487       8.930
  80.7953           446.065       9.047
  80.8953           451.850       9.127
  80.9953           488.457       9.434
  81.0953           499.753       9.584
  81.1953           486.207       9.418
  81.2953           432.896       8.915
  81.3953           441.744       8.950
  81.4953           429.077       8.859
  81.5953           451.430       9.078
  81.6953           455.746       9.117
  81.7953           459.655       9.178
  81.8953           456.844       9.104
  81.9953           467.331       9.215
  82.0953           460.745       9.178
  82.1953           489.109       9.478
  82.2953           477.555       9.300
  82.3953           472.750       9.280
  82.4953           470.508       9.288
  82.5953           458.853       9.148
  82.6953           444.464       8.963
  82.7953           433.546       8.959
  82.8953           415.447       8.718
  82.9953           427.762       8.841
  83.0953           452.368       9.121
  83.1953           497.077       9.573
  83.2953           633.778      10.809
  83.3953           815.726      12.312
  83.4953           875.719      12.990
  83.5953           788.103      12.275
  83.6953           628.456      10.850
  83.7953           533.604       9.900
  83.8953           489.946       9.528
  83.9953           480.298       9.403
  84.0953           514.660       9.724
  84.1953           583.383      10.332
  84.2953           615.607      10.639
  84.3953           583.062      10.272
  84.4953           491.631       9.504
  84.5953           433.157       8.896
  84.6953           425.880       8.806
  84.7953           435.202       8.902
  84.8953           438.268       9.064
  84.9953           433.928       8.699
  85.0953           448.580       9.139
  85.1953           430.343       8.840
  85.2953           424.814       8.805
  85.3953           416.049       8.736
  85.4953           429.162       8.838
  85.5953           416.498       8.690
  85.6953           423.694       8.806
  85.7953           445.827       9.018
  85.8953           442.545       8.974
  85.9953           438.028       9.007
  86.0953           454.438       9.071
  86.1953           445.778       9.075
  86.2953           441.233       8.966
  86.3953           439.296       8.997
  86.4953           422.268       8.881
  86.5953           420.418       8.795
  86.6953           495.179       9.755
  86.7953           613.557      10.873
  86.8953          1107.708      14.376
  86.9953          2005.586      19.217
  87.0953          2847.718      22.896
  87.1953          3016.933      23.540
  87.2953          2356.447      20.729
  87.3953          1631.248      17.297
  87.4953           978.129      13.399
  87.5953           582.285      10.282
  87.6953           467.335       9.220
  87.7953           454.525       9.122
  87.8953           433.158       8.886
  87.9953           416.756       8.684
  88.0953           427.042       8.834
  88.1953           424.172       8.805
  88.2953           433.444       8.859
  88.3953           424.115       8.777
  88.4953           424.056       8.804
  88.5953           412.849       8.673
  88.6953           431.235       8.852
  88.7953           412.611       8.695
  88.8953           414.041       8.662
  88.9953           410.059       8.674
  89.0953           418.828       8.714
  89.1953           421.646       8.815
  89.2953           418.507       8.721
  89.3953           402.956       8.591
  89.4953           404.613       8.634
  89.5953           420.921       8.750
  89.6953           426.003       8.883
  89.7953           467.732       9.295
  89.8953           562.608      10.373
  89.9953           737.006      11.886
  90.0953           841.719      12.517
  90.1953           789.824      12.076
  90.2953           602.672      10.530
  90.3953           466.744       9.230
  90.4953           434.310       8.851
  90.5953           408.016       8.636
  90.6953           413.735       8.672
  90.7953           417.057       8.715
  90.8953           413.374       8.657
  90.9953           406.377       8.594
  91.0953           403.229       8.589
  91.1953           413.772       8.633
  91.2953           413.117       8.684
  91.3953           424.167       8.754
  91.4953           468.700       9.249
  91.5953           583.840      10.295
  91.6953           816.936      12.193
  91.7953           947.537      13.165
  91.8953           834.803      12.233
  91.9953           621.929      10.675
  92.0953           484.999       9.369
  92.1953           460.404       9.170
  92.2953           485.198       9.381
  92.3953           486.164       9.442
  92.4953           450.645       9.082
  92.5953           412.525       8.672
  92.6953           414.348       8.699
  92.7953           400.198       8.601
  92.8953           426.628       8.840
  92.9953           426.755       8.932
  93.0953           441.168       9.203
  93.1953           455.221       9.345
  93.2953           447.641       9.201
  93.3953           451.823       9.149
  93.4953           413.135       8.743
  93.5953           415.335       8.758
  93.6953           399.671       8.592
  93.7953           413.028       8.721
  93.8953           396.752       8.561
  93.9953           406.699       8.661
  94.0953           398.407       8.523
  94.1953           407.436       8.657
  94.2953           408.401       8.670
  94.3953           452.221       9.086
  94.4953           496.847       9.553
  94.5953           569.295      10.225
  94.6953           672.845      11.117
  94.7953           674.842      11.109
  94.8953           579.153      10.322
  94.9953           485.944       9.485
  95.0953           484.111       9.369
  95.1953           609.433      10.651
  95.2953           845.619      12.442
  95.3953           979.212      13.414
  95.4953           883.052      12.735
  95.5953           693.742      11.312
  95.6953           658.272      11.023
  95.7953           692.835      11.305
  95.8953           693.504      11.238
  95.9953           688.232      11.432
  96.0953           624.943      10.674
  96.1953           570.720      10.373
  96.2953           513.336       9.948
  96.3953           518.987       9.966
  96.4953           710.833      11.583
  96.5953          1030.613      13.815
  96.6953          1389.216      16.071
  96.7953          1358.587      15.910
  96.8953           980.612      13.415
  96.9953           645.306      10.925
  97.0953           634.822      10.839
  97.1953           672.013      11.066
  97.2953           674.548      11.161
  97.3953           647.496      10.924
  97.4953           667.996      11.090
  97.5953           694.977      11.284
  97.6953           568.245      10.221
  97.7953           474.678       9.336
  97.8953           441.241       8.990
  97.9953           457.177       9.145
  98.0953           471.411       9.310
  98.1953           524.102       9.835
  98.2953           566.775      10.149
  98.3953           617.161      10.680
  98.4953           625.836      10.760
  98.5953           567.194      10.158
  98.6953           534.618       9.902
  98.7953           547.268      10.066
  98.8953           584.894      10.398
  98.9953           564.004      10.176
  99.0953           505.708       9.688
  99.1953           443.937       9.030
  99.2953           450.940       9.189
  99.3953           449.870       9.162
  99.4953           420.062       9.028
  99.5953           403.797       8.793
  99.6953           380.201       8.445
  99.7953           399.824       8.559
  99.8953           392.962       8.501
  99.9953           390.975       8.477
 100.0953           414.355       8.704
 100.1953           458.099       9.146
 100.2953           520.475       9.772
 100.3953           526.911       9.778
 100.4953           478.669       9.346
 100.5953           453.617       9.089
 100.6953           419.697       8.744
 100.7953           408.050       8.604
 100.8953           408.118       8.621
 100.9953           415.160       8.681
 101.0953           411.875       8.658
 101.1953           400.840       8.525
 101.2953           397.541       8.510
 101.3953           402.506       8.558
 101.4953           394.023       8.464
 101.5953           389.737       8.451
 101.6953           407.213       8.604
 101.7953           409.273       8.619
 101.8953           394.951       8.508
 101.9953           404.631       8.590
 102.0953           403.777       8.595
 102.1953           400.059       8.535
 102.2953           395.479       8.527
 102.3953           399.112       8.558
 102.4953           382.756       8.348
 102.5953           447.092       9.132
 102.6953           518.825       9.954
 102.8953           896.615      12.989
 102.9953           864.360      12.636
 103.0953           677.748      11.189
 103.1953           521.679       9.820
 103.2953           447.573       9.052
 103.3953           400.725       8.589
 103.4953           430.904       8.889
 103.5953           399.094       8.515
 103.6953           416.058       8.721
 103.7953           433.154       8.905
 103.8953           434.670       8.910
 103.9953           418.811       8.748
 104.0953           407.792       8.626
 104.1953           402.495       8.599
 104.2953           421.676       8.758
 104.3953           405.722       8.611
 104.4953           407.707       8.626
 104.5953           392.617       8.475
 104.6953           388.432       8.412
 104.7953           390.758       8.461
 104.8953           392.356       8.474
 104.9953           381.188       8.370
 105.0953           409.087       8.613
 105.1953           420.387       8.823
 105.2953           418.413       8.745
 105.3953           446.513       9.071
 105.4953           432.830       8.925
 105.5953           464.171       9.239
 105.6953           550.181      10.027
 105.7953           644.574      10.985
 105.8953           710.356      11.797
 105.9953           682.258      11.183
 106.0953           772.716      12.162
 106.1953           791.229      12.054
 106.2953           724.304      11.600
 106.3953           593.076      10.400
 106.4953           493.376       9.514
 106.5953           504.367       9.602
 106.6953           611.198      10.590
 106.7953           677.713      11.089
 106.8953           670.115      10.882
 106.9953           593.014      10.805
 107.0953           489.227       9.267
 107.1953           461.633       9.143
 107.2953           414.772       8.729
 107.3953           387.014       8.368
 107.4953           390.073       8.432
 107.5953           420.931       8.747
 107.6953           508.354       9.628
 107.7953           630.818      10.743
 107.8953           698.113      11.272
 107.9953           615.167      10.617
 108.0953           498.782       9.524
 108.1953           412.348       8.701
 108.2953           376.713       8.286
 108.3953           387.453       8.433
 108.4953           388.111       8.409
 108.5953           449.299       9.083
 108.6953           505.496       9.646
 108.7953           581.824      10.344
 108.8953           675.806      11.100
 108.9953           735.410      11.770
 109.0953           765.882      12.087
 109.1953           741.844      11.910
 109.2953           710.559      11.557
 109.3953           610.189      10.593
 109.4953           489.810       9.513
 109.5953           431.184       8.958
 109.6953           449.990       9.051
 109.7953           417.382       8.774
 109.8953           433.887       8.898
 109.9953           468.726       9.264
 110.0953           572.819      10.213
 110.1953           658.217      10.958
 110.2953           623.109      10.663
 110.3953           528.388       9.807
 110.4953           424.938       8.779
 110.5953           386.223       8.438
 110.6953           381.405       8.313
 110.7953           424.460       8.799
 110.8953           498.060       9.522
 110.9953           574.577      10.254
 111.0953           624.570      10.650
 111.1953           581.931      10.297
 111.2953           480.474       9.362
 111.3953           410.978       8.676
 111.4953           396.539       8.483
 111.5953           390.944       8.491
 111.6953           392.200       8.441
 111.7953           400.676       8.615
 111.8953           398.195       8.491
 111.9953           357.118       8.165
 112.0953           363.200       8.142
 112.1953           348.789       8.092
 112.2953           347.800       8.155
 112.3953           368.847       8.387
 112.4953           417.133       8.794
 112.5953           501.431       9.565
 112.6953           665.181      11.048
 112.7953           793.201      12.009
 112.8953           793.059      12.002
 112.9953           612.778      10.532
 113.0953           479.124       9.364
 113.1953           395.551       8.462
 113.2953           373.401       8.209
 113.3953           364.846       8.158
 113.4953           359.683       8.073
 113.5953           364.268       8.145
 113.6953           376.814       8.235
 113.7953           398.078       8.487
 113.8953           426.900       8.793
 113.9953           474.099       9.243
 114.0953           495.173       9.443
 114.1953           498.121       9.583
 114.2953           432.603       8.807
 114.3953           385.510       8.361
 114.4953           371.083       8.206
 114.5953           368.234       8.155
 114.6953           355.670       8.071
 114.7953           360.124       8.013
 114.8953           347.933       8.024
 114.9953           373.710       8.222
 115.0953           357.700       8.092
 115.1953           367.010       8.180
 115.2953           393.485       8.518
 115.3953           436.364       8.960
 115.4953           527.010      10.053
 115.5953           651.847      11.099
 115.6953           703.099      11.425
 115.7953           642.807      10.825
 115.8953           545.955       9.993
 115.9953           471.208       9.297
 116.0953           427.660       8.813
 116.1953           414.150       8.692
 116.2953           410.625       8.651
 116.3953           415.848       8.688
 116.4953           424.661       8.839
 116.5953           400.106       8.435
 116.6953           366.426       8.179
 116.7953           357.485       8.040
 116.8953           357.712       8.059
 116.9953           342.078       7.885
 117.0953           359.318       8.051
 117.1953           352.645       8.011
 117.2953           362.819       8.105
 117.3953           369.592       8.191
 117.4953           352.246       7.995
 117.5953           355.680       8.024
 117.6953           344.108       7.903
 117.7953           348.540       7.958
 117.8953           329.724       7.710
 117.9953           334.983       7.887
 118.0953           354.356       7.906
 118.1953           372.551       8.310
 118.2953           402.574       8.554
 118.3953           418.940       8.760
 118.4953           438.446       8.944
 118.5953           465.533       9.292
 118.6953           469.292       9.407
 118.7953           466.803       9.483
 118.8953           447.120       9.041
 118.9953           461.286       9.218
 119.0953           530.430       9.794
 119.1953           659.732      10.986
 119.2953           748.415      11.658
 119.3953           798.783      12.039
 119.4953           756.355      11.709
 119.5953           640.017      10.789
 119.6953           503.271       9.501
 119.7953           436.505       8.912
 119.8953           384.386       8.335
 119.9953           351.169       7.952
 120.0953           350.184       7.924
 120.1953           329.728       7.866
 120.2953           341.546       7.582
 120.3953           320.649       7.732
 120.4953           320.396       7.601
 120.5953           339.424       7.866
 120.6953           323.593       7.585
 120.7953           323.085       7.660
 120.8953           331.076       7.714
 120.9953           315.649       7.558
 121.0953           316.072       7.541
 121.1953           326.084       7.694
 121.2953           320.100       7.626
 121.3953           318.502       7.588
 121.4953           338.236       7.832
 121.5953           358.317       8.154
 121.6953           401.589       8.421
 121.7953           435.626       9.123
 121.8953           445.906       9.115
 121.9953           484.575       9.600
 122.0953           507.738       9.700
 122.1953           519.313       9.726
 122.2953           515.249       9.736
 122.3953           482.392       9.378
 122.4953           421.910       8.807
 122.5953           384.747       8.368
 122.6953           341.590       7.920
 122.7953           338.204       7.834
 122.8953           340.677       7.853
 122.9953           375.212       8.301
 123.0953           376.806       8.274
 123.1953           409.923       8.609
 123.2953           397.404       8.513
 123.3953           402.186       8.542
 123.4953           372.516       8.215
 123.5953           339.324       7.845
 123.6953           337.106       7.850
 123.7953           332.889       7.777
 123.8953           349.246       7.956
 123.9953           341.515       7.872
 124.0953           351.587       8.003
 124.1953           401.033       8.544
 124.2953           383.886       8.361
 124.3953           386.980       8.407
 124.4953           388.209       8.439
 124.5953           359.847       8.087
 124.6953           338.563       7.906
 124.7953           343.404       7.847
 124.8953           336.746       7.883
 124.9953           313.917       7.638
 125.0953           335.346       7.937
 125.1953           332.493       7.953
 125.2953           354.879       8.124
 125.3953           407.147       8.706
 125.4953           455.955       9.081
 125.5953           491.340       9.454
 125.6953           496.060       9.494
 125.7953           475.898       9.257
 125.8953           438.085       8.909
 125.9953           382.639       8.308
 126.0953           339.903       7.800
 126.1953           328.833       7.706
 126.2953           319.628       7.597
 126.3953           330.714       7.691
 126.4953           323.038       7.665
 126.5953           343.071       7.842
 126.6953           346.558       7.895
 126.7953           378.553       8.243
 126.8953           408.691       8.580
 126.9953           443.296       8.965
 127.0953           460.674       9.073
 127.1953           441.168       8.897
 127.2953           425.317       8.757
 127.3953           392.860       8.461
 127.4953           353.958       7.957
 127.5953           339.890       7.841
 127.6953           334.743       7.764
 127.7953           322.608       7.664
 127.8953           308.803       7.463
 127.9953           324.616       7.707
 128.0953           312.043       7.491
 128.1953           312.229       7.613
 128.2953           309.017       7.635
 128.3953           299.698       7.533
 128.4953           306.048       7.518
 128.5953           307.450       7.494
 128.6953           328.093       7.729
 128.7953           331.547       7.778
 128.8953           348.382       7.934
 128.9953           402.888       8.568
 129.0953           427.328       8.832
 129.1953           489.084       9.378
 129.2953           490.948       9.412
 129.3953           491.653       9.460
 129.4953           460.187       9.104
 129.5953           420.234       8.712
 129.6953           379.852       8.289
 129.7953           356.381       8.048
 129.8953           350.564       7.945
 129.9953           332.035       7.755
 130.0953           328.663       7.685
 130.1953           326.670       7.693
 130.2953           334.633       7.776
 130.3953           335.169       7.776
 130.4953           334.558       7.787
 130.5953           322.719       7.643
 130.6953           320.672       7.609
 130.7953           355.273       8.039
 130.8953           391.522       8.432
 130.9953           403.773       8.556
 131.0953           400.917       8.542
 131.1953           389.494       8.437
 131.2953           410.576       8.625
 131.3953           387.857       8.476
 131.4953           391.872       8.594
 131.5953           366.390       8.364
 131.6953           358.894       8.136
 131.7953           347.058       7.952
 131.8953           339.034       7.834
 131.9953           336.886       7.852
 132.0953           311.686       7.496
 132.1953           317.671       7.616
 132.2953           301.294       7.393
 132.3953           316.431       7.538
 132.4953           314.393       7.548
 132.5953           329.710       7.693
 132.6953           316.093       7.582
 132.7953           337.882       7.780
 132.8953           334.543       7.763
 132.9953           339.881       7.828
 133.0953           339.646       7.817
 133.1953           338.423       7.682
 133.2953           363.843       8.352
 133.3953           345.751       7.782
 133.4953           359.653       8.038
 133.5953           361.844       8.075
 133.6953           375.167       8.220
 133.7953           379.458       8.284
 133.8953           371.925       8.145
 133.9953           376.132       8.269
 134.0953           358.162       8.047
 134.1953           376.207       8.221
 134.2953           356.962       8.057
 134.3953           330.404       7.749
 134.4953           331.185       7.746
 134.5953           321.072       7.699
 134.6953           324.703       7.866
 134.7953           292.927       7.405
 134.8953           311.394       7.586
 134.9953           301.796       7.378
 135.0953           308.674       7.460
 135.1953           281.210       7.140
 135.2953           307.981       7.456
 135.3953           306.700       7.432
 135.4953           292.761       7.280
 135.5953           299.151       7.314
 135.6953           325.197       7.656
 135.7953           350.814       7.918
 135.8953           354.751       8.007
 135.9953           435.403       8.842
 136.0953           537.029       9.819
 136.1953           639.023      10.739
 136.2953           725.233      11.385
 136.3953           775.526      11.809
 136.4953           813.321      12.105
 136.5953           773.822      11.817
 136.6953           725.648      11.379
 136.7953           597.501      10.370
 136.8953           486.089       9.358
 136.9953           409.837       8.549
 137.0953           378.920       8.265
 137.1953           375.752       8.247
 137.2953           402.939       8.517
 137.3953           450.008       8.993
 137.4953           497.664       9.478
 137.5953           534.628       9.837
 137.6953           555.790      10.041
 137.7953           572.640      10.226
 137.8953           570.730      10.377
 137.9953           516.948       9.867
 138.0953           479.980       9.399
 138.1953           421.982       8.703
 138.2953           379.848       8.317
 138.3953           359.352       8.035
 138.4953           333.071       7.740
 138.5953           326.771       7.662
 138.6953           315.521       7.519
 138.7953           303.429       7.353
 138.8953           308.182       7.409
 138.9953           286.670       7.169
 139.0953           295.263       7.256
 139.1953           307.069       7.370
 139.2953           302.412       7.380
 139.3953           301.112       7.297
 139.4953           310.518       7.466
 139.5953           306.217       7.341
 139.6953           321.925       7.601
 139.7953           349.239       7.915
 139.8953           371.728       8.120
 139.9953           412.553       8.578
 140.0953           443.331       8.892
 140.1953           462.645       9.119
 140.2953           459.746       9.032
 140.3953           483.354       9.333
 140.4953           484.270       9.315
 140.5953           479.062       9.273
 140.6953           477.511       9.290
 140.7953           486.270       9.350
 140.8953           489.850       9.401
 140.9953           519.846       9.786
 141.0953           518.908       9.863
 141.1953           526.288       9.941
 141.2953           533.590       9.856
 141.3953           499.376       9.451
 141.4953           491.911       9.418
 141.5953           440.366       8.866
 141.6953           409.992       8.583
 141.7953           399.157       8.470
 141.8953           410.921       8.553
 141.9953           431.527       8.736
 142.0953           461.598       9.082
 142.1953           539.269       9.824
 142.2953           560.357       9.997
 142.3953           617.182      10.431
 142.4953           586.221      10.250
 142.5953           616.329      10.482
 142.6953           597.288      10.297
 142.7953           555.018       9.917
 142.8953           544.605       9.850
 142.9953           506.694       9.501
 143.0953           490.769       9.313
 143.1953           491.141       9.361
 143.2953           465.716       9.102
 143.3953           500.023       9.436
 143.4953           503.660       9.453
 143.5953           481.515       9.262
 143.6953           465.224       9.164
 143.7953           445.790       9.025
 143.8953           428.329       8.451
 143.9953           409.794       8.725
 144.0953           356.038       7.963
 144.1953           343.775       7.937
 144.2953           329.528       7.811
 144.3953           305.863       7.590
 144.4953           305.010       7.477
 144.5953           314.103       7.519
 144.6953           293.211       7.249
 144.7953           278.568       7.076
 144.8953           296.884       7.280
 144.9953           293.652       7.247
 145.0953           302.232       7.339
 145.1953           301.997       7.357
 145.2953           294.660       7.217
 145.3953           297.920       7.295
 145.4953           314.658       7.490
 145.5953           313.599       6.898
 145.6953           389.172      10.137
 145.7953           333.629       7.137
 145.8953           344.411       7.817
 145.9953           366.338       8.058
 146.0953           368.893       8.102
 146.1953           361.330       8.028
 146.2953           382.464       8.252
 146.3953           393.606       8.305
 146.4953           409.606       8.590
 146.5953           402.303       8.451
 146.6953           419.721       8.636
 146.7953           392.793       8.401
 146.8953           387.898       8.321
 146.9953           384.527       8.299
 147.0953           389.725       8.355
 147.1953           367.832       8.118
 147.2953           350.440       7.928
 147.3953           337.329       7.830
 147.4953           321.841       7.776
 147.5953           304.644       7.532
 147.6953           313.854       7.585
 147.7953           313.185       7.487
 147.8953           285.929       7.193
 147.9953           296.309       7.260
 148.0953           278.938       7.090
 148.1953           292.850       7.205
 148.2953           292.955       7.272
 148.3953           293.436       7.224
 148.4953           277.802       7.133
 148.5953           294.342       7.018
 148.6953           303.490       7.492
 148.7953           309.211       7.626
 148.8953           313.256       7.070
 148.9953           328.552       7.661
 149.0953           323.438       7.734
 149.1953           335.169       7.553
 149.2953           353.124       7.853
 149.3953           333.986       7.682
 149.4953           343.558       7.715
 149.5953           336.784       7.599
 149.6953           332.103       7.823
 149.7953           334.182       7.693
 149.8953           341.254       7.532
 149.9953           339.041       8.158
 150.0953           315.515       7.015
 150.1953           318.818       8.304
 150.2953           311.866       7.082
 150.3953           310.748       7.506
 150.4953           332.197       7.713
 150.5953           323.350       7.647
 150.6953           345.733       7.279
 150.7953             0.000       0.000
 150.8953             0.000       0.000
