XYDATA  Co2SiO4 8mmV 1.87A HiRes FullBeam 500K CF ROC 
INTER        1       1       0     0.100000
TEMP       290.721      298.151      298.211
! d20 23-Apr-08 09:22:09 User Sazono   L.C.Hansen  Run 594842*d20_2008_04_5880
! d20 23-Apr-08 09:22:09 User Sazono   L.C.Hansen  Run 594842*d20_2008_04_5880
! Monitor/counts, Counting time/sec:       100000.      62.5111
   0.0953          4093.781      27.983
   0.1953          4274.784      29.062
   0.2953          4239.899      29.206
   0.3953          4118.194      28.599
   0.4953          3850.873      27.453
   0.5953          3466.516      25.838
   0.6953          3033.300      24.102
   0.7953          2615.765      22.441
   0.8953          2280.079      20.883
   0.9953          1909.473      19.159
   1.0953          1656.505      17.789
   1.1953          1325.338      15.881
   1.2953          1050.807      14.167
   1.3953           751.656      11.970
   1.4953           561.832      10.342
   1.5953           418.418       8.903
   1.6953           369.663       8.412
   1.7953           340.277       8.065
   1.8953           324.233       7.843
   1.9953           304.027       7.598
   2.0953           296.345       7.522
   2.1953           293.825       7.485
   2.2953           280.235       7.287
   2.3953           293.229       7.467
   2.4953           276.109       7.276
   2.5953           272.644       7.158
   2.6953           269.093       7.205
   2.7953           253.428       6.939
   2.8953           248.378       6.897
   2.9953           265.861       7.128
   3.0953           245.532       6.863
   3.1953           236.197       6.727
   3.2953           248.033       6.884
   3.3953           238.523       6.812
   3.4953           242.980       6.971
   3.5953           253.800       7.122
   3.6953           249.366       6.975
   3.7953           257.808       7.048
   3.8953           265.323       7.132
   3.9953           285.613       7.404
   4.0953           329.213       7.906
   4.1953           343.094       8.144
   4.2953           388.357       8.586
   4.3953           436.798       9.108
   4.4953           471.714       9.461
   4.5953           540.684      10.183
   4.6953           584.232      10.498
   4.7953           654.208      11.146
   4.8953           681.858      11.385
   4.9953           698.858      11.558
   5.0953           692.883      11.455
   5.1953           697.656      11.491
   5.2953           693.159      11.510
   5.3953           697.375      11.508
   5.4953           704.393      11.541
   5.5953           695.088      11.502
   5.6953           698.208      11.541
   5.7953           705.066      11.605
   5.8953           690.958      11.415
   5.9953           701.301      11.608
   6.0953           684.912      11.441
   6.1953           675.228      11.391
   6.2953           685.953      11.448
   6.3953           669.419      11.306
   6.4953           681.198      11.472
   6.5953           670.148      11.349
   6.6953           660.392      11.479
   6.7953           684.096      11.693
   6.8953           681.350      11.519
   6.9953           655.554      11.177
   7.0953           647.236      11.118
   7.1953           650.985      11.184
   7.2953           647.493      11.074
   7.3953           622.204      10.926
   7.4953           645.539      11.084
   7.5953           644.606      11.050
   7.6953           630.350      10.933
   7.7953           610.150      10.764
   7.8953           604.378      10.699
   7.9953           586.191      10.491
   8.0953           613.866      10.823
   8.1953           602.742      10.677
   8.2953           608.945      10.726
   8.3953           603.137      10.684
   8.4953           622.834      10.870
   8.5953           564.945      10.325
   8.6953           595.370      10.600
   8.7953           589.071      10.543
   8.8953           591.462      10.579
   8.9953           577.222      10.450
   9.0953           593.956      10.589
   9.1953           561.695      10.340
   9.2953           579.458      10.501
   9.3953           564.171      10.307
   9.4953           566.423      10.404
   9.5953           561.586      10.327
   9.6953           560.361      10.336
   9.7953           570.806      10.531
   9.8953           552.140      10.487
   9.9953           546.924      10.424
  10.0953           550.917      10.303
  10.1953           547.556      10.200
  10.2953           540.862      10.153
  10.3953           558.515      10.288
  10.4953           567.614      10.363
  10.5953           552.980      10.209
  10.6953           548.132      10.201
  10.7953           532.240       9.975
  10.8953           547.922      10.140
  10.9953           548.520      10.142
  11.0953           535.131       9.941
  11.1953           530.603       9.955
  11.2953           533.628      10.578
  11.3953           527.786       9.754
  11.4953           539.031      10.004
  11.5953           527.263       9.913
  11.6953           546.685      10.162
  11.7953           524.267       9.917
  11.8953           535.206      10.034
  11.9953           521.275       9.897
  12.0953           513.127       9.850
  12.1953           529.963       9.983
  12.2953           525.034       9.913
  12.3953           499.036       9.753
  12.4953           523.193       9.946
  12.5953           512.879       9.834
  12.6953           508.852       9.811
  12.7953           522.947      10.011
  12.8953           517.917       9.849
  12.9953           532.643      10.106
  13.0953           515.326      10.249
  13.1953           497.972       9.628
  13.2953           517.058      10.154
  13.3953           516.139       9.898
  13.4953           515.908       9.925
  13.5953           500.030       9.699
  13.6953           514.711       9.907
  13.7953           505.599       9.741
  13.8953           528.927      10.043
  13.9953           516.636       9.813
  14.0953           491.249       9.685
  14.1953           518.912       9.770
  14.2953           516.754       9.928
  14.3953           511.795       9.783
  14.4953           498.835       9.683
  14.5953           521.854       9.975
  14.6953           498.675       9.653
  14.7953           492.743       9.605
  14.8953           513.906       9.818
  14.9953           515.187       9.878
  15.0953           515.621      10.001
  15.1953           497.572       9.370
  15.2953           493.395       9.815
  15.3953           499.004       9.684
  15.4953           519.675       9.870
  15.5953           495.746       9.678
  15.6953           514.246       9.886
  15.7953           489.986       9.585
  15.8953           494.731       9.732
  15.9953           486.261       9.590
  16.0953           501.514       9.798
  16.1953           499.821       9.778
  16.2953           494.017       9.878
  16.3953           481.667       9.797
  16.4953           500.548       9.822
  16.5953           493.425       9.664
  16.6953           502.316       9.800
  16.7953           499.589       9.738
  16.8953           491.187       9.665
  16.9953           500.177       9.718
  17.0953           481.875       9.561
  17.1953           495.809       9.685
  17.2953           487.186       9.571
  17.3953           508.701       9.815
  17.4953           495.800       9.681
  17.5953           495.052       9.609
  17.6953           506.126       9.797
  17.7953           499.387       9.710
  17.8953           492.619       9.604
  17.9953           503.841       9.725
  18.0953           504.702       9.767
  18.1953           483.999       9.545
  18.2953           490.468       9.613
  18.3953           505.558       9.738
  18.4953           484.373       9.581
  18.5953           464.321       9.322
  18.6953           498.201       9.682
  18.7953           490.519       9.640
  18.8953           494.019       9.666
  18.9953           496.535       9.660
  19.0953           487.104       9.618
  19.1953           490.270       9.647
  19.2953           461.211       9.370
  19.3953           482.207       9.579
  19.4953           480.797       9.792
  19.5953           489.674       9.797
  19.6953           467.381       9.439
  19.7953           469.429       9.449
  19.8953           482.603       9.559
  19.9953           480.362       9.526
  20.0953           477.135       9.484
  20.1953           471.231       9.267
  20.2953           499.258      10.072
  20.3953           477.283       9.407
  20.4953           503.354       9.490
  20.5953           490.284       9.732
  20.6953           503.541       9.685
  20.7953           516.365       9.840
  20.8953           526.121       9.925
  20.9953           549.437      10.191
  21.0953           548.273      10.112
  21.1953           558.969      10.241
  21.2953           544.646      10.096
  21.3953           528.683       9.972
  21.4953           509.803       9.784
  21.5953           492.387       9.601
  21.6953           479.315       9.527
  21.7953           484.264       9.490
  21.8953           473.068       9.448
  21.9953           474.820       9.432
  22.0953           474.458       9.457
  22.1953           468.229       9.425
  22.2953           477.003       9.483
  22.3953           449.322       9.239
  22.4953           473.577       9.485
  22.5953           473.045       9.503
  22.6953           483.166       9.777
  22.7953           472.983       9.647
  22.8953           456.450       9.327
  22.9953           479.551       9.489
  23.0953           480.309       9.526
  23.1953           465.328       9.370
  23.2953           467.286       9.349
  23.3953           474.977       9.443
  23.4953           466.226       9.389
  23.5953           460.204       9.223
  23.6953           450.707       9.183
  23.7953           475.166       9.421
  23.8953           463.010       9.297
  23.9953           473.928       9.378
  24.0953           450.368       9.182
  24.1953           480.872       9.484
  24.2953           472.098       9.345
  24.3953           467.960       9.346
  24.4953           462.050       9.261
  24.5953           474.795       9.458
  24.6953           481.765       9.441
  24.7953           481.431       9.443
  24.8953           525.156       9.933
  24.9953           528.128       9.900
  25.0953           540.906      10.041
  25.1953           542.841      10.073
  25.2953           533.992      10.003
  25.3953           495.732       9.628
  25.4953           484.075       9.532
  25.5953           460.247       9.302
  25.6953           458.602       9.271
  25.7953           453.217       9.310
  25.8953           448.436       9.359
  25.9953           444.997       9.342
  26.0953           446.146       9.194
  26.1953           456.564       9.260
  26.2953           474.489       9.415
  26.3953           500.498       9.723
  26.4953           495.659       9.605
  26.5953           483.792       9.481
  26.6953           511.946       9.804
  26.7953           493.056       9.585
  26.8953           508.941       9.746
  26.9953           515.573       9.766
  27.0953           504.316       9.718
  27.1953           505.963       9.691
  27.2953           512.285       9.769
  27.3953           531.476       9.957
  27.4953           585.440      10.433
  27.5953           659.940      11.073
  27.6953           705.589      11.498
  27.7953           859.250      12.629
  27.8953           929.315      13.182
  27.9953           921.671      13.033
  28.0953           805.300      12.292
  28.1953           672.908      11.215
  28.2953           550.910      10.102
  28.3953           506.438       9.754
  28.4953           471.137       9.365
  28.5953           481.710       9.493
  28.6953           467.339       9.379
  28.7953           484.612       9.557
  28.8953           501.588       9.733
  28.9953           529.785       9.984
  29.0953           588.045      10.709
  29.1953           601.490      10.808
  29.2953           579.847      10.551
  29.3953           557.808      10.261
  29.4953           514.824       9.855
  29.5953           497.326       9.648
  29.6953           482.808       9.494
  29.7953           466.531       9.368
  29.8953           439.656       9.097
  29.9953           454.793       9.203
  30.0953           468.347       9.369
  30.1953           456.856       9.249
  30.2953           484.727       9.528
  30.3953           450.606       9.149
  30.4953           453.107       9.232
  30.5953           454.133       9.226
  30.6953           460.819       9.278
  30.7953           492.919       9.579
  30.8953           494.505       9.612
  30.9953           509.733       9.793
  31.0953           530.708       9.931
  31.1953           543.305      10.077
  31.2953           519.804       9.887
  31.3953           495.720       9.619
  31.4953           485.026       9.529
  31.5953           456.911       9.250
  31.6953           438.728       9.105
  31.7953           447.756       9.153
  31.8953           449.177       9.205
  31.9953           448.790       9.170
  32.0953           448.073       9.204
  32.1953           455.745       9.328
  32.2953           417.443       9.053
  32.3953           445.649       9.305
  32.4953           437.149       9.099
  32.5953           438.357       9.064
  32.6953           423.125       8.908
  32.7953           436.577       9.014
  32.8953           441.381       9.103
  32.9953           436.105       8.985
  33.0953           435.979       9.053
  33.1953           431.978       8.938
  33.2953           430.627       8.969
  33.3953           430.058       8.911
  33.4953           431.445       8.957
  33.5953           430.312       8.917
  33.6953           427.519       8.893
  33.7953           423.395       8.906
  33.8953           435.672       8.953
  33.9953           444.556       9.071
  34.0953           437.620       9.016
  34.1953           441.195       9.053
  34.2953           441.727       9.072
  34.3953           425.176       8.797
  34.4953           447.658       9.186
  34.5953           443.687       9.023
  34.6953           441.680       9.100
  34.7953           456.916       9.220
  34.8953           462.804       9.273
  34.9953           469.741       9.335
  35.0953           459.964       9.291
  35.1953           456.505       9.232
  35.2953           470.459       9.405
  35.3953           466.239       9.439
  35.4953           467.054       9.526
  35.5953           448.727       9.344
  35.6953           455.746       9.315
  35.7953           459.083       9.258
  35.8953           474.532       9.438
  35.9953           494.621       9.587
  36.0953           487.059       9.541
  36.1953           543.274      10.045
  36.2953           535.069      10.025
  36.3953           550.533      10.104
  36.4953           546.480      10.108
  36.5953           537.667       9.952
  36.6953           523.529       9.880
  36.7953           510.950       9.710
  36.8953           477.967       9.428
  36.9953           443.450       9.080
  37.0953           460.287       9.233
  37.1953           458.531       9.189
  37.2953           443.371       9.096
  37.3953           444.762       9.071
  37.4953           445.537       9.068
  37.5953           450.975       9.165
  37.6953           437.746       9.009
  37.7953           452.012       9.175
  37.8953           468.253       9.302
  37.9953           443.403       9.085
  38.0953           440.784       9.064
  38.1953           452.570       9.194
  38.2953           456.993       9.206
  38.3953           446.225       9.152
  38.4953           450.609       9.145
  38.5953           456.162       9.321
  38.6953           450.100       9.361
  38.7953           473.407       9.611
  38.8953           455.616       9.289
  38.9953           500.778       9.724
  39.0953           532.569       9.993
  39.1953           596.090      10.526
  39.2953           640.740      10.942
  39.3953           672.272      11.175
  39.4953           664.180      11.146
  39.5953           597.369      10.516
  39.6953           539.351      10.019
  39.7953           493.101       9.554
  39.8953           469.023       9.347
  39.9953           471.596       9.328
  40.0953           474.899       9.386
  40.1953           457.080       9.248
  40.2953           472.550       9.341
  40.3953           470.543       9.329
  40.4953           467.318       9.337
  40.5953           464.244       9.287
  40.6953           453.359       9.165
  40.7953           467.136       9.328
  40.8953           446.376       9.125
  40.9953           462.268       9.264
  41.0953           480.489       9.425
  41.1953           476.790       9.462
  41.2953           463.262       9.288
  41.3953           466.581       9.324
  41.4953           491.851       9.620
  41.5953           480.098       9.472
  41.6953           477.579       9.452
  41.7953           468.117       9.467
  41.8953           491.219       9.951
  41.9953           496.514       9.550
  42.0953           521.386      10.119
  42.1953           588.781      10.494
  42.2953           738.622      11.853
  42.3953           880.804      12.825
  42.4953           926.824      13.209
  42.5953           932.520      13.121
  42.6953           845.210      12.642
  42.7953           725.302      11.626
  42.8953           655.108      11.014
  42.9953           553.215      10.199
  43.0953           535.516       9.961
  43.1953           502.977       9.657
  43.2953           521.702       9.889
  43.3953           560.336      10.178
  43.4953           629.752      10.835
  43.5953           663.634      11.109
  43.6953           635.141      10.835
  43.7953           580.917      10.395
  43.8953           524.884       9.898
  43.9953           501.859       9.630
  44.0953           476.426       9.405
  44.1953           475.208       9.453
  44.2953           501.729       9.640
  44.3953           527.117       9.946
  44.4953           608.986      10.654
  44.5953           724.668      11.576
  44.6953           799.353      12.286
  44.7953           777.386      12.076
  44.8953           703.419      11.494
  44.9953           596.554      10.651
  45.0953           516.367      10.057
  45.1953           475.433       9.603
  45.2953           445.059       9.154
  45.3953           449.296       9.160
  45.4953           460.646       9.244
  45.5953           451.193       9.176
  45.6953           472.285       9.353
  45.7953           474.201       9.363
  45.8953           545.626      10.077
  45.9953           645.592      10.905
  46.0953           779.114      11.974
  46.1953           914.881      12.998
  46.2953           925.744      13.083
  46.3953           825.159      12.314
  46.4953           655.933      11.004
  46.5953           513.290       9.728
  46.6953           468.701       9.291
  46.7953           459.872       9.221
  46.8953           474.241       9.342
  46.9953           480.609       9.384
  47.0953           483.749       9.458
  47.1953           502.567       9.627
  47.2953           546.022      10.045
  47.3953           591.686      10.440
  47.4953           625.463      10.758
  47.5953           649.567      10.922
  47.6953           573.490      10.324
  47.7953           531.473       9.909
  47.8953           490.850       9.548
  47.9953           493.227       9.598
  48.0953           555.602      10.132
  48.1953           699.358      11.540
  48.2953          1043.403      14.219
  48.3953          1481.287      16.997
  48.4953          2387.934      21.167
  48.5953          3137.641      24.228
  48.6953          3517.889      25.571
  48.7953          3416.887      25.287
  48.8953          2887.257      23.097
  48.9953          2193.312      20.165
  49.0953          1499.501      16.750
  49.1953          1000.306      13.564
  49.2953           654.830      11.000
  49.3953           517.334       9.789
  49.4953           474.827       9.366
  49.5953           480.212       9.416
  49.6953           487.214       9.459
  49.7953           469.903       9.364
  49.8953           479.772       9.368
  49.9953           457.000       9.169
  50.0953           464.658       9.289
  50.1953           477.535       9.396
  50.2953           478.854       9.402
  50.3953           463.885       9.259
  50.4953           459.805       9.216
  50.5953           469.951       9.345
  50.6953           470.150       9.312
  50.7953           497.201       9.613
  50.8953           567.701      10.263
  50.9953           649.323      10.985
  51.0953           799.871      12.206
  51.1953           844.140      12.545
  51.2953           799.254      12.216
  51.3953           661.297      11.105
  51.4953           550.146      10.376
  51.5953           497.458       9.803
  51.6953           444.923       9.168
  51.7953           475.639       9.414
  51.8953           479.005       9.423
  51.9953           496.810       9.574
  52.0953           504.287       9.680
  52.1953           521.059       9.828
  52.2953           524.059       9.794
  52.3953           532.452       9.927
  52.4953           533.611       9.897
  52.5953           516.402       9.733
  52.6953           483.793       9.435
  52.7953           469.739       9.282
  52.8953           473.163       9.348
  52.9953           439.902       8.961
  53.0953           442.403       9.032
  53.1953           439.110       8.967
  53.2953           442.445       9.018
  53.3953           456.906       9.166
  53.4953           453.257       9.142
  53.5953           444.105       9.007
  53.6953           447.943       9.091
  53.7953           438.868       8.996
  53.8953           443.859       9.000
  53.9953           454.281       9.176
  54.0953           452.114       9.140
  54.1953           442.351       9.026
  54.2953           463.109       9.253
  54.3953           493.429       9.587
  54.4953           523.419       9.841
  54.5953           584.625      10.477
  54.6953           591.731      10.701
  54.7953           567.486      10.504
  54.8953           545.861      10.098
  54.9953           499.827       9.666
  55.0953           496.237       9.571
  55.1953           482.757       9.469
  55.2953           506.306       9.641
  55.3953           468.107       9.303
  55.4953           462.172       9.238
  55.5953           456.633       9.142
  55.6953           450.148       9.134
  55.7953           452.224       9.131
  55.8953           451.410       9.105
  55.9953           460.667       9.195
  56.0953           440.469       8.995
  56.1953           449.734       9.099
  56.2953           444.582       9.039
  56.3953           459.207       9.162
  56.4953           461.716       9.244
  56.5953           437.480       8.983
  56.6953           464.183       9.225
  56.7953           443.385       9.028
  56.8953           448.164       9.099
  56.9953           442.055       8.986
  57.0953           480.244       9.424
  57.1953           474.588       9.349
  57.2953           467.746       9.318
  57.3953           453.232       9.170
  57.4953           457.015       9.144
  57.5953           455.172       9.228
  57.6953           445.558       9.103
  57.7953           446.289       9.135
  57.8953           439.628       9.287
  57.9953           443.729       9.208
  58.0953           428.409       8.974
  58.1953           447.379       9.121
  58.2953           433.563       8.951
  58.3953           429.663       8.947
  58.4953           439.355       8.974
  58.5953           431.561       8.942
  58.6953           431.337       8.894
  58.7953           432.722       8.921
  58.8953           435.532       8.952
  58.9953           426.403       8.899
  59.0953           423.649       8.699
  59.1953           462.870       9.272
  59.2953           467.506       9.276
  59.3953           444.360       9.027
  59.4953           458.888       9.161
  59.5953           453.940       9.115
  59.6953           446.381       9.048
  59.7953           441.388       9.051
  59.8953           448.574       9.000
  59.9953           449.686       9.115
  60.0953           454.905       9.164
  60.1953           459.543       9.165
  60.2953           447.462       9.038
  60.3953           450.951       9.135
  60.4953           447.241       9.045
  60.5953           460.044       9.197
  60.6953           462.750       9.244
  60.7953           485.992       9.475
  60.8953           520.961       9.851
  60.9953           523.261       9.915
  61.0953           535.660      10.136
  61.1953           514.265       9.962
  61.2953           493.136       9.567
  61.3953           474.363       9.346
  61.4953           441.446       8.981
  61.5953           441.512       9.012
  61.6953           440.218       8.967
  61.7953           441.917       8.985
  61.8953           463.679       9.240
  61.9953           471.150       9.249
  62.0953           481.573       9.334
  62.1953           456.391       9.174
  62.2953           463.556       9.155
  62.3953           483.343       9.373
  62.4953           476.035       9.291
  62.5953           500.111       9.594
  62.6953           474.652       9.254
  62.7953           465.297       9.200
  62.8953           443.716       8.977
  62.9953           427.937       8.820
  63.0953           439.635       8.924
  63.1953           445.892       8.986
  63.2953           440.719       9.017
  63.3953           453.786       9.049
  63.4953           442.634       8.954
  63.5953           439.968       8.983
  63.6953           436.477       8.934
  63.7953           447.113       8.995
  63.8953           457.740       9.175
  63.9953           513.725       9.676
  64.0953           683.846      11.209
  64.1953          1044.082      13.900
  64.2953          1647.468      17.473
  64.3953          2200.406      20.973
  64.4953          2265.090      20.246
  64.5953          1988.097      19.288
  64.6953           708.716      10.914
  64.7953           855.787      12.067
  64.8953           626.635      11.767
  64.9953           616.939      12.336
  65.0953           605.062      10.753
  65.1953           708.182      10.486
  65.2953           729.878      11.441
  65.3953           659.091      10.924
  65.4953           557.089      10.089
  65.5953           477.629       9.278
  65.6953           469.153       9.289
  65.7953           441.667       8.973
  65.8953           456.934       9.110
  65.9953           448.612       9.049
  66.0953           438.114       8.969
  66.1953           462.577       9.178
  66.2953           441.073       8.968
  66.3953           430.260       8.853
  66.4953           439.067       9.023
  66.5953           448.436       9.007
  66.6953           441.084       8.994
  66.7953           445.281       9.063
  66.8953           439.081       8.998
  66.9953           432.088       8.879
  67.0953           444.006       9.059
  67.1953           444.811       9.038
  67.2953           448.873       9.138
  67.3953           481.130       9.465
  67.4953           543.832      10.243
  67.5953           640.646      11.069
  67.6953           672.381      11.155
  67.7953           642.361      10.867
  67.8953           532.692       9.877
  67.9953           460.761       9.182
  68.0953           431.953       8.845
  68.1953           433.123       8.871
  68.2953           442.028       8.993
  68.3953           439.903       8.907
  68.4953           438.457       8.915
  68.5953           431.574       8.835
  68.6953           444.458       8.972
  68.7953           465.336       9.167
  68.8953           565.625      10.076
  68.9953           688.101      11.199
  69.0953           844.287      12.270
  69.1953           853.053      12.423
  69.2953           734.986      11.545
  69.3953           572.102      10.201
  69.4953           488.672       9.341
  69.5953           460.944       9.142
  69.6953           433.586       8.854
  69.7953           438.955       8.910
  69.8953           430.384       8.798
  69.9953           457.506       9.128
  70.0953           456.135       9.123
  70.1953           500.750       9.516
  70.2953           546.244       9.996
  70.3953           545.001       9.977
  70.4953           515.157       9.672
  70.5953           492.947       9.560
  70.6953           493.747       9.698
  70.7953           535.120      10.057
  70.8953           534.109       9.916
  70.9953           497.384       9.530
  71.0953           464.162       9.230
  71.1953           454.514       9.063
  71.2953           440.791       8.955
  71.3953           432.881       8.856
  71.4953           434.904       8.876
  71.5953           438.218       8.904
  71.6953           443.945       8.944
  71.7953           426.712       8.773
  71.8953           429.513       8.828
  71.9953           437.933       8.888
  72.0953           430.060       8.836
  72.1953           434.897       8.852
  72.2953           449.151       8.999
  72.3953           477.892       9.273
  72.4953           547.034       9.931
  72.5953           642.824      10.836
  72.6953           697.114      11.156
  72.7953           704.641      11.236
  72.8953           650.825      10.820
  72.9953           536.502       9.758
  73.0953           529.234       9.761
  73.1953           444.990       8.816
  73.2953           445.562       8.747
  73.3953           438.764       7.681
  73.4953           498.004      18.065
  73.5953           530.636       9.394
  73.6953           626.322       9.902
  73.7953           604.603       9.627
  73.8953           533.340      13.329
  73.9953           494.986       9.188
  74.0953           454.671       9.119
  74.1953           438.767       8.917
  74.2953           413.447       8.666
  74.3953           423.198       8.784
  74.4953           432.897       8.836
  74.5953           437.030       8.960
  74.6953           416.502       8.704
  74.7953           438.595       8.936
  74.8953           431.954       8.817
  74.9953           423.226       8.794
  75.0953           427.115       8.818
  75.1953           425.216       8.766
  75.2953           428.170       8.816
  75.3953           417.330       8.725
  75.4953           429.094       8.803
  75.5953           427.513       8.796
  75.6953           446.221       9.006
  75.7953           471.185       9.242
  75.8953           508.338       9.605
  75.9953           530.483       9.827
  76.0953           575.107      10.202
  76.1953           639.945      10.816
  76.2953           726.906      11.436
  76.3953           819.132      12.249
  76.4953           858.234      12.483
  76.5953           805.196      12.092
  76.6953           633.073      10.778
  76.7953           599.158      10.475
  76.8953           731.716      11.591
  76.9953          1109.099      14.350
  77.0953          1681.619      17.937
  77.1953          2080.986      19.977
  77.2953          1824.227      18.443
  77.3953          1237.050      15.102
  77.4953           834.588      12.378
  77.5953           973.224      13.434
  77.6953          1618.023      17.121
  77.7953          2323.023      20.630
  77.8953          2395.600      20.980
  77.9953          1664.714      17.436
  78.0953           925.632      12.973
  78.1953           556.201      10.106
  78.2953           476.829       9.323
  78.3953           464.810       9.208
  78.4953           444.639       9.007
  78.5953           451.931       9.097
  78.6953           448.775       9.048
  78.7953           458.604       9.146
  78.8953           525.187       9.822
  78.9953           559.250      10.115
  79.0953           564.575      10.161
  79.1953           537.789       9.900
  79.2953           467.613       9.273
  79.3953           445.244       9.012
  79.4953           419.971       8.714
  79.5953           421.198       8.817
  79.6953           438.858       8.973
  79.7953           406.394       8.621
  79.8953           430.235       8.921
  79.9953           437.903       8.984
  80.0953           426.470       8.879
  80.1953           423.076       8.896
  80.2953           433.422       9.166
  80.3953           422.748       8.950
  80.4953           406.261       8.715
  80.5953           410.248       8.678
  80.6953           425.590       8.874
  80.7953           450.737       9.079
  80.8953           461.125       9.204
  80.9953           506.015       9.585
  81.0953           495.271       9.524
  81.1953           463.240       9.177
  81.2953           443.839       9.011
  81.3953           428.099       8.796
  81.4953           444.728       9.003
  81.5953           441.492       8.962
  81.6953           439.257       8.935
  81.7953           457.512       9.141
  81.8953           460.504       9.125
  81.9953           448.682       9.013
  82.0953           465.344       9.208
  82.1953           485.398       9.426
  82.2953           480.411       9.311
  82.3953           467.114       9.209
  82.4953           480.574       9.371
  82.5953           459.988       9.143
  82.6953           455.535       9.058
  82.7953           434.441       8.952
  82.8953           439.539       8.952
  82.9953           415.347       8.697
  83.0953           452.081       9.102
  83.1953           496.455       9.551
  83.2953           620.554      10.677
  83.3953           796.782      12.147
  83.4953           859.813      12.849
  83.5953           759.450      12.029
  83.6953           611.337      10.683
  83.7953           507.582       9.639
  83.8953           501.916       9.627
  83.9953           484.505       9.428
  84.0953           514.340       9.705
  84.1953           565.306      10.153
  84.2953           608.522      10.559
  84.3953           576.709      10.198
  84.4953           477.288       9.348
  84.5953           436.936       8.919
  84.6953           418.775       8.717
  84.7953           419.532       8.725
  84.8953           435.066       9.015
  84.9953           451.027       8.854
  85.0953           439.227       9.028
  85.1953           422.152       8.740
  85.2953           415.153       8.689
  85.3953           411.496       8.673
  85.4953           416.604       8.692
  85.5953           441.627       8.933
  85.6953           407.992       8.626
  85.7953           424.458       8.784
  85.8953           411.077       8.634
  85.9953           431.154       8.921
  86.0953           449.251       9.003
  86.1953           441.101       9.011
  86.2953           432.074       8.857
  86.3953           411.318       8.691
  86.4953           425.644       8.900
  86.5953           419.142       8.766
  86.6953           498.442       9.770
  86.7953           622.378      10.932
  86.8953          1088.802      14.228
  86.9953          1948.345      18.908
  87.0953          2792.342      22.633
  87.1953          2991.639      23.401
  87.2953          2407.514      20.916
  87.3953          1609.685      17.152
  87.4953           995.591      13.495
  87.5953           590.944      10.340
  87.6953           474.237       9.272
  87.7953           414.077       8.691
  87.8953           431.837       8.857
  87.9953           415.671       8.658
  88.0953           422.646       8.773
  88.1953           415.231       8.696
  88.2953           420.929       8.715
  88.3953           420.108       8.720
  88.4953           418.393       8.730
  88.5953           418.500       8.717
  88.6953           425.391       8.777
  88.7953           418.121       8.737
  88.8953           420.553       8.714
  88.9953           419.428       8.757
  89.0953           424.063       8.753
  89.1953           424.409       8.828
  89.2953           411.439       8.632
  89.3953           420.549       8.761
  89.4953           443.439       9.024
  89.5953           422.180       8.748
  89.6953           434.681       8.957
  89.7953           472.923       9.331
  89.8953           552.459      10.261
  89.9953           714.196      11.680
  90.0953           823.214      12.357
  90.1953           778.067      11.965
  90.2953           597.280      10.464
  90.3953           468.218       9.229
  90.4953           414.462       8.631
  90.5953           407.694       8.618
  90.6953           394.901       8.458
  90.7953           399.814       8.518
  90.8953           418.085       8.691
  90.9953           409.316       8.610
  91.0953           407.667       8.621
  91.1953           400.304       8.477
  91.2953           415.142       8.690
  91.3953           421.254       8.708
  91.4953           468.166       9.228
  91.5953           589.596      10.328
  91.6953           793.604      11.997
  91.7953           965.399      13.266
  91.8953           856.385      12.369
  91.9953           615.753      10.604
  92.0953           493.419       9.433
  92.1953           444.606       8.995
  92.2953           485.684       9.370
  92.3953           472.594       9.293
  92.4953           444.155       9.001
  92.5953           410.912       8.640
  92.6953           412.364       8.663
  92.7953           407.103       8.660
  92.8953           416.564       8.720
  92.9953           423.411       8.881
  93.0953           446.719       9.245
  93.1953           469.898       9.478
  93.2953           446.842       9.177
  93.3953           437.327       8.985
  93.4953           406.905       8.661
  93.5953           397.876       8.557
  93.6953           388.157       8.452
  93.7953           401.314       8.581
  93.8953           396.848       8.547
  93.9953           400.140       8.576
  94.0953           403.569       8.563
  94.1953           398.503       8.547
  94.2953           402.580       8.593
  94.3953           456.294       9.111
  94.4953           485.784       9.430
  94.5953           543.888       9.977
  94.6953           620.890      10.661
  94.7953           657.187      10.944
  94.8953           578.427      10.298
  94.9953           485.181       9.461
  95.0953           492.554       9.434
  95.1953           600.639      10.555
  95.2953           821.883      12.245
  95.3953           972.518      13.345
  95.4953           900.125      12.835
  95.5953           729.580      11.581
  95.6953           667.581      11.082
  95.7953           695.211      11.305
  95.8953           677.482      11.088
  95.9953           692.470      11.448
  96.0953           653.123      10.893
  96.1953           561.974      10.276
  96.2953           523.470      10.028
  96.3953           513.943       9.900
  96.4953           669.421      11.221
  96.5953           991.228      13.525
  96.6953          1336.773      15.738
  96.7953          1357.959      15.878
  96.8953           995.319      13.492
  96.9953           656.341      10.999
  97.0953           623.579      10.724
  97.1953           671.497      11.042
  97.2953           687.301      11.246
  97.3953           632.388      10.777
  97.4953           663.109      11.030
  97.5953           684.347      11.178
  97.6953           614.105      10.607
  97.7953           485.480       9.425
  97.8953           433.319       8.893
  97.9953           456.503       9.123
  98.0953           471.974       9.299
  98.1953           494.137       9.533
  98.2953           553.034      10.007
  98.3953           634.366      10.810
  98.4953           599.323      10.511
  98.5953           559.242      10.069
  98.6953           525.085       9.796
  98.7953           538.356       9.966
  98.8953           583.971      10.372
  98.9953           565.708      10.174
  99.0953           494.148       9.560
  99.1953           435.255       8.926
  99.2953           451.429       9.178
  99.3953           438.450       9.029
  99.4953           413.962       8.946
  99.5953           394.378       8.674
  99.6953           412.730       8.783
  99.7953           389.302       8.431
  99.8953           404.615       8.611
  99.9953           412.710       8.695
 100.0953           422.944       8.779
 100.1953           452.869       9.077
 100.2953           492.151       9.486
 100.3953           522.189       9.717
 100.4953           489.197       9.432
 100.5953           440.787       8.944
 100.6953           400.625       8.528
 100.7953           401.207       8.517
 100.8953           420.864       8.740
 100.9953           407.928       8.590
 101.0953           401.374       8.532
 101.1953           381.555       8.303
 101.2953           394.890       8.467
 101.3953           394.760       8.461
 101.4953           388.668       8.392
 101.5953           389.298       8.431
 101.6953           396.194       8.472
 101.7953           396.815       8.472
 101.8953           394.495       8.488
 101.9953           393.955       8.461
 102.0953           397.634       8.514
 102.1953           377.067       8.272
 102.2953           406.939       8.635
 102.3953           396.447       8.514
 102.4953           394.136       8.457
 102.5953           410.768       8.738
 102.6953           515.883       9.908
 102.8953           907.383      13.044
 102.9953           877.748      12.712
 103.0953           677.053      11.164
 103.1953           509.549       9.689
 103.2953           426.858       8.824
 103.3953           437.323       8.957
 103.4953           403.633       8.588
 103.5953           403.686       8.549
 103.6953           417.531       8.721
 103.7953           426.540       8.821
 103.8953           436.985       8.918
 103.9953           421.183       8.758
 104.0953           395.281       8.478
 104.1953           398.901       8.545
 104.2953           399.356       8.509
 104.3953           405.954       8.598
 104.4953           395.558       8.482
 104.5953           401.105       8.552
 104.6953           384.359       8.354
 104.7953           394.699       8.489
 104.8953           385.886       8.389
 104.9953           390.310       8.455
 105.0953           391.036       8.406
 105.1953           410.066       8.699
 105.2953           430.994       8.861
 105.3953           424.755       8.832
 105.4953           424.724       8.825
 105.5953           424.610       8.821
 105.6953           543.536       9.948
 105.7953           635.246      10.886
 105.8953           695.198      11.650
 105.9953           663.446      11.009
 106.0953           733.976      11.832
 106.1953           773.110      11.894
 106.2953           718.828      11.536
 106.3953           595.382      10.402
 106.4953           492.579       9.490
 106.5953           509.907       9.638
 106.6953           593.165      10.414
 106.7953           676.989      11.064
 106.8953           676.597      10.916
 106.9953           580.555      10.673
 107.0953           502.054       9.372
 107.1953           444.143       8.953
 107.2953           411.868       8.683
 107.3953           380.259       8.280
 107.4953           392.718       8.446
 107.5953           416.753       8.688
 107.6953           506.590       9.594
 107.7953           625.529      10.679
 107.8953           682.448      11.125
 107.9953           625.272      10.686
 108.0953           498.864       9.508
 108.1953           415.676       8.721
 108.2953           384.128       8.353
 108.3953           388.305       8.427
 108.4953           406.565       8.592
 108.5953           437.489       8.947
 108.6953           495.851       9.537
 108.7953           579.805      10.308
 108.8953           656.380      10.920
 108.9953           744.875      11.825
 109.0953           762.084      12.036
 109.1953           737.936      11.858
 109.2953           696.289      11.421
 109.3953           602.939      10.512
 109.4953           486.453       9.464
 109.5953           449.725       9.133
 109.6953           423.930       8.769
 109.7953           427.518       8.864
 109.8953           421.104       8.750
 109.9953           465.275       9.214
 110.0953           557.945      10.062
 110.1953           637.930      10.769
 110.2953           615.490      10.579
 110.3953           522.019       9.731
 110.4953           434.855       8.865
 110.5953           382.126       8.379
 110.6953           371.772       8.193
 110.7953           411.895       8.653
 110.8953           476.370       9.296
 110.9953           570.941      10.204
 111.0953           604.662      10.461
 111.1953           574.464      10.213
 111.2953           489.354       9.432
 111.3953           426.534       8.823
 111.4953           378.879       8.278
 111.5953           373.776       8.288
 111.6953           391.745       8.421
 111.7953           405.195       8.649
 111.8953           390.133       8.390
 111.9953           381.379       8.423
 112.0953           357.572       8.064
 112.1953           348.515       8.074
 112.2953           371.378       8.412
 112.3953           372.701       8.416
 112.4953           399.605       8.592
 112.5953           488.050       9.420
 112.6953           653.179      10.929
 112.7953           775.589      11.854
 112.8953           786.144      11.929
 112.9953           641.329      10.756
 113.0953           462.136       9.181
 113.1953           405.188       8.550
 113.2953           372.825       8.189
 113.3953           352.303       8.003
 113.4953           358.615       8.047
 113.5953           360.644       8.091
 113.6953           367.074       8.113
 113.7953           384.430       8.326
 113.8953           428.850       8.798
 113.9953           483.951       9.322
 114.0953           497.405       9.447
 114.1953           470.480       9.297
 114.2953           432.354       8.789
 114.3953           377.845       8.263
 114.4953           390.059       8.399
 114.5953           365.516       8.111
 114.6953           360.097       8.107
 114.7953           357.275       7.967
 114.8953           376.988       8.338
 114.9953           368.806       8.154
 115.0953           356.459       8.064
 115.1953           351.921       7.996
 115.2953           368.773       8.232
 115.3953           436.317       8.944
 115.4953           523.653      10.004
 115.5953           626.790      10.865
 115.6953           692.517      11.319
 115.7953           635.488      10.745
 115.8953           558.282      10.087
 115.9953           453.299       9.102
 116.0953           412.598       8.641
 116.1953           411.440       8.649
 116.2953           397.571       8.498
 116.3953           407.890       8.590
 116.4953           424.838       8.826
 116.5953           397.122       8.389
 116.6953           373.346       8.242
 116.7953           371.749       8.185
 116.8953           355.023       8.015
 116.9953           340.891       7.858
 117.0953           346.382       7.891
 117.1953           361.581       8.097
 117.2953           365.712       8.123
 117.3953           358.718       8.055
 117.4953           343.062       7.877
 117.5953           345.242       7.891
 117.6953           342.552       7.871
 117.7953           348.055       7.939
 117.8953           334.512       7.752
 117.9953           340.856       7.942
 118.0953           354.357       7.892
 118.1953           367.008       8.233
 118.2953           397.553       8.486
 118.3953           408.538       8.636
 118.4953           428.011       8.822
 118.5953           469.465       9.315
 118.6953           465.408       9.351
 118.7953           464.800       9.446
 118.8953           460.694       9.161
 118.9953           460.971       9.199
 119.0953           517.232       9.655
 119.1953           597.625      10.438
 119.2953           738.215      11.559
 119.3953           801.981      12.043
 119.4953           751.382      11.650
 119.5953           665.897      10.986
 119.6953           526.377       9.700
 119.7953           445.148       8.984
 119.8953           386.656       8.345
 119.9953           356.594       8.000
 120.0953           335.740       7.745
 120.1953           327.835       7.830
 120.2953           331.801       7.460
 120.3953           328.645       7.814
 120.4953           321.981       7.606
 120.5953           328.614       7.726
 120.6953           322.648       7.561
 120.7953           330.475       7.734
 120.8953           324.013       7.618
 120.9953           325.382       7.661
 121.0953           312.285       7.482
 121.1953           329.840       7.725
 121.2953           318.265       7.591
 121.3953           332.537       7.740
 121.4953           328.925       7.710
 121.5953           355.779       8.111
 121.6953           381.356       8.192
 121.7953           420.781       8.951
 121.8953           444.173       9.082
 121.9953           488.392       9.621
 122.0953           487.688       9.490
 122.1953           527.135       9.782
 122.2953           506.492       9.636
 122.3953           476.902       9.308
 122.4953           440.241       8.981
 122.5953           379.964       8.301
 122.6953           357.251       8.086
 122.7953           332.327       7.752
 122.8953           336.968       7.797
 122.9953           352.120       8.028
 123.0953           371.876       8.205
 123.1953           386.327       8.343
 123.2953           382.933       8.342
 123.3953           370.406       8.183
 123.4953           365.623       8.125
 123.5953           344.656       7.892
 123.6953           327.005       7.718
 123.7953           338.437       7.828
 123.8953           325.085       7.662
 123.9953           345.758       7.907
 124.0953           354.908       8.027
 124.1953           375.866       8.257
 124.2953           390.180       8.415
 124.3953           385.819       8.379
 124.4953           349.913       7.998
 124.5953           361.135       8.087
 124.6953           330.762       7.800
 124.7953           336.312       7.752
 124.8953           320.676       7.679
 124.9953           324.133       7.748
 125.0953           334.745       7.916
 125.1953           336.081       7.982
 125.2953           361.992       8.191
 125.3953           398.867       8.602
 125.4953           444.637       8.952
 125.5953           499.972       9.520
 125.6953           497.599       9.492
 125.7953           468.682       9.170
 125.8953           430.785       8.819
 125.9953           379.873       8.264
 126.0953           339.081       7.777
 126.1953           339.936       7.821
 126.2953           311.857       7.491
 126.3953           308.166       7.411
 126.4953           326.088       7.688
 126.5953           334.911       7.734
 126.6953           341.232       7.820
 126.7953           376.166       8.203
 126.8953           416.791       8.649
 126.9953           441.758       8.934
 127.0953           443.043       8.882
 127.1953           445.182       8.922
 127.2953           410.900       8.592
 127.3953           391.861       8.435
 127.4953           357.010       7.977
 127.5953           354.041       7.989
 127.6953           327.657       7.668
 127.7953           322.941       7.654
 127.8953           302.336       7.372
 127.9953           315.827       7.589
 128.0953           321.541       7.591
 128.1953           306.518       7.530
 128.2953           309.074       7.623
 128.3953           309.608       7.643
 128.4953           311.617       7.573
 128.5953           321.138       7.646
 128.6953           322.961       7.655
 128.7953           331.489       7.764
 128.8953           351.497       7.956
 128.9953           394.042       8.459
 129.0953           430.213       8.846
 129.1953           473.585       9.212
 129.2953           499.138       9.474
 129.3953           482.870       9.359
 129.4953           459.847       9.085
 129.5953           412.474       8.616
 129.6953           391.879       8.405
 129.7953           362.755       8.105
 129.8953           340.730       7.819
 129.9953           341.358       7.850
 130.0953           341.498       7.820
 130.1953           322.827       7.635
 130.2953           334.013       7.755
 130.3953           316.379       7.541
 130.4953           336.288       7.793
 130.5953           328.638       7.699
 130.6953           330.541       7.712
 130.7953           370.545       8.196
 130.8953           387.086       8.370
 130.9953           383.211       8.321
 131.0953           400.433       8.522
 131.1953           406.912       8.609
 131.2953           390.003       8.392
 131.3953           397.592       8.567
 131.4953           367.209       8.305
 131.5953           367.404       8.361
 131.6953           353.420       8.059
 131.7953           325.691       7.689
 131.8953           322.517       7.627
 131.9953           330.608       7.765
 132.0953           318.693       7.567
 132.1953           309.651       7.506
 132.2953           324.305       7.657
 132.3953           310.140       7.450
 132.4953           327.034       7.685
 132.5953           323.555       7.607
 132.6953           314.634       7.551
 132.7953           334.388       7.726
 132.8953           333.741       7.741
 132.9953           340.320       7.820
 133.0953           338.108       7.785
 133.1953           357.241       7.879
 133.2953           332.955       7.975
 133.3953           354.331       7.864
 133.4953           349.091       7.905
 133.5953           348.372       7.909
 133.6953           365.964       8.105
 133.7953           370.929       8.177
 133.8953           379.883       8.218
 133.9953           388.965       8.394
 134.0953           363.949       8.098
 134.1953           374.723       8.191
 134.2953           346.839       7.928
 134.3953           333.063       7.767
 134.4953           340.874       7.845
 134.5953           323.456       7.714
 134.6953           300.396       7.553
 134.7953           310.575       7.611
 134.8953           296.862       7.394
 134.9953           290.856       7.231
 135.0953           303.828       7.388
 135.1953           300.845       7.373
 135.2953           294.311       7.276
 135.3953           317.308       7.546
 135.4953           302.396       7.387
 135.5953           307.384       7.401
 135.6953           315.801       7.532
 135.7953           320.553       7.556
 135.8953           364.691       8.104
 135.9953           425.121       8.721
 136.0953           508.139       9.535
 136.1953           627.452      10.623
 136.2953           719.332      11.319
 136.3953           782.334      11.840
 136.4953           811.038      12.067
 136.5953           793.442      11.945
 136.6953           737.536      11.452
 136.7953           626.644      10.601
 136.8953           496.436       9.441
 136.9953           432.774       8.770
 137.0953           372.393       8.179
 137.1953           358.026       8.036
 137.2953           404.054       8.514
 137.3953           431.964       8.795
 137.4953           464.986       9.146
 137.5953           537.824       9.849
 137.6953           545.905       9.934
 137.7953           556.819      10.066
 137.8953           558.217      10.245
 137.9953           525.104       9.927
 138.0953           492.810       9.507
 138.1953           425.886       8.728
 138.2953           372.176       8.218
 138.3953           348.790       7.903
 138.4953           340.343       7.810
 138.5953           307.188       7.416
 138.6953           306.565       7.398
 138.7953           293.138       7.214
 138.8953           303.027       7.334
 138.9953           304.268       7.373
 139.0953           289.261       7.169
 139.1953           296.833       7.233
 139.2953           299.567       7.333
 139.3953           302.183       7.297
 139.4953           300.134       7.327
 139.5953           305.857       7.324
 139.6953           312.936       7.481
 139.7953           331.216       7.694
 139.8953           384.054       8.239
 139.9953           389.249       8.318
 140.0953           441.260       8.855
 140.1953           466.773       9.144
 140.2953           472.125       9.137
 140.3953           458.500       9.074
 140.4953           469.016       9.151
 140.5953           479.905       9.265
 140.6953           487.386       9.369
 140.7953           495.514       9.422
 140.8953           496.963       9.453
 140.9953           513.268       9.707
 141.0953           519.350       9.850
 141.1953           532.324       9.980
 141.2953           521.938       9.731
 141.3953           512.442       9.557
 141.4953           483.913       9.325
 141.5953           456.989       9.016
 141.6953           414.659       8.616
 141.7953           410.493       8.574
 141.8953           388.905       8.307
 141.9953           431.088       8.716
 142.0953           468.548       9.135
 142.1953           510.635       9.543
 142.2953           532.813       9.731
 142.3953           622.246      10.455
 142.4953           574.897      10.133
 142.5953           619.166      10.488
 142.6953           569.913      10.040
 142.7953           574.291      10.071
 142.8953           535.434       9.750
 142.9953           501.206       9.433
 143.0953           499.284       9.377
 143.1953           476.810       9.207
 143.2953           473.145       9.158
 143.3953           494.738       9.370
 143.4953           484.227       9.252
 143.5953           484.107       9.270
 143.6953           467.929       9.175
 143.7953           438.961       8.940
 143.8953           420.859       8.362
 143.9953           399.112       8.595
 144.0953           386.411       8.282
 144.1953           338.746       7.865
 144.2953           326.354       7.759
 144.3953           322.643       7.782
 144.4953           299.748       7.400
 144.5953           303.860       7.383
 144.6953           307.563       7.412
 144.7953           294.447       7.262
 144.8953           290.158       7.185
 144.9953           278.724       7.048
 145.0953           288.568       7.158
 145.1953           290.048       7.197
 145.2953           300.159       7.271
 145.3953           306.860       7.390
 145.4953           310.367       7.426
 145.5953           311.150       6.859
 145.6953           397.037      10.221
 145.7953           322.272       7.003
 145.8953           340.563       7.760
 145.9953           361.356       7.989
 146.0953           354.839       7.932
 146.1953           374.123       8.154
 146.2953           386.462       8.281
 146.3953           394.337       8.299
 146.4953           381.966       8.280
 146.5953           406.218       8.478
 146.6953           393.995       8.353
 146.7953           385.339       8.307
 146.8953           393.138       8.363
 146.9953           390.157       8.345
 147.0953           376.766       8.200
 147.1953           359.768       8.015
 147.2953           356.913       7.987
 147.3953           331.810       7.752
 147.4953           333.089       7.897
 147.5953           320.112       7.707
 147.6953           292.840       7.314
 147.7953           314.775       7.493
 147.8953           303.162       7.394
 147.9953           302.375       7.321
 148.0953           289.470       7.210
 148.1953           295.723       7.228
 148.2953           298.958       7.333
 148.3953           301.462       7.309
 148.4953           284.690       7.208
 148.5953           287.648       6.926
 148.6953           288.791       7.295
 148.7953           315.077       7.685
 148.8953           315.669       7.085
 148.9953           318.861       7.534
 149.0953           332.827       7.832
 149.1953           332.818       7.514
 149.2953           349.287       7.797
 149.3953           349.918       7.850
 149.4953           338.566       7.645
 149.5953           344.335       7.671
 149.6953           340.322       7.906
 149.7953           340.085       7.747
 149.8953           334.104       7.439
 149.9953           321.030       7.925
 150.0953           325.927       7.117
 150.1953           317.712       8.275
 150.2953           326.340       7.232
 150.3953           318.528       7.586
 150.4953           309.082       7.427
 150.5953           324.572       7.648
 150.6953           327.116       7.068
 150.7953             0.000       0.000
 150.8953             0.000       0.000
