XYDATA  Co2SiO4 8mmV 1.87A HiRes FullBeam 500K CF ROC 
INTER        1       1       0     0.100000
TEMP       345.257      352.937      352.708
! d20 23-Apr-08 09:22:09 User Sazono   L.C.Hansen  Run 594842*d20_2008_04_5880
! d20 23-Apr-08 09:22:09 User Sazono   L.C.Hansen  Run 594842*d20_2008_04_5880
! Monitor/counts, Counting time/sec:       100000.      62.5111
   0.0953          4115.860      28.091
   0.1953          4283.239      29.124
   0.2953          4298.058      29.439
   0.3953          4122.897      28.649
   0.4953          3875.432      27.572
   0.5953          3395.930      25.603
   0.6953          3004.963      24.017
   0.7953          2639.927      22.570
   0.8953          2271.525      20.868
   0.9953          1932.946      19.299
   1.0953          1594.634      17.474
   1.1953          1325.909      15.902
   1.2953          1061.268      14.253
   1.3953           773.645      12.158
   1.4953           541.173      10.162
   1.5953           439.514       9.135
   1.6953           361.107       8.324
   1.7953           356.398       8.264
   1.8953           335.064       7.982
   1.9953           299.966       7.556
   2.0953           286.878       7.410
   2.1953           296.414       7.526
   2.2953           300.075       7.549
   2.3953           278.456       7.285
   2.4953           278.091       7.311
   2.5953           266.110       7.079
   2.6953           266.617       7.180
   2.7953           247.723       6.868
   2.8953           249.718       6.923
   2.9953           245.194       6.853
   3.0953           253.794       6.985
   3.1953           234.435       6.709
   3.2953           235.761       6.720
   3.3953           229.899       6.695
   3.4953           240.530       6.943
   3.5953           248.571       7.056
   3.6953           239.762       6.848
   3.7953           238.302       6.784
   3.8953           259.011       7.055
   3.9953           281.265       7.356
   4.0953           319.689       7.800
   4.1953           352.995       8.270
   4.2953           403.718       8.764
   4.3953           438.755       9.139
   4.4953           502.861       9.780
   4.5953           550.968      10.292
   4.6953           602.411      10.673
   4.7953           662.758      11.232
   4.8953           686.096      11.433
   4.9953           707.174      11.640
   5.0953           677.391      11.339
   5.1953           686.169      11.409
   5.2953           698.778      11.569
   5.3953           706.216      11.594
   5.4953           708.289      11.586
   5.5953           712.908      11.662
   5.6953           704.789      11.609
   5.7953           694.049      11.528
   5.8953           694.250      11.455
   5.9953           701.375      11.622
   6.0953           717.528      11.723
   6.1953           696.433      11.582
   6.2953           669.142      11.320
   6.3953           683.211      11.435
   6.4953           688.771      11.549
   6.5953           705.988      11.662
   6.6953           661.913      11.505
   6.7953           669.040      11.577
   6.8953           677.648      11.500
   6.9953           689.162      11.473
   7.0953           647.003      11.129
   7.1953           645.548      11.150
   7.2953           639.110      11.014
   7.3953           642.873      11.119
   7.4953           647.597      11.114
   7.5953           625.770      10.900
   7.6953           613.739      10.801
   7.7953           614.030      10.811
   7.8953           624.379      10.887
   7.9953           617.661      10.782
   8.0953           618.149      10.873
   8.1953           609.060      10.745
   8.2953           622.660      10.859
   8.3953           612.874      10.782
   8.4953           609.432      10.765
   8.5953           626.598      10.886
   8.6953           599.200      10.646
   8.7953           589.482      10.558
   8.8953           576.889      10.460
   8.9953           588.984      10.568
   9.0953           580.180      10.478
   9.1953           584.745      10.562
   9.2953           577.930      10.499
   9.3953           588.881      10.543
   9.4953           561.021      10.366
   9.5953           550.692      10.238
   9.6953           568.534      10.423
   9.7953           557.705      10.421
   9.8953           567.791      10.647
   9.9953           566.708      10.623
  10.0953           570.927      10.501
  10.1953           579.105      10.501
  10.2953           547.839      10.230
  10.3953           556.950      10.286
  10.4953           555.831      10.267
  10.5953           559.733      10.283
  10.6953           542.732      10.163
  10.7953           555.396      10.201
  10.8953           544.104      10.116
  10.9953           546.586      10.136
  11.0953           545.620      10.049
  11.1953           544.746      10.098
  11.2953           544.948      10.702
  11.3953           529.363       9.780
  11.4953           513.649       9.777
  11.5953           539.129      10.036
  11.6953           525.973       9.979
  11.7953           536.194      10.040
  11.8953           541.154      10.101
  11.9953           526.244       9.956
  12.0953           508.242       9.814
  12.1953           530.995      10.005
  12.2953           530.559       9.977
  12.3953           508.977       9.861
  12.4953           512.074       9.851
  12.5953           532.399      10.031
  12.6953           525.197       9.979
  12.7953           525.112      10.043
  12.8953           519.297       9.874
  12.9953           533.293      10.124
  13.0953           524.893      10.356
  13.1953           517.411       9.826
  13.2953           518.648      10.181
  13.3953           531.412      10.055
  13.4953           535.283      10.121
  13.5953           522.684       9.928
  13.6953           495.436       9.731
  13.7953           510.527       9.800
  13.8953           510.262       9.875
  13.9953           510.350       9.764
  14.0953           510.184       9.881
  14.1953           506.459       9.663
  14.2953           526.551      10.034
  14.3953           508.474       9.762
  14.4953           513.553       9.836
  14.5953           516.938       9.939
  14.6953           510.689       9.779
  14.7953           495.379       9.641
  14.8953           505.875       9.752
  14.9953           495.863       9.702
  15.0953           504.360       9.903
  15.1953           514.640       9.540
  15.2953           500.991       9.902
  15.3953           513.721       9.838
  15.4953           518.239       9.868
  15.5953           498.024       9.711
  15.6953           501.329       9.772
  15.7953           508.788       9.779
  15.8953           512.571       9.918
  15.9953           501.794       9.753
  16.0953           498.255       9.777
  16.1953           485.628       9.649
  16.2953           484.855       9.798
  16.3953           495.565       9.949
  16.4953           491.071       9.740
  16.5953           504.619       9.784
  16.6953           499.063       9.780
  16.7953           499.216       9.746
  16.8953           492.127       9.685
  16.9953           488.644       9.616
  17.0953           504.290       9.792
  17.1953           492.019       9.659
  17.2953           490.570       9.615
  17.3953           494.110       9.685
  17.4953           502.627       9.758
  17.5953           508.910       9.754
  17.6953           486.186       9.613
  17.7953           496.562       9.694
  17.8953           499.385       9.681
  17.9953           489.190       9.594
  18.0953           489.564       9.631
  18.1953           495.118       9.666
  18.2953           497.076       9.689
  18.3953           499.950       9.695
  18.4953           504.870       9.793
  18.5953           488.659       9.574
  18.6953           496.330       9.674
  18.7953           480.060       9.548
  18.8953           495.156       9.688
  18.9953           501.447       9.719
  19.0953           483.655       9.595
  19.1953           481.883       9.575
  19.2953           467.617       9.445
  19.3953           469.579       9.464
  19.4953           481.104       9.806
  19.5953           480.777       9.719
  19.6953           466.737       9.443
  19.7953           481.380       9.580
  19.8953           476.500       9.509
  19.9953           488.476       9.617
  20.0953           478.234       9.506
  20.1953           496.617       9.524
  20.2953           506.112      10.153
  20.3953           501.251       9.652
  20.4953           505.948       9.526
  20.5953           489.282       9.733
  20.6953           499.844       9.661
  20.7953           512.854       9.817
  20.8953           548.921      10.150
  20.9953           536.110      10.078
  21.0953           557.950      10.212
  21.1953           561.385      10.275
  21.2953           543.648      10.099
  21.3953           526.506       9.962
  21.4953           509.659       9.794
  21.5953           494.647       9.634
  21.6953           467.507       9.420
  21.7953           482.395       9.482
  21.8953           476.995       9.498
  21.9953           471.216       9.407
  22.0953           481.787       9.541
  22.1953           475.965       9.514
  22.2953           476.210       9.486
  22.3953           461.406       9.374
  22.4953           458.096       9.339
  22.5953           469.348       9.476
  22.6953           473.962       9.695
  22.7953           463.024       9.556
  22.8953           465.145       9.426
  22.9953           450.532       9.208
  23.0953           468.153       9.416
  23.1953           472.454       9.453
  23.2953           461.610       9.303
  23.3953           471.365       9.418
  23.4953           462.181       9.358
  23.5953           465.526       9.286
  23.6953           463.188       9.320
  23.7953           458.842       9.268
  23.8953           470.815       9.386
  23.9953           473.716       9.387
  24.0953           465.482       9.345
  24.1953           452.347       9.209
  24.2953           462.983       9.265
  24.3953           471.284       9.390
  24.4953           477.074       9.422
  24.5953           467.954       9.401
  24.6953           481.390       9.448
  24.7953           507.985       9.712
  24.8953           524.104       9.935
  24.9953           539.019      10.013
  25.0953           548.879      10.126
  25.1953           545.965      10.114
  25.2953           536.912      10.041
  25.3953           506.249       9.741
  25.4953           485.566       9.558
  25.5953           466.019       9.371
  25.6953           456.651       9.262
  25.7953           483.982       9.632
  25.8953           465.919       9.550
  25.9953           460.378       9.513
  26.0953           468.639       9.433
  26.1953           478.518       9.491
  26.2953           472.959       9.410
  26.3953           477.979       9.512
  26.4953           483.363       9.496
  26.5953           487.886       9.532
  26.6953           504.843       9.746
  26.7953           506.335       9.725
  26.8953           517.224       9.836
  26.9953           522.881       9.846
  27.0953           518.246       9.863
  27.1953           514.199       9.781
  27.2953           517.387       9.829
  27.3953           538.311      10.033
  27.4953           592.007      10.503
  27.5953           662.019      11.103
  27.6953           769.012      12.017
  27.7953           906.262      12.985
  27.8953           954.887      13.378
  27.9953           924.347      13.067
  28.0953           786.086      12.159
  28.1953           670.147      11.205
  28.2953           566.108      10.252
  28.3953           483.119       9.537
  28.4953           486.966       9.532
  28.5953           492.948       9.614
  28.6953           468.604       9.402
  28.7953           508.030       9.797
  28.8953           520.542       9.926
  28.9953           565.713      10.328
  29.0953           590.964      10.748
  29.1953           615.143      10.943
  29.2953           584.070      10.602
  29.3953           567.041      10.358
  29.4953           507.687       9.798
  29.5953           481.956       9.509
  29.6953           459.396       9.272
  29.7953           451.383       9.225
  29.8953           467.278       9.389
  29.9953           464.617       9.313
  30.0953           465.479       9.351
  30.1953           456.594       9.257
  30.2953           471.007       9.403
  30.3953           455.182       9.205
  30.4953           456.225       9.274
  30.5953           475.852       9.455
  30.6953           475.928       9.440
  30.7953           480.242       9.466
  30.8953           502.948       9.704
  30.9953           515.434       9.859
  31.0953           540.314      10.032
  31.1953           537.622      10.035
  31.2953           518.173       9.883
  31.3953           523.248       9.894
  31.4953           479.010       9.480
  31.5953           478.992       9.482
  31.6953           452.243       9.255
  31.7953           455.541       9.243
  31.8953           454.751       9.273
  31.9953           457.715       9.272
  32.0953           439.436       9.125
  32.1953           439.373       9.170
  32.2953           436.518       9.269
  32.3953           438.493       9.240
  32.4953           435.686       9.095
  32.5953           446.508       9.158
  32.6953           446.479       9.162
  32.7953           439.635       9.056
  32.8953           436.938       9.068
  32.9953           438.779       9.023
  33.0953           455.646       9.266
  33.1953           424.628       8.871
  33.2953           439.300       9.070
  33.3953           436.973       8.993
  33.4953           431.133       8.964
  33.5953           441.492       9.042
  33.6953           435.924       8.991
  33.7953           445.598       9.147
  33.8953           438.520       8.993
  33.9953           440.755       9.042
  34.0953           461.351       9.268
  34.1953           455.436       9.209
  34.2953           457.129       9.239
  34.3953           438.565       8.945
  34.4953           440.750       9.125
  34.5953           457.220       9.170
  34.6953           448.712       9.182
  34.7953           450.319       9.164
  34.8953           468.340       9.339
  34.9953           469.334       9.342
  35.0953           448.415       9.184
  35.1953           453.811       9.216
  35.2953           462.680       9.338
  35.3953           480.916       9.597
  35.4953           460.727       9.472
  35.5953           472.394       9.599
  35.6953           459.468       9.363
  35.7953           456.396       9.241
  35.8953           483.906       9.542
  35.9953           496.132       9.612
  36.0953           534.843      10.010
  36.1953           552.719      10.144
  36.2953           521.801       9.911
  36.3953           562.583      10.225
  36.4953           558.798      10.233
  36.5953           524.315       9.839
  36.6953           512.023       9.782
  36.7953           476.603       9.389
  36.8953           471.235       9.372
  36.9953           455.285       9.211
  37.0953           448.532       9.125
  37.1953           453.678       9.151
  37.2953           447.572       9.149
  37.3953           466.007       9.296
  37.4953           454.891       9.173
  37.5953           458.924       9.257
  37.6953           451.768       9.163
  37.7953           456.974       9.236
  37.8953           453.582       9.166
  37.9953           443.491       9.096
  38.0953           448.526       9.154
  38.1953           471.404       9.394
  38.2953           450.606       9.152
  38.3953           458.734       9.291
  38.4953           453.694       9.187
  38.5953           450.146       9.270
  38.6953           466.363       9.539
  38.7953           478.214       9.671
  38.8953           468.818       9.433
  38.9953           496.062       9.690
  39.0953           527.026       9.953
  39.1953           604.172      10.609
  39.2953           657.577      11.098
  39.3953           688.533      11.322
  39.4953           660.646      11.129
  39.5953           587.051      10.437
  39.6953           521.932       9.867
  39.7953           478.276       9.420
  39.8953           474.585       9.413
  39.9953           457.141       9.194
  40.0953           451.254       9.160
  40.1953           452.691       9.214
  40.2953           446.235       9.088
  40.3953           465.691       9.292
  40.4953           463.718       9.312
  40.5953           473.323       9.388
  40.6953           461.276       9.255
  40.7953           467.838       9.346
  40.8953           471.532       9.389
  40.9953           440.808       9.057
  41.0953           476.961       9.401
  41.1953           472.992       9.435
  41.2953           448.273       9.147
  41.3953           478.305       9.451
  41.4953           470.532       9.420
  41.5953           458.343       9.266
  41.6953           478.116       9.468
  41.7953           487.624       9.673
  41.8953           502.657      10.077
  41.9953           496.183       9.558
  42.0953           568.268      10.576
  42.1953           636.268      10.922
  42.2953           764.161      12.070
  42.3953           910.724      13.056
  42.4953           958.590      13.449
  42.5953           903.203      12.928
  42.6953           846.397      12.665
  42.7953           705.859      11.482
  42.8953           628.584      10.801
  42.9953           560.145      10.275
  43.0953           510.924       9.741
  43.1953           504.507       9.682
  43.2953           527.602       9.957
  43.3953           579.235      10.360
  43.4953           651.949      11.037
  43.5953           685.110      11.300
  43.6953           649.020      10.966
  43.7953           567.894      10.290
  43.8953           501.575       9.687
  43.9953           474.112       9.370
  44.0953           475.661       9.408
  44.1953           495.347       9.663
  44.2953           503.442       9.667
  44.3953           569.724      10.352
  44.4953           643.654      10.966
  44.5953           757.666      11.850
  44.6953           801.951      12.320
  44.7953           781.997      12.126
  44.8953           658.713      11.136
  44.9953           567.421      10.400
  45.0953           497.914       9.887
  45.1953           464.857       9.507
  45.2953           451.747       9.233
  45.3953           452.015       9.198
  45.4953           445.895       9.106
  45.5953           446.245       9.136
  45.6953           476.715       9.407
  45.7953           514.221       9.762
  45.8953           547.816      10.108
  45.9953           659.267      11.032
  46.0953           822.047      12.313
  46.1953           921.431      13.060
  46.2953           923.241      13.080
  46.3953           795.185      12.103
  46.4953           627.089      10.772
  46.5953           528.521       9.883
  46.6953           467.749       9.292
  46.7953           457.222       9.205
  46.8953           475.148       9.362
  46.9953           465.181       9.243
  47.0953           506.186       9.686
  47.1953           504.834       9.660
  47.2953           555.801      10.146
  47.3953           625.370      10.746
  47.4953           640.817      10.902
  47.5953           638.174      10.838
  47.6953           587.667      10.462
  47.7953           534.919       9.952
  47.8953           499.242       9.640
  47.9953           517.208       9.840
  48.0953           575.777      10.326
  48.1953           766.064      12.091
  48.2953          1153.805      14.969
  48.3953          1723.610      18.356
  48.4953          2608.777      22.150
  48.5953          3376.088      25.161
  48.6953          3556.355      25.740
  48.7953          3304.706      24.897
  48.8953          2762.043      22.616
  48.9953          2117.154      19.834
  49.0953          1438.432      16.424
  49.1953           911.898      12.965
  49.2953           587.980      10.435
  49.3953           505.896       9.691
  49.4953           494.631       9.571
  49.5953           494.646       9.567
  49.6953           479.865       9.398
  49.7953           476.785       9.444
  49.8953           463.820       9.221
  49.9953           457.498       9.185
  50.0953           467.963       9.333
  50.1953           454.165       9.174
  50.2953           479.031       9.414
  50.3953           474.219       9.373
  50.4953           476.794       9.396
  50.5953           462.648       9.283
  50.6953           476.226       9.383
  50.7953           515.677       9.802
  50.8953           601.002      10.572
  50.9953           685.287      11.298
  51.0953           828.418      12.437
  51.1953           873.931      12.779
  51.2953           812.137      12.328
  51.3953           654.032      11.057
  51.4953           549.058      10.378
  51.5953           483.106       9.672
  51.6953           462.050       9.354
  51.7953           482.152       9.489
  51.8953           494.234       9.583
  51.9953           511.457       9.725
  52.0953           527.991       9.916
  52.1953           529.879       9.922
  52.2953           534.625       9.904
  52.3953           538.317       9.993
  52.4953           529.870       9.874
  52.5953           530.466       9.876
  52.6953           493.948       9.545
  52.7953           464.935       9.245
  52.8953           466.105       9.289
  52.9953           438.170       8.953
  53.0953           459.324       9.214
  53.1953           446.915       9.057
  53.2953           452.126       9.127
  53.3953           445.053       9.056
  53.4953           441.543       9.034
  53.5953           424.795       8.819
  53.6953           455.449       9.177
  53.7953           459.663       9.217
  53.8953           445.247       9.025
  53.9953           454.956       9.193
  54.0953           447.226       9.101
  54.1953           464.421       9.259
  54.2953           472.146       9.354
  54.3953           503.717       9.698
  54.4953           556.161      10.156
  54.5953           599.712      10.623
  54.6953           598.137      10.771
  54.7953           590.429      10.726
  54.8953           553.861      10.184
  54.9953           520.657       9.877
  55.0953           490.160       9.524
  55.1953           490.759       9.559
  55.2953           483.911       9.436
  55.3953           476.970       9.401
  55.4953           466.754       9.294
  55.5953           468.328       9.269
  55.6953           464.193       9.286
  55.7953           457.702       9.196
  55.8953           472.521       9.326
  55.9953           459.887       9.198
  56.0953           463.954       9.242
  56.1953           455.754       9.170
  56.2953           476.381       9.368
  56.3953           467.047       9.251
  56.4953           436.059       8.993
  56.5953           458.275       9.204
  56.6953           454.222       9.136
  56.7953           469.474       9.301
  56.8953           460.124       9.230
  56.9953           463.404       9.211
  57.0953           477.456       9.407
  57.1953           459.431       9.209
  57.2953           459.518       9.246
  57.3953           443.672       9.083
  57.4953           472.009       9.303
  57.5953           476.667       9.454
  57.6953           448.262       9.141
  57.7953           451.441       9.198
  57.8953           452.639       9.434
  57.9953           453.948       9.325
  58.0953           446.549       9.173
  58.1953           445.985       9.117
  58.2953           434.005       8.966
  58.3953           433.642       8.999
  58.4953           437.242       8.963
  58.5953           441.845       9.059
  58.6953           446.306       9.058
  58.7953           440.357       9.009
  58.8953           434.874       8.956
  58.9953           441.538       9.066
  59.0953           453.279       9.008
  59.1953           462.818       9.282
  59.2953           497.557       9.581
  59.3953           486.759       9.459
  59.4953           471.132       9.293
  59.5953           463.795       9.224
  59.6953           434.537       8.937
  59.7953           469.391       9.345
  59.8953           457.936       9.104
  59.9953           446.090       9.089
  60.0953           446.326       9.088
  60.1953           465.366       9.234
  60.2953           454.899       9.124
  60.3953           457.370       9.210
  60.4953           452.490       9.108
  60.5953           454.282       9.150
  60.6953           478.258       9.408
  60.7953           520.634       9.818
  60.8953           539.154      10.033
  60.9953           553.100      10.206
  61.0953           532.662      10.119
  61.1953           516.804       9.998
  61.2953           478.826       9.438
  61.3953           480.071       9.413
  61.4953           462.249       9.201
  61.5953           450.276       9.112
  61.6953           438.667       8.962
  61.7953           447.697       9.054
  61.8953           453.853       9.152
  61.9953           472.781       9.276
  62.0953           486.672       9.394
  62.1953           483.513       9.453
  62.2953           470.424       9.233
  62.3953           469.692       9.251
  62.4953           479.132       9.332
  62.5953           492.773       9.535
  62.6953           476.831       9.286
  62.7953           462.903       9.187
  62.8953           460.764       9.159
  62.9953           442.047       8.975
  63.0953           430.475       8.841
  63.1953           451.822       9.056
  63.2953           435.445       8.973
  63.3953           449.041       9.012
  63.4953           452.188       9.060
  63.5953           432.522       8.917
  63.6953           450.867       9.090
  63.7953           458.303       9.117
  63.8953           476.128       9.368
  63.9953           548.529      10.010
  64.0953           769.601      11.905
  64.1953          1214.376      15.008
  64.2953          1883.280      18.703
  64.3953          2274.205      21.347
  64.4953          2144.963      19.724
  64.5953          1777.331      18.258
  64.6953           804.196      11.639
  64.7953           804.883      11.716
  64.8953           610.797      11.631
  64.9953           579.032      11.965
  65.0953           638.837      11.062
  65.1953           718.841      10.577
  65.2953           688.409      11.124
  65.3953           631.018      10.701
  65.4953           523.748       9.794
  65.5953           464.452       9.160
  65.6953           447.735       9.085
  65.7953           468.272       9.250
  65.8953           461.992       9.170
  65.9953           451.658       9.090
  66.0953           466.004       9.261
  66.1953           467.111       9.234
  66.2953           462.017       9.189
  66.3953           462.119       9.186
  66.4953           458.484       9.231
  66.5953           462.710       9.159
  66.6953           486.420       9.456
  66.7953           439.832       9.018
  66.8953           444.714       9.066
  66.9953           449.916       9.071
  67.0953           437.429       9.002
  67.1953           455.411       9.156
  67.2953           449.533       9.155
  67.3953           515.657       9.810
  67.4953           597.310      10.747
  67.5953           672.032      11.350
  67.6953           709.370      11.471
  67.7953           627.251      10.751
  67.8953           532.266       9.884
  67.9953           473.931       9.323
  68.0953           447.476       9.013
  68.1953           441.225       8.964
  68.2953           449.100       9.075
  68.3953           455.926       9.079
  68.4953           444.010       8.981
  68.5953           443.631       8.968
  68.6953           460.918       9.147
  68.7953           498.998       9.503
  68.8953           600.763      10.397
  68.9953           748.346      11.693
  69.0953           869.826      12.468
  69.1953           830.894      12.275
  69.2953           699.590      11.276
  69.3953           543.690       9.956
  69.4953           488.365       9.349
  69.5953           470.005       9.242
  69.6953           452.533       9.056
  69.7953           441.235       8.944
  69.8953           445.622       8.963
  69.9953           467.873       9.242
  70.0953           489.201       9.459
  70.1953           521.486       9.722
  70.2953           566.027      10.188
  70.3953           552.482      10.057
  70.4953           513.612       9.668
  70.5953           517.690       9.808
  70.6953           529.455      10.054
  70.7953           548.671      10.196
  70.8953           555.460      10.124
  70.9953           512.993       9.689
  71.0953           468.911       9.288
  71.1953           453.024       9.059
  71.2953           453.480       9.093
  71.3953           445.143       8.991
  71.4953           435.360       8.890
  71.5953           449.205       9.026
  71.6953           452.013       9.035
  71.7953           443.428       8.953
  71.8953           446.513       9.012
  71.9953           425.015       8.766
  72.0953           447.069       9.019
  72.1953           446.195       8.976
  72.2953           465.010       9.167
  72.3953           491.260       9.413
  72.4953           607.949      10.482
  72.5953           690.457      11.244
  72.6953           713.932      11.302
  72.7953           672.136      10.986
  72.8953           618.057      10.556
  72.9953           526.705       9.679
  73.0953           517.818       9.666
  73.1953           456.871       8.943
  73.2953           428.855       8.591
  73.3953           465.525       7.921
  73.4953           480.079      17.756
  73.5953           557.367       9.638
  73.6953           635.611       9.986
  73.7953           629.970       9.838
  73.8953           502.828      12.957
  73.9953           498.348       9.230
  74.0953           444.898       9.031
  74.1953           436.688       8.906
  74.2953           426.786       8.815
  74.3953           419.784       8.759
  74.4953           450.533       9.025
  74.5953           432.142       8.920
  74.6953           439.164       8.948
  74.7953           457.861       9.141
  74.8953           448.830       8.998
  74.9953           454.252       9.122
  75.0953           430.289       8.861
  75.1953           428.007       8.805
  75.2953           430.794       8.853
  75.3953           422.681       8.791
  75.4953           428.271       8.805
  75.5953           450.094       9.036
  75.6953           475.133       9.304
  75.7953           485.904       9.397
  75.8953           533.528       9.851
  75.9953           556.528      10.077
  76.0953           623.242      10.632
  76.1953           665.609      11.043
  76.2953           757.081      11.685
  76.3953           861.601      12.577
  76.4953           846.195      12.409
  76.5953           747.700      11.666
  76.6953           631.587      10.778
  76.7953           669.569      11.086
  76.8953           908.099      12.928
  76.9953          1470.293      16.541
  77.0953          1965.702      19.416
  77.1953          1996.964      19.592
  77.2953          1512.349      16.812
  77.3953           932.927      13.129
  77.4953           819.945      12.283
  77.5953          1211.569      15.007
  77.6953          1940.286      18.771
  77.7953          2485.384      21.363
  77.8953          2207.914      20.165
  77.9953          1329.162      15.597
  78.0953           715.052      11.415
  78.1953           495.621       9.551
  78.2953           458.006       9.147
  78.3953           453.808       9.109
  78.4953           427.002       8.837
  78.5953           459.581       9.184
  78.6953           478.527       9.354
  78.7953           498.437       9.547
  78.8953           527.133       9.852
  78.9953           576.862      10.285
  79.0953           576.327      10.278
  79.1953           502.666       9.582
  79.2953           470.164       9.309
  79.3953           424.870       8.813
  79.4953           422.206       8.747
  79.5953           414.394       8.756
  79.6953           436.741       8.962
  79.7953           420.901       8.784
  79.8953           418.614       8.810
  79.9953           425.605       8.867
  80.0953           419.110       8.812
  80.1953           422.924       8.904
  80.2953           445.110       9.299
  80.3953           440.062       9.142
  80.4953           408.509       8.749
  80.5953           436.225       8.959
  80.6953           439.001       9.023
  80.7953           471.393       9.295
  80.8953           488.345       9.483
  80.9953           505.723       9.593
  81.0953           491.636       9.500
  81.1953           456.650       9.122
  81.2953           438.991       8.972
  81.3953           432.709       8.853
  81.4953           444.838       9.015
  81.5953           459.655       9.155
  81.6953           474.163       9.294
  81.7953           480.725       9.381
  81.8953           459.207       9.122
  81.9953           475.859       9.293
  82.0953           468.425       9.249
  82.1953           485.414       9.437
  82.2953           489.298       9.408
  82.3953           485.119       9.395
  82.4953           472.520       9.303
  82.5953           461.776       9.172
  82.6953           435.091       8.863
  82.7953           436.921       8.988
  82.8953           423.002       8.792
  82.9953           431.093       8.870
  83.0953           458.451       9.176
  83.1953           534.627       9.923
  83.2953           706.891      11.409
  83.3953           851.709      12.573
  83.4953           887.779      13.071
  83.5953           738.468      11.875
  83.6953           603.574      10.627
  83.7953           503.796       9.614
  83.8953           484.001       9.465
  83.9953           485.252       9.446
  84.0953           531.313       9.875
  84.1953           594.947      10.428
  84.2953           615.985      10.636
  84.3953           559.052      10.052
  84.4953           473.614       9.322
  84.5953           450.173       9.063
  84.6953           425.380       8.796
  84.7953           427.412       8.817
  84.8953           441.312       9.090
  84.9953           445.268       8.807
  85.0953           429.632       8.939
  85.1953           435.643       8.889
  85.2953           408.086       8.624
  85.3953           428.025       8.856
  85.4953           402.469       8.553
  85.5953           433.947       8.865
  85.6953           437.278       8.941
  85.7953           434.549       8.898
  85.8953           421.478       8.752
  85.9953           440.105       9.023
  86.0953           458.246       9.103
  86.1953           466.668       9.280
  86.2953           422.146       8.764
  86.3953           430.862       8.905
  86.4953           452.191       9.185
  86.5953           450.443       9.098
  86.6953           543.942      10.218
  86.7953           765.516      12.139
  86.8953          1385.990      16.072
  86.9953          2367.419      20.867
  87.0953          2976.210      23.393
  87.1953          2764.596      22.521
  87.2953          2082.646      19.476
  87.3953          1387.120      15.941
  87.4953           801.130      12.119
  87.5953           524.638       9.754
  87.6953           460.787       9.150
  87.7953           447.772       9.048
  87.8953           442.122       8.973
  87.9953           430.371       8.820
  88.0953           423.619       8.793
  88.1953           408.699       8.637
  88.2953           428.230       8.800
  88.3953           441.585       8.951
  88.4953           432.690       8.888
  88.5953           435.667       8.904
  88.6953           424.736       8.780
  88.7953           428.421       8.855
  88.8953           422.970       8.749
  88.9953           429.561       8.873
  89.0953           423.228       8.755
  89.1953           423.177       8.826
  89.2953           423.645       8.769
  89.3953           414.745       8.711
  89.4953           422.734       8.820
  89.5953           435.331       8.894
  89.6953           436.237       8.984
  89.7953           495.054       9.557
  89.8953           625.574      10.931
  89.9953           789.569      12.295
  90.0953           848.726      12.562
  90.1953           717.145      11.500
  90.2953           537.448       9.937
  90.3953           447.592       9.034
  90.4953           425.509       8.755
  90.5953           413.565       8.690
  90.6953           391.996       8.436
  90.7953           416.567       8.705
  90.8953           404.735       8.561
  90.9953           407.353       8.599
  91.0953           411.165       8.668
  91.1953           405.726       8.544
  91.2953           419.928       8.750
  91.3953           445.691       8.968
  91.4953           539.822       9.920
  91.5953           724.090      11.459
  91.6953           911.428      12.872
  91.7953           925.408      13.003
  91.8953           756.815      11.641
  91.9953           535.882       9.903
  92.0953           466.347       9.181
  92.1953           460.228       9.163
  92.2953           480.278       9.328
  92.3953           467.452       9.253
  92.4953           437.678       8.945
  92.5953           432.806       8.877
  92.6953           417.511       8.727
  92.7953           416.907       8.774
  92.8953           417.157       8.736
  92.9953           433.539       8.997
  93.0953           461.560       9.408
  93.1953           452.577       9.312
  93.2953           455.241       9.273
  93.3953           408.717       8.696
  93.4953           422.078       8.832
  93.5953           413.186       8.730
  93.6953           400.309       8.593
  93.7953           403.158       8.611
  93.8953           408.283       8.679
  93.9953           401.061       8.596
  94.0953           415.431       8.698
  94.1953           416.699       8.750
  94.2953           441.761       9.012
  94.3953           474.675       9.304
  94.4953           553.891      10.081
  94.5953           634.131      10.785
  94.6953           675.357      11.131
  94.7953           637.688      10.793
  94.8953           528.658       9.856
  94.9953           462.991       9.252
  95.0953           523.581       9.738
  95.1953           716.400      11.541
  95.2953           923.089      12.992
  95.3953           969.801      13.341
  95.4953           795.960      12.084
  95.5953           701.773      11.371
  95.6953           682.581      11.219
  95.7953           691.652      11.289
  95.8953           694.690      11.241
  95.9953           674.142      11.308
  96.0953           610.365      10.542
  96.1953           515.230       9.850
  96.2953           521.593      10.021
  96.3953           652.417      11.168
  96.4953           891.599      12.965
  96.5953          1310.804      15.572
  96.6953          1438.659      16.345
  96.7953          1135.137      14.534
  96.8953           731.569      11.580
  96.9953           597.241      10.504
  97.0953           660.889      11.053
  97.1953           698.530      11.275
  97.2953           656.782      11.006
  97.3953           643.236      10.882
  97.4953           703.267      11.373
  97.5953           664.138      11.025
  97.6953           559.679      10.138
  97.7953           468.066       9.265
  97.8953           449.324       9.067
  97.9953           465.597       9.224
  98.0953           508.334       9.662
  98.1953           545.245      10.025
  98.2953           610.228      10.524
  98.3953           635.273      10.830
  98.4953           585.177      10.398
  98.5953           550.533      10.001
  98.6953           548.467      10.024
  98.7953           573.633      10.299
  98.8953           589.379      10.432
  98.9953           517.665       9.743
  99.0953           452.080       9.154
  99.1953           452.959       9.116
  99.2953           446.668       9.140
  99.3953           453.256       9.191
  99.4953           420.150       9.023
  99.5953           413.271       8.890
  99.6953           419.679       8.867
  99.7953           409.058       8.653
  99.8953           409.405       8.672
  99.9953           418.620       8.767
 100.0953           469.050       9.256
 100.1953           489.853       9.452
 100.2953           535.078       9.902
 100.3953           540.977       9.902
 100.4953           468.807       9.244
 100.5953           425.971       8.802
 100.6953           401.365       8.545
 100.7953           408.114       8.600
 100.8953           422.743       8.769
 100.9953           417.211       8.698
 101.0953           416.666       8.703
 101.1953           403.992       8.553
 101.2953           410.546       8.644
 101.3953           392.942       8.451
 101.4953           412.093       8.651
 101.5953           401.547       8.573
 101.6953           387.115       8.384
 101.7953           393.013       8.441
 101.8953           398.700       8.543
 101.9953           417.639       8.722
 102.0953           396.721       8.514
 102.1953           401.591       8.546
 102.2953           409.161       8.668
 102.3953           398.276       8.544
 102.4953           423.430       8.776
 102.5953           471.168       9.369
 102.6953           614.761      10.829
 102.8953           944.438      13.323
 102.9953           802.441      12.168
 103.0953           597.407      10.499
 103.1953           459.558       9.211
 103.2953           441.194       8.982
 103.3953           420.304       8.791
 103.4953           420.869       8.780
 103.5953           410.424       8.630
 103.6953           420.866       8.766
 103.7953           433.925       8.908
 103.8953           423.574       8.790
 103.9953           428.544       8.844
 104.0953           412.053       8.666
 104.1953           409.732       8.671
 104.2953           406.274       8.592
 104.3953           423.690       8.794
 104.4953           407.228       8.616
 104.5953           405.136       8.604
 104.6953           387.793       8.401
 104.7953           384.258       8.385
 104.8953           389.518       8.438
 104.9953           407.371       8.648
 105.0953           419.660       8.718
 105.1953           430.626       8.925
 105.2953           414.817       8.703
 105.3953           429.232       8.888
 105.4953           437.654       8.969
 105.5953           501.480       9.598
 105.6953           630.412      10.727
 105.7953           705.355      11.485
 105.8953           747.297      12.093
 105.9953           737.130      11.617
 106.0953           815.600      12.487
 106.1953           744.254      11.683
 106.2953           608.940      10.629
 106.3953           491.433       9.461
 106.4953           500.496       9.577
 106.5953           591.086      10.389
 106.6953           688.027      11.229
 106.7953           675.647      11.066
 106.8953           590.759      10.211
 106.9953           498.876       9.905
 107.0953           455.853       8.940
 107.1953           422.184       8.739
 107.2953           389.688       8.456
 107.3953           384.570       8.337
 107.4953           406.737       8.605
 107.5953           473.650       9.273
 107.6953           574.437      10.228
 107.7953           665.904      11.031
 107.8953           689.292      11.194
 107.9953           559.518      10.120
 108.0953           451.683       9.057
 108.1953           387.830       8.433
 108.2953           374.449       8.256
 108.3953           406.440       8.632
 108.4953           434.814       8.896
 108.5953           479.227       9.375
 108.6953           551.989      10.075
 108.7953           650.406      10.930
 108.8953           704.337      11.325
 108.9953           761.835      11.973
 109.0953           761.361      12.044
 109.1953           730.657      11.812
 109.2953           665.401      11.177
 109.3953           543.508       9.992
 109.4953           467.819       9.292
 109.5953           433.652       8.978
 109.6953           426.179       8.803
 109.7953           436.612       8.969
 109.8953           464.372       9.200
 109.9953           569.897      10.209
 110.0953           665.654      11.003
 110.1953           636.664      10.771
 110.2953           538.153       9.903
 110.3953           438.290       8.926
 110.4953           383.844       8.339
 110.5953           404.376       8.629
 110.6953           407.573       8.589
 110.7953           434.533       8.898
 110.8953           539.856       9.908
 110.9953           624.180      10.681
 111.0953           617.304      10.582
 111.1953           518.262       9.711
 111.2953           448.560       9.040
 111.3953           402.992       8.586
 111.4953           396.617       8.479
 111.5953           415.731       8.751
 111.6953           408.439       8.609
 111.7953           394.837       8.547
 111.8953           372.756       8.211
 111.9953           376.474       8.379
 112.0953           347.999       7.965
 112.1953           370.517       8.335
 112.2953           378.156       8.498
 112.3953           409.962       8.837
 112.4953           474.257       9.372
 112.5953           644.695      10.840
 112.6953           753.500      11.752
 112.7953           821.874      12.217
 112.8953           691.410      11.200
 112.9953           510.953       9.612
 113.0953           403.037       8.583
 113.1953           363.429       8.106
 113.2953           357.813       8.031
 113.3953           370.615       8.218
 113.4953           357.268       8.041
 113.5953           353.284       8.017
 113.6953           375.472       8.215
 113.7953           410.810       8.617
 113.8953           456.261       9.085
 113.9953           500.370       9.490
 114.0953           496.031       9.445
 114.1953           459.774       9.201
 114.2953           414.897       8.619
 114.3953           365.668       8.138
 114.4953           347.980       7.942
 114.5953           366.177       8.127
 114.6953           369.162       8.218
 114.7953           372.884       8.149
 114.8953           357.327       8.127
 114.9953           361.702       8.084
 115.0953           369.902       8.224
 115.1953           388.806       8.415
 115.2953           416.607       8.760
 115.3953           492.837       9.516
 115.4953           614.921      10.853
 115.5953           686.014      11.380
 115.6953           666.473      11.117
 115.7953           588.319      10.350
 115.8953           480.439       9.368
 115.9953           429.050       8.866
 116.0953           399.031       8.507
 116.1953           434.446       8.898
 116.2953           440.375       8.954
 116.3953           429.688       8.826
 116.4953           421.772       8.804
 116.5953           367.828       8.083
 116.6953           353.953       8.034
 116.7953           351.102       7.963
 116.8953           353.662       8.009
 116.9953           347.307       7.941
 117.0953           370.793       8.174
 117.1953           366.960       8.167
 117.2953           363.298       8.105
 117.3953           365.530       8.141
 117.4953           354.552       8.017
 117.5953           353.815       7.998
 117.6953           340.076       7.852
 117.7953           346.677       7.932
 117.8953           353.478       7.978
 117.9953           349.621       8.053
 118.0953           366.102       8.031
 118.1953           383.041       8.421
 118.2953           431.886       8.855
 118.3953           440.780       8.981
 118.4953           481.687       9.369
 118.5953           471.843       9.349
 118.6953           456.306       9.270
 118.7953           460.865       9.417
 118.8953           445.864       9.023
 118.9953           507.315       9.662
 119.0953           613.470      10.527
 119.1953           741.394      11.640
 119.2953           807.955      12.106
 119.3953           771.739      11.827
 119.4953           662.753      10.953
 119.5953           580.572      10.270
 119.6953           458.056       9.058
 119.7953           402.356       8.551
 119.8953           367.320       8.143
 119.9953           356.516       8.008
 120.0953           337.409       7.773
 120.1953           333.466       7.906
 120.2953           330.883       7.459
 120.3953           332.942       7.874
 120.4953           336.597       7.786
 120.5953           316.254       7.588
 120.6953           320.725       7.547
 120.7953           320.890       7.629
 120.8953           331.405       7.713
 120.9953           323.237       7.644
 121.0953           336.556       7.777
 121.1953           330.600       7.743
 121.2953           348.047       7.947
 121.3953           329.148       7.709
 121.4953           358.500       8.059
 121.5953           381.261       8.406
 121.6953           418.764       8.595
 121.7953           468.717       9.458
 121.8953           483.180       9.483
 121.9953           505.099       9.795
 122.0953           538.248       9.981
 122.1953           509.057       9.624
 122.2953           483.764       9.428
 122.3953           420.983       8.755
 122.4953           378.428       8.336
 122.5953           348.830       7.963
 122.6953           345.410       7.960
 122.7953           355.395       8.026
 122.8953           350.950       7.966
 122.9953           370.183       8.241
 123.0953           395.426       8.471
 123.1953           396.251       8.460
 123.2953           402.222       8.560
 123.3953           360.382       8.081
 123.4953           349.808       7.956
 123.5953           343.819       7.892
 123.6953           332.691       7.794
 123.7953           342.303       7.882
 123.8953           334.889       7.786
 123.9953           356.165       8.035
 124.0953           387.038       8.392
 124.1953           404.745       8.579
 124.2953           394.354       8.469
 124.3953           408.424       8.631
 124.4953           386.103       8.411
 124.5953           355.428       8.032
 124.6953           340.933       7.929
 124.7953           336.907       7.768
 124.8953           328.237       7.778
 124.9953           345.126       8.005
 125.0953           355.417       8.167
 125.1953           387.991       8.586
 125.2953           427.138       8.908
 125.3953           450.945       9.157
 125.4953           506.744       9.568
 125.5953           505.486       9.584
 125.6953           482.768       9.360
 125.7953           426.761       8.761
 125.8953           376.017       8.249
 125.9953           351.362       7.957
 126.0953           316.429       7.521
 126.1953           330.432       7.720
 126.2953           329.901       7.714
 126.3953           331.755       7.699
 126.4953           327.748       7.717
 126.5953           343.564       7.843
 126.6953           375.986       8.218
 126.7953           408.960       8.563
 126.8953           443.488       8.933
 126.9953           451.653       9.044
 127.0953           457.455       9.036
 127.1953           438.498       8.864
 127.2953           411.125       8.604
 127.3953           354.889       8.037
 127.4953           333.523       7.719
 127.5953           327.018       7.687
 127.6953           335.429       7.767
 127.7953           338.241       7.843
 127.8953           333.137       7.747
 127.9953           320.943       7.659
 128.0953           310.238       7.465
 128.1953           321.509       7.721
 128.2953           312.425       7.673
 128.3953           315.051       7.719
 128.4953           319.533       7.678
 128.5953           310.010       7.521
 128.6953           325.160       7.690
 128.7953           336.081       7.826
 128.8953           375.781       8.236
 128.9953           429.727       8.844
 129.0953           474.981       9.306
 129.1953           509.350       9.565
 129.2953           503.532       9.526
 129.3953           468.886       9.233
 129.4953           426.891       8.763
 129.5953           378.957       8.268
 129.6953           357.354       8.035
 129.7953           348.516       7.954
 129.8953           338.276       7.800
 129.9953           331.464       7.744
 130.0953           337.256       7.780
 130.1953           337.694       7.817
 130.2953           322.864       7.633
 130.3953           326.302       7.668
 130.4953           336.157       7.801
 130.5953           341.152       7.853
 130.6953           379.121       8.269
 130.7953           375.216       8.257
 130.8953           407.031       8.592
 130.9953           405.472       8.569
 131.0953           428.087       8.821
 131.1953           394.698       8.489
 131.2953           400.859       8.517
 131.3953           368.892       8.261
 131.4953           361.462       8.249
 131.5953           354.321       8.220
 131.6953           340.779       7.923
 131.7953           360.669       8.101
 131.8953           337.912       7.816
 131.9953           333.015       7.802
 132.0953           323.931       7.637
 132.1953           323.684       7.683
 132.2953           315.987       7.567
 132.3953           319.469       7.570
 132.4953           334.487       7.781
 132.5953           333.448       7.732
 132.6953           325.537       7.690
 132.7953           340.350       7.804
 132.8953           341.891       7.844
 132.9953           340.923       7.836
 133.0953           352.191       7.955
 133.1953           347.609       7.781
 133.2953           357.477       8.273
 133.3953           358.122       7.915
 133.4953           366.770       8.112
 133.5953           368.442       8.143
 133.6953           377.786       8.244
 133.7953           371.421       8.191
 133.8953           380.936       8.238
 133.9953           376.053       8.263
 134.0953           370.207       8.177
 134.1953           357.632       8.011
 134.2953           344.185       7.907
 134.3953           328.381       7.721
 134.4953           320.113       7.611
 134.5953           317.927       7.657
 134.6953           304.897       7.618
 134.7953           307.548       7.583
 134.8953           287.757       7.288
 134.9953           306.850       7.436
 135.0953           301.825       7.373
 135.1953           304.256       7.423
 135.2953           309.964       7.476
 135.3953           306.340       7.423
 135.4953           318.654       7.591
 135.5953           323.639       7.603
 135.6953           354.720       7.992
 135.7953           387.728       8.319
 135.8953           430.185       8.812
 135.9953           555.634       9.983
 136.0953           650.853      10.804
 136.1953           750.601      11.632
 136.2953           809.727      12.023
 136.3953           810.363      12.064
 136.4953           754.044      11.649
 136.5953           678.800      11.061
 136.6953           580.406      10.170
 136.7953           469.851       9.190
 136.8953           393.167       8.411
 136.9953           366.762       8.083
 137.0953           370.728       8.170
 137.1953           402.803       8.534
 137.2953           440.248       8.898
 137.3953           507.483       9.545
 137.4953           537.841       9.848
 137.5953           552.444       9.993
 137.6953           588.666      10.327
 137.7953           559.195      10.099
 137.8953           520.292       9.902
 137.9953           463.840       9.341
 138.0953           404.939       8.627
 138.1953           382.207       8.278
 138.2953           349.741       7.975
 138.3953           343.488       7.851
 138.4953           313.988       7.510
 138.5953           305.562       7.404
 138.6953           316.941       7.531
 138.7953           322.304       7.574
 138.8953           307.997       7.403
 138.9953           305.506       7.397
 139.0953           305.252       7.373
 139.1953           298.047       7.256
 139.2953           315.918       7.539
 139.3953           304.646       7.335
 139.4953           307.103       7.420
 139.5953           341.913       7.753
 139.6953           353.289       7.958
 139.7953           385.217       8.308
 139.8953           415.067       8.575
 139.9953           440.941       8.863
 140.0953           471.143       9.161
 140.1953           484.371       9.325
 140.2953           495.020       9.367
 140.3953           480.625       9.301
 140.4953           497.306       9.434
 140.5953           496.793       9.438
 140.6953           513.249       9.626
 140.7953           518.210       9.646
 140.8953           518.659       9.668
 140.9953           530.279       9.878
 141.0953           548.643      10.136
 141.1953           495.090       9.636
 141.2953           488.943       9.429
 141.3953           448.928       8.955
 141.4953           416.381       8.660
 141.5953           389.906       8.337
 141.6953           391.198       8.379
 141.7953           397.430       8.446
 141.8953           446.376       8.910
 141.9953           486.510       9.271
 142.0953           524.804       9.679
 142.1953           567.963      10.077
 142.2953           598.010      10.321
 142.3953           627.729      10.513
 142.4953           594.664      10.317
 142.5953           591.379      10.262
 142.6953           576.723      10.112
 142.7953           540.556       9.782
 142.8953           510.501       9.531
 142.9953           499.334       9.426
 143.0953           487.543       9.277
 143.1953           495.733       9.399
 143.2953           490.587       9.336
 143.3953           505.663       9.484
 143.4953           465.488       9.082
 143.5953           457.632       9.024
 143.6953           421.925       8.722
 143.7953           397.070       8.512
 143.8953           380.512       7.960
 143.9953           363.833       8.216
 144.0953           341.914       7.799
 144.1953           314.803       7.591
 144.2953           323.590       7.735
 144.3953           300.797       7.522
 144.4953           309.965       7.533
 144.5953           302.221       7.371
 144.6953           298.419       7.309
 144.7953           296.742       7.299
 144.8953           298.676       7.298
 144.9953           299.563       7.315
 145.0953           304.192       7.358
 145.1953           314.002       7.498
 145.2953           302.263       7.305
 145.3953           318.455       7.538
 145.4953           328.185       7.645
 145.5953           311.411       6.870
 145.6953           399.534      10.265
 145.7953           352.615       7.333
 145.8953           361.562       8.005
 145.9953           384.504       8.250
 146.0953           383.397       8.255
 146.1953           408.313       8.529
 146.2953           389.309       8.321
 146.3953           388.941       8.251
 146.4953           413.084       8.621
 146.5953           403.782       8.462
 146.6953           394.369       8.366
 146.7953           390.715       8.374
 146.8953           385.837       8.294
 146.9953           369.221       8.127
 147.0953           358.126       8.004
 147.1953           333.739       7.728
 147.2953           327.804       7.663
 147.3953           320.949       7.633
 147.4953           311.698       7.648
 147.5953           297.958       7.444
 147.6953           303.775       7.458
 147.7953           276.688       7.032
 147.8953           299.158       7.354
 147.9953           300.049       7.301
 148.0953           292.117       7.251
 148.1953           280.813       7.051
 148.2953           291.709       7.252
 148.3953           292.380       7.207
 148.4953           305.296       7.473
 148.5953           306.204       7.154
 148.6953           319.584       7.684
 148.7953           313.547       7.675
 148.8953           331.705       7.271
 148.9953           340.664       7.797
 149.0953           330.821       7.817
 149.1953           350.935       7.725
 149.2953           350.440       7.819
 149.3953           353.903       7.904
 149.4953           354.062       7.828
 149.5953           340.158       7.633
 149.6953           335.028       7.853
 149.7953           337.152       7.723
 149.8953           323.412       7.328
 149.9953           316.668       7.880
 150.0953           320.443       7.065
 150.1953           335.306       8.511
 150.2953           323.233       7.206
 150.3953           343.179       7.883
 150.4953           358.473       8.008
 150.5953           354.779       8.005
 150.6953           375.495       7.581
 150.7953             0.000       0.000
 150.8953             0.000       0.000
