XYDATA  Co2SiO4 8mmV 1.87A HiRes FullBeam 500K CF ROC 
INTER        1       1       0     0.100000
TEMP       332.266      339.202      339.607
! d20 23-Apr-08 09:22:09 User Sazono   L.C.Hansen  Run 594842*d20_2008_04_5880
! d20 23-Apr-08 09:22:09 User Sazono   L.C.Hansen  Run 594842*d20_2008_04_5880
! Monitor/counts, Counting time/sec:       100000.      62.5111
   0.0953          4088.742      27.965
   0.1953          4298.422      29.141
   0.2953          4279.466      29.341
   0.3953          4160.238      28.744
   0.4953          3835.561      27.398
   0.5953          3477.276      25.877
   0.6953          3065.475      24.229
   0.7953          2641.399      22.550
   0.8953          2278.406      20.875
   0.9953          1909.353      19.158
   1.0953          1658.503      17.799
   1.1953          1306.034      15.764
   1.2953          1027.820      14.010
   1.3953           771.629      12.128
   1.4953           564.844      10.370
   1.5953           417.444       8.892
   1.6953           361.787       8.322
   1.7953           347.524       8.151
   1.8953           314.532       7.725
   1.9953           312.558       7.704
   2.0953           300.530       7.575
   2.1953           291.136       7.450
   2.2953           286.285       7.365
   2.3953           281.794       7.320
   2.4953           269.952       7.194
   2.5953           266.423       7.075
   2.6953           276.025       7.297
   2.7953           272.993       7.202
   2.8953           237.439       6.743
   2.9953           248.440       6.890
   3.0953           241.293       6.803
   3.1953           233.690       6.691
   3.2953           230.807       6.641
   3.3953           239.871       6.831
   3.4953           241.363       6.947
   3.5953           237.985       6.896
   3.6953           237.830       6.812
   3.7953           252.393       6.973
   3.8953           259.359       7.051
   3.9953           281.178       7.346
   4.0953           327.482       7.885
   4.1953           361.444       8.358
   4.2953           402.195       8.737
   4.3953           462.798       9.375
   4.4953           487.439       9.617
   4.5953           548.708      10.258
   4.6953           597.404      10.616
   4.7953           632.513      10.959
   4.8953           702.920      11.559
   4.9953           672.047      11.334
   5.0953           692.650      11.452
   5.1953           700.831      11.517
   5.2953           694.071      11.517
   5.3953           718.227      11.679
   5.4953           702.835      11.528
   5.5953           703.611      11.572
   5.6953           685.190      11.433
   5.7953           714.957      11.686
   5.8953           689.028      11.399
   5.9953           694.531      11.551
   6.0953           712.012      11.664
   6.1953           697.096      11.573
   6.2953           705.021      11.606
   6.3953           683.127      11.420
   6.4953           679.610      11.458
   6.5953           670.106      11.348
   6.6953           647.579      11.366
   6.7953           662.464      11.506
   6.8953           661.441      11.349
   6.9953           658.563      11.202
   7.0953           657.319      11.204
   7.1953           656.325      11.229
   7.2953           628.510      10.910
   7.3953           644.043      11.116
   7.4953           625.320      10.909
   7.5953           643.997      11.044
   7.6953           625.379      10.890
   7.7953           601.184      10.684
   7.8953           619.685      10.833
   7.9953           615.265      10.748
   8.0953           612.491      10.811
   8.1953           618.406      10.814
   8.2953           616.466      10.792
   8.3953           594.959      10.611
   8.4953           602.490      10.691
   8.5953           594.920      10.595
   8.6953           595.521      10.601
   8.7953           570.727      10.377
   8.8953           593.885      10.600
   8.9953           570.751      10.391
   9.0953           599.395      10.638
   9.1953           573.274      10.446
   9.2953           563.052      10.351
   9.3953           586.550      10.509
   9.4953           581.680      10.543
   9.5953           567.440      10.381
   9.6953           564.331      10.373
   9.7953           583.402      10.646
   9.8953           550.910      10.475
   9.9953           573.121      10.670
  10.0953           557.436      10.364
  10.1953           550.182      10.224
  10.2953           565.229      10.379
  10.3953           565.115      10.349
  10.4953           557.548      10.271
  10.5953           531.453      10.008
  10.6953           546.769      10.188
  10.7953           551.281      10.152
  10.8953           567.783      10.322
  10.9953           542.483      10.086
  11.0953           541.377       9.998
  11.1953           541.406      10.055
  11.2953           539.258      10.633
  11.3953           533.162       9.803
  11.4953           527.296       9.895
  11.5953           533.568       9.972
  11.6953           539.470      10.095
  11.7953           516.541       9.843
  11.8953           524.446       9.932
  11.9953           500.190       9.695
  12.0953           511.393       9.833
  12.1953           519.960       9.888
  12.2953           528.933       9.950
  12.3953           527.225      10.025
  12.4953           514.459       9.862
  12.5953           523.221       9.932
  12.6953           512.983       9.850
  12.7953           512.371       9.908
  12.8953           526.129       9.927
  12.9953           517.650       9.962
  13.0953           520.188      10.297
  13.1953           535.184       9.981
  13.2953           509.046      10.075
  13.3953           519.525       9.930
  13.4953           520.459       9.968
  13.5953           526.908       9.956
  13.6953           506.667       9.829
  13.7953           501.813       9.704
  13.8953           506.388       9.826
  13.9953           523.128       9.874
  14.0953           515.474       9.920
  14.1953           501.032       9.600
  14.2953           502.220       9.787
  14.3953           522.238       9.882
  14.4953           498.616       9.680
  14.5953           509.424       9.855
  14.6953           485.935       9.528
  14.7953           498.330       9.659
  14.8953           501.492       9.698
  14.9953           487.683       9.611
  15.0953           491.527       9.764
  15.1953           507.072       9.459
  15.2953           493.950       9.820
  15.3953           515.893       9.847
  15.4953           500.326       9.685
  15.5953           489.289       9.614
  15.6953           503.948       9.786
  15.7953           486.016       9.546
  15.8953           493.550       9.721
  15.9953           513.286       9.853
  16.0953           500.526       9.788
  16.1953           504.574       9.824
  16.2953           500.112       9.939
  16.3953           500.775       9.990
  16.4953           492.033       9.738
  16.5953           498.884       9.717
  16.6953           493.868       9.717
  16.7953           491.773       9.661
  16.8953           501.809       9.768
  16.9953           476.536       9.485
  17.0953           491.144       9.653
  17.1953           492.372       9.651
  17.2953           503.707       9.732
  17.3953           496.165       9.693
  17.4953           494.445       9.667
  17.5953           493.155       9.591
  17.6953           491.867       9.657
  17.7953           494.257       9.660
  17.8953           502.140       9.696
  17.9953           470.385       9.396
  18.0953           490.299       9.627
  18.1953           503.365       9.734
  18.2953           498.919       9.696
  18.3953           480.194       9.491
  18.4953           492.494       9.660
  18.5953           506.976       9.741
  18.6953           506.451       9.761
  18.7953           489.920       9.634
  18.8953           489.258       9.619
  18.9953           495.752       9.652
  19.0953           490.682       9.653
  19.1953           493.467       9.678
  19.2953           476.224       9.521
  19.3953           493.408       9.690
  19.4953           465.406       9.633
  19.5953           476.113       9.660
  19.6953           485.466       9.619
  19.7953           479.293       9.548
  19.8953           490.527       9.637
  19.9953           465.782       9.380
  20.0953           478.802       9.500
  20.1953           477.581       9.329
  20.2953           499.226      10.072
  20.3953           474.657       9.381
  20.4953           486.855       9.333
  20.5953           495.277       9.781
  20.6953           493.447       9.587
  20.7953           520.646       9.880
  20.8953           521.405       9.880
  20.9953           533.333      10.040
  21.0953           545.627      10.087
  21.1953           553.866      10.194
  21.2953           538.995      10.044
  21.3953           537.868      10.058
  21.4953           521.041       9.891
  21.5953           496.289       9.639
  21.6953           484.969       9.583
  21.7953           475.862       9.407
  21.8953           469.829       9.415
  21.9953           487.349       9.556
  22.0953           483.856       9.550
  22.1953           473.323       9.476
  22.2953           474.332       9.456
  22.3953           478.183       9.531
  22.4953           467.847       9.427
  22.5953           465.185       9.423
  22.6953           465.323       9.595
  22.7953           475.315       9.670
  22.8953           460.616       9.369
  22.9953           450.408       9.196
  23.0953           465.347       9.377
  23.1953           451.519       9.230
  23.2953           470.438       9.381
  23.3953           465.182       9.345
  23.4953           458.064       9.306
  23.5953           469.789       9.318
  23.6953           465.651       9.334
  23.7953           449.165       9.159
  23.8953           456.444       9.231
  23.9953           461.275       9.251
  24.0953           461.762       9.297
  24.1953           466.622       9.342
  24.2953           471.144       9.336
  24.3953           475.213       9.418
  24.4953           469.263       9.333
  24.5953           473.257       9.443
  24.6953           482.290       9.446
  24.7953           504.748       9.669
  24.8953           497.871       9.671
  24.9953           526.981       9.889
  25.0953           559.329      10.210
  25.1953           549.351      10.133
  25.2953           544.079      10.096
  25.3953           512.724       9.792
  25.4953           487.049       9.561
  25.5953           462.663       9.326
  25.6953           451.449       9.198
  25.7953           455.866       9.337
  25.8953           456.223       9.439
  25.9953           461.449       9.513
  26.0953           463.743       9.373
  26.1953           468.183       9.377
  26.2953           458.575       9.255
  26.3953           478.929       9.510
  26.4953           484.270       9.494
  26.5953           491.009       9.551
  26.6953           476.422       9.457
  26.7953           520.239       9.846
  26.8953           513.390       9.788
  26.9953           499.627       9.614
  27.0953           492.108       9.599
  27.1953           510.201       9.731
  27.2953           501.817       9.668
  27.3953           549.357      10.123
  27.4953           571.085      10.304
  27.5953           677.553      11.220
  27.6953           773.007      12.034
  27.7953           856.411      12.608
  27.8953           907.377      13.025
  27.9953           918.295      13.009
  28.0953           794.177      12.207
  28.1953           679.222      11.267
  28.2953           561.993      10.203
  28.3953           505.655       9.746
  28.4953           500.528       9.652
  28.5953           471.201       9.388
  28.6953           495.740       9.659
  28.7953           509.848       9.803
  28.8953           523.848       9.946
  28.9953           538.220      10.062
  29.0953           583.326      10.666
  29.1953           606.698      10.855
  29.2953           577.506      10.530
  29.3953           561.927      10.299
  29.4953           518.189       9.887
  29.5953           467.899       9.358
  29.6953           467.277       9.340
  29.7953           465.185       9.354
  29.8953           458.456       9.289
  29.9953           471.904       9.375
  30.0953           478.816       9.473
  30.1953           445.777       9.136
  30.2953           457.342       9.255
  30.3953           480.492       9.447
  30.4953           463.051       9.332
  30.5953           461.979       9.305
  30.6953           478.729       9.456
  30.7953           475.944       9.412
  30.8953           484.943       9.518
  30.9953           509.701       9.793
  31.0953           549.262      10.102
  31.1953           547.010      10.111
  31.2953           525.039       9.937
  31.3953           500.543       9.665
  31.4953           479.377       9.473
  31.5953           471.680       9.398
  31.6953           452.688       9.248
  31.7953           455.964       9.236
  31.8953           450.092       9.214
  31.9953           446.700       9.149
  32.0953           455.799       9.283
  32.1953           458.200       9.353
  32.2953           434.309       9.234
  32.3953           433.766       9.179
  32.4953           439.205       9.120
  32.5953           435.517       9.034
  32.6953           438.296       9.066
  32.7953           441.204       9.061
  32.8953           433.841       9.025
  32.9953           437.559       8.999
  33.0953           444.227       9.138
  33.1953           419.926       8.812
  33.2953           436.207       9.027
  33.3953           432.617       8.938
  33.4953           443.510       9.082
  33.5953           438.972       9.006
  33.6953           443.223       9.055
  33.7953           449.419       9.176
  33.8953           440.246       9.000
  33.9953           444.899       9.074
  34.0953           459.147       9.235
  34.1953           433.362       8.972
  34.2953           444.308       9.098
  34.3953           428.244       8.828
  34.4953           446.121       9.170
  34.5953           462.749       9.215
  34.6953           428.712       8.965
  34.7953           458.376       9.234
  34.8953           470.023       9.345
  34.9953           456.535       9.203
  35.0953           458.808       9.279
  35.1953           463.947       9.307
  35.2953           450.303       9.201
  35.3953           445.374       9.225
  35.4953           456.919       9.422
  35.5953           468.165       9.544
  35.6953           454.765       9.304
  35.7953           457.000       9.237
  35.8953           470.934       9.402
  35.9953           496.077       9.600
  36.0953           503.855       9.704
  36.1953           539.339      10.008
  36.2953           545.367      10.120
  36.3953           565.522      10.240
  36.4953           562.155      10.252
  36.5953           535.607       9.932
  36.6953           518.834       9.835
  36.7953           477.693       9.388
  36.8953           475.704       9.406
  36.9953           459.790       9.246
  37.0953           435.985       8.986
  37.1953           436.397       8.964
  37.2953           449.876       9.162
  37.3953           452.878       9.153
  37.4953           445.325       9.066
  37.5953           456.536       9.222
  37.6953           458.121       9.216
  37.7953           469.310       9.349
  37.8953           446.596       9.084
  37.9953           460.879       9.262
  38.0953           447.282       9.130
  38.1953           476.084       9.430
  38.2953           449.728       9.133
  38.3953           454.647       9.238
  38.4953           451.324       9.152
  38.5953           459.754       9.357
  38.6953           463.315       9.497
  38.7953           469.863       9.575
  38.8953           469.606       9.430
  38.9953           486.391       9.583
  39.0953           543.603      10.096
  39.1953           604.791      10.602
  39.2953           649.857      11.019
  39.3953           694.154      11.355
  39.4953           681.911      11.293
  39.5953           608.996      10.617
  39.6953           525.354       9.888
  39.7953           489.738       9.521
  39.8953           467.503       9.331
  39.9953           479.318       9.404
  40.0953           465.220       9.290
  40.1953           457.799       9.255
  40.2953           473.075       9.346
  40.3953           471.253       9.336
  40.4953           454.599       9.209
  40.5953           460.870       9.253
  40.6953           468.343       9.315
  40.7953           463.753       9.294
  40.8953           456.611       9.229
  40.9953           456.853       9.209
  41.0953           446.431       9.084
  41.1953           451.776       9.210
  41.2953           453.175       9.186
  41.3953           461.705       9.275
  41.4953           460.952       9.313
  41.5953           472.964       9.401
  41.6953           456.965       9.245
  41.7953           475.365       9.540
  41.8953           483.727       9.874
  41.9953           496.299       9.548
  42.0953           549.837      10.391
  42.1953           640.753      10.947
  42.2953           763.499      12.051
  42.3953           890.833      12.897
  42.4953           950.679      13.378
  42.5953           924.706      13.066
  42.6953           829.271      12.522
  42.7953           714.818      11.541
  42.8953           645.992      10.936
  42.9953           573.118      10.381
  43.0953           514.723       9.766
  43.1953           518.523       9.804
  43.2953           545.296      10.110
  43.3953           580.457      10.359
  43.4953           628.407      10.823
  43.5953           658.943      11.069
  43.6953           633.437      10.820
  43.7953           570.647      10.302
  43.8953           518.876       9.841
  43.9953           485.932       9.475
  44.0953           508.155       9.713
  44.1953           471.792       9.419
  44.2953           514.111       9.758
  44.3953           548.858      10.148
  44.4953           647.356      10.985
  44.5953           766.975      11.909
  44.6953           799.681      12.288
  44.7953           776.774      12.071
  44.8953           676.509      11.272
  44.9953           575.402      10.460
  45.0953           500.658       9.903
  45.1953           454.446       9.389
  45.2953           465.559       9.362
  45.3953           468.135       9.350
  45.4953           454.679       9.184
  45.5953           452.658       9.190
  45.6953           463.732       9.267
  45.7953           482.678       9.446
  45.8953           557.878      10.189
  45.9953           650.526      10.946
  46.0953           787.531      12.038
  46.1953           927.937      13.090
  46.2953           932.712      13.132
  46.3953           835.951      12.394
  46.4953           641.489      10.882
  46.5953           527.274       9.859
  46.6953           474.567       9.348
  46.7953           455.033       9.172
  46.8953           457.459       9.175
  46.9953           462.434       9.205
  47.0953           475.580       9.378
  47.1953           513.420       9.731
  47.2953           565.025      10.218
  47.3953           607.126      10.575
  47.4953           657.074      11.027
  47.5953           640.158      10.842
  47.6953           578.473      10.368
  47.7953           537.907       9.968
  47.8953           505.681       9.691
  47.9953           497.306       9.637
  48.0953           570.722      10.269
  48.1953           794.156      12.297
  48.2953          1134.029      14.823
  48.3953          1656.932      17.976
  48.4953          2559.466      21.913
  48.5953          3271.959      24.741
  48.6953          3560.974      25.726
  48.7953          3330.966      24.966
  48.8953          2775.849      22.646
  48.9953          2118.091      19.815
  49.0953          1461.609      16.537
  49.1953           888.410      12.782
  49.2953           622.446      10.724
  49.3953           495.809       9.583
  49.4953           490.692       9.521
  49.5953           488.862       9.500
  49.6953           471.936       9.309
  49.7953           488.541       9.548
  49.8953           463.091       9.203
  49.9953           478.319       9.381
  50.0953           481.349       9.455
  50.1953           492.854       9.545
  50.2953           475.315       9.367
  50.3953           474.579       9.365
  50.4953           482.136       9.437
  50.5953           478.472       9.429
  50.6953           496.321       9.568
  50.7953           479.134       9.437
  50.8953           575.273      10.331
  50.9953           691.105      11.333
  51.0953           816.589      12.333
  51.1953           864.410      12.694
  51.2953           801.631      12.233
  51.3953           667.038      11.153
  51.4953           534.841      10.231
  51.5953           483.706       9.666
  51.6953           477.591       9.499
  51.7953           504.496       9.695
  51.8953           475.266       9.386
  51.9953           503.053       9.633
  52.0953           525.072       9.877
  52.1953           521.583       9.832
  52.2953           533.913       9.886
  52.3953           546.858      10.060
  52.4953           541.472       9.969
  52.5953           525.544       9.819
  52.6953           482.658       9.424
  52.7953           472.278       9.307
  52.8953           461.310       9.230
  52.9953           456.126       9.124
  53.0953           447.356       9.083
  53.1953           455.019       9.128
  53.2953           435.246       8.944
  53.3953           437.013       8.964
  53.4953           446.404       9.073
  53.5953           441.884       8.984
  53.6953           447.730       9.088
  53.7953           454.520       9.155
  53.8953           443.649       8.998
  53.9953           461.113       9.244
  54.0953           444.323       9.060
  54.1953           456.508       9.169
  54.2953           479.354       9.414
  54.3953           494.516       9.597
  54.4953           526.532       9.870
  54.5953           607.499      10.679
  54.6953           615.888      10.916
  54.7953           582.229      10.639
  54.8953           530.317       9.953
  54.9953           500.170       9.669
  55.0953           483.833       9.451
  55.1953           479.010       9.432
  55.2953           491.033       9.494
  55.3953           469.187       9.313
  55.4953           469.531       9.311
  55.5953           462.829       9.203
  55.6953           464.209       9.275
  55.7953           456.437       9.173
  55.8953           466.078       9.252
  55.9953           458.986       9.178
  56.0953           457.714       9.169
  56.1953           447.496       9.076
  56.2953           464.961       9.244
  56.3953           458.264       9.152
  56.4953           450.024       9.125
  56.5953           454.426       9.155
  56.6953           449.666       9.079
  56.7953           452.919       9.124
  56.8953           464.767       9.266
  56.9953           471.813       9.283
  57.0953           467.450       9.297
  57.1953           470.321       9.306
  57.2953           466.046       9.300
  57.3953           443.553       9.071
  57.4953           439.783       8.970
  57.5953           444.476       9.119
  57.6953           443.484       9.081
  57.7953           428.680       8.952
  57.8953           460.795       9.507
  57.9953           444.657       9.218
  58.0953           431.203       9.003
  58.1953           445.118       9.097
  58.2953           425.031       8.863
  58.3953           440.074       9.055
  58.4953           433.460       8.913
  58.5953           446.178       9.092
  58.6953           425.256       8.831
  58.7953           440.606       9.001
  58.8953           420.411       8.795
  58.9953           442.168       9.062
  59.0953           430.054       8.764
  59.1953           438.686       9.026
  59.2953           455.141       9.152
  59.3953           481.941       9.401
  59.4953           464.714       9.219
  59.5953           447.320       9.048
  59.6953           454.792       9.132
  59.7953           450.458       9.144
  59.8953           457.578       9.090
  59.9953           460.193       9.220
  60.0953           440.472       9.017
  60.1953           448.360       9.053
  60.2953           446.704       9.030
  60.3953           452.219       9.147
  60.4953           454.167       9.114
  60.5953           457.256       9.169
  60.6953           465.861       9.275
  60.7953           492.244       9.535
  60.8953           527.263       9.910
  60.9953           546.345      10.131
  61.0953           533.708      10.117
  61.1953           503.809       9.860
  61.2953           483.080       9.469
  61.3953           477.096       9.373
  61.4953           434.107       8.906
  61.5953           465.960       9.258
  61.6953           442.749       8.993
  61.7953           449.016       9.057
  61.8953           452.597       9.129
  61.9953           464.582       9.184
  62.0953           474.304       9.263
  62.1953           475.731       9.366
  62.2953           462.080       9.140
  62.3953           461.129       9.155
  62.4953           493.420       9.459
  62.5953           485.350       9.451
  62.6953           489.421       9.396
  62.7953           446.526       9.012
  62.8953           447.686       9.017
  62.9953           455.552       9.100
  63.0953           440.332       8.931
  63.1953           445.502       8.982
  63.2953           434.971       8.958
  63.3953           447.079       8.981
  63.4953           435.359       8.879
  63.5953           430.400       8.884
  63.6953           450.351       9.074
  63.7953           442.922       8.952
  63.8953           469.669       9.294
  63.9953           535.021       9.874
  64.0953           756.391      11.788
  64.1953          1203.552      14.924
  64.2953          1835.470      18.443
  64.3953          2240.451      21.163
  64.4953          2166.141      19.798
  64.5953          1847.992      18.596
  64.6953           857.096      12.002
  64.7953           783.585      11.546
  64.8953           596.537      11.480
  64.9953           601.848      12.184
  65.0953           627.581      10.951
  65.1953           729.878      10.645
  65.2953           734.675      11.478
  65.3953           626.088      10.647
  65.4953           542.251       9.953
  65.5953           466.060       9.165
  65.6953           459.925       9.197
  65.7953           442.368       8.979
  65.8953           447.458       9.014
  65.9953           453.696       9.099
  66.0953           460.864       9.199
  66.1953           462.912       9.181
  66.2953           468.223       9.240
  66.3953           457.566       9.129
  66.4953           452.950       9.164
  66.5953           446.056       8.982
  66.6953           427.296       8.852
  66.7953           459.830       9.210
  66.8953           448.830       9.097
  66.9953           436.624       8.926
  67.0953           447.677       9.097
  67.1953           449.927       9.090
  67.2953           468.011       9.330
  67.3953           493.766       9.588
  67.4953           585.287      10.626
  67.5953           652.657      11.172
  67.6953           679.188      11.211
  67.7953           646.734      10.904
  67.8953           526.064       9.815
  67.9953           458.901       9.163
  68.0953           452.761       9.055
  68.1953           431.460       8.853
  68.2953           439.072       8.963
  68.3953           425.080       8.756
  68.4953           450.577       9.037
  68.5953           451.631       9.038
  68.6953           448.778       9.015
  68.7953           509.561       9.592
  68.8953           585.699      10.253
  68.9953           741.111      11.623
  69.0953           851.545      12.322
  69.1953           875.076      12.582
  69.2953           706.283      11.317
  69.3953           549.503       9.998
  69.4953           496.321       9.413
  69.5953           472.343       9.255
  69.6953           458.338       9.103
  69.7953           442.546       8.946
  69.8953           438.094       8.876
  69.9953           447.093       9.023
  70.0953           482.571       9.383
  70.1953           509.764       9.601
  70.2953           544.197       9.977
  70.3953           542.409       9.953
  70.4953           520.210       9.719
  70.5953           496.440       9.593
  70.6953           507.055       9.828
  70.7953           542.272      10.124
  70.8953           555.254      10.111
  70.9953           522.559       9.768
  71.0953           484.512       9.430
  71.1953           444.362       8.961
  71.2953           440.581       8.952
  71.3953           442.461       8.954
  71.4953           442.668       8.954
  71.5953           442.534       8.948
  71.6953           434.365       8.846
  71.7953           433.000       8.837
  71.8953           438.925       8.924
  71.9953           429.245       8.799
  72.0953           434.392       8.880
  72.1953           446.043       8.964
  72.2953           451.648       9.024
  72.3953           491.541       9.404
  72.4953           576.036      10.191
  72.5953           661.421      10.992
  72.6953           724.389      11.371
  72.7953           685.961      11.086
  72.8953           643.947      10.762
  72.9953           527.947       9.679
  73.0953           534.602       9.810
  73.1953           454.396       8.908
  73.2953           429.733       8.589
  73.3953           459.315       7.859
  73.4953           506.502      18.218
  73.5953           531.934       9.405
  73.6953           640.843      10.016
  73.7953           603.338       9.617
  73.8953           527.307      13.253
  73.9953           486.253       9.107
  74.0953           454.093       9.113
  74.1953           421.879       8.744
  74.2953           435.410       8.893
  74.3953           428.826       8.842
  74.4953           414.465       8.646
  74.5953           433.144       8.920
  74.6953           445.588       9.002
  74.7953           442.392       8.974
  74.8953           466.315       9.161
  74.9953           436.179       8.928
  75.0953           430.002       8.848
  75.1953           441.278       8.930
  75.2953           420.518       8.736
  75.3953           423.873       8.793
  75.4953           436.113       8.874
  75.5953           437.625       8.900
  75.6953           462.921       9.173
  75.7953           480.949       9.337
  75.8953           531.180       9.818
  75.9953           569.601      10.183
  76.0953           604.575      10.460
  76.1953           635.883      10.781
  76.2953           744.137      11.571
  76.3953           859.934      12.550
  76.4953           832.577      12.294
  76.5953           765.552      11.790
  76.6953           656.160      10.973
  76.7953           658.099      10.977
  76.8953           853.064      12.515
  76.9953          1357.276      15.874
  77.0953          1923.752      19.185
  77.1953          2045.184      19.804
  77.2953          1583.185      17.181
  77.3953           972.763      13.391
  77.4953           793.590      12.070
  77.5953          1137.861      14.526
  77.6953          1848.380      18.299
  77.7953          2429.137      21.095
  77.8953          2231.735      20.249
  77.9953          1447.105      16.256
  78.0953           756.825      11.730
  78.1953           517.227       9.745
  78.2953           456.014       9.117
  78.3953           439.416       8.953
  78.4953           445.524       9.016
  78.5953           451.353       9.091
  78.6953           463.346       9.194
  78.7953           493.429       9.487
  78.8953           553.084      10.079
  78.9953           589.591      10.385
  79.0953           589.419      10.382
  79.1953           510.230       9.642
  79.2953           455.075       9.147
  79.3953           448.135       9.041
  79.4953           415.965       8.672
  79.5953           427.264       8.880
  79.6953           436.628       8.950
  79.7953           415.516       8.717
  79.8953           431.689       8.936
  79.9953           419.623       8.794
  80.0953           438.833       9.007
  80.1953           434.463       9.014
  80.2953           434.946       9.182
  80.3953           424.617       8.970
  80.4953           400.812       8.656
  80.5953           406.733       8.640
  80.6953           441.668       9.040
  80.7953           462.964       9.201
  80.8953           504.100       9.623
  80.9953           503.077       9.557
  81.0953           484.613       9.421
  81.1953           467.212       9.216
  81.2953           444.361       9.016
  81.3953           432.772       8.843
  81.4953           448.164       9.038
  81.5953           454.749       9.095
  81.6953           462.136       9.164
  81.7953           459.676       9.162
  81.8953           478.019       9.296
  81.9953           462.782       9.154
  82.0953           462.581       9.180
  82.1953           479.326       9.366
  82.2953           483.450       9.340
  82.3953           490.330       9.435
  82.4953           470.674       9.274
  82.5953           469.958       9.242
  82.6953           437.848       8.880
  82.7953           413.745       8.736
  82.8953           436.411       8.919
  82.9953           422.426       8.770
  83.0953           451.320       9.094
  83.1953           532.998       9.896
  83.2953           694.198      11.293
  83.3953           852.477      12.564
  83.4953           886.260      13.045
  83.5953           749.874      11.953
  83.6953           611.112      10.680
  83.7953           526.593       9.818
  83.8953           488.769       9.500
  83.9953           470.527       9.291
  84.0953           524.381       9.799
  84.1953           585.518      10.333
  84.2953           612.699      10.595
  84.3953           558.094      10.032
  84.4953           477.624       9.351
  84.5953           425.799       8.804
  84.6953           418.386       8.713
  84.7953           423.136       8.762
  84.8953           449.801       9.166
  84.9953           439.002       8.735
  85.0953           437.343       9.008
  85.1953           439.684       8.919
  85.2953           404.940       8.581
  85.3953           418.602       8.747
  85.4953           421.840       8.747
  85.5953           433.646       8.852
  85.6953           427.123       8.826
  85.7953           436.615       8.909
  85.8953           436.628       8.898
  85.9953           429.834       8.907
  86.0953           446.335       8.973
  86.1953           436.100       8.960
  86.2953           432.228       8.858
  86.3953           451.338       9.104
  86.4953           422.452       8.867
  86.5953           444.061       9.023
  86.6953           545.149      10.217
  86.7953           704.357      11.630
  86.8953          1304.063      15.571
  86.9953          2265.128      20.387
  87.0953          2955.613      23.284
  87.1953          2838.428      22.793
  87.2953          2145.511      19.744
  87.3953          1438.316      16.213
  87.4953           851.376      12.478
  87.5953           543.670       9.918
  87.6953           451.721       9.049
  87.7953           426.825       8.824
  87.8953           422.905       8.765
  87.9953           415.645       8.657
  88.0953           432.092       8.870
  88.1953           433.241       8.882
  88.2953           432.454       8.833
  88.3953           423.703       8.757
  88.4953           415.816       8.703
  88.5953           423.560       8.769
  88.6953           428.444       8.808
  88.7953           429.784       8.858
  88.8953           446.358       8.978
  88.9953           400.563       8.558
  89.0953           425.844       8.771
  89.1953           420.341       8.786
  89.2953           428.805       8.812
  89.3953           418.149       8.736
  89.4953           427.982       8.864
  89.5953           444.096       8.972
  89.6953           447.764       9.091
  89.7953           490.019       9.497
  89.8953           609.039      10.773
  89.9953           785.986      12.253
  90.0953           833.737      12.436
  90.1953           723.733      11.539
  90.2953           542.598       9.973
  90.3953           449.265       9.040
  90.4953           420.010       8.688
  90.5953           409.126       8.633
  90.6953           404.844       8.563
  90.7953           418.307       8.713
  90.8953           418.421       8.694
  90.9953           396.426       8.473
  91.0953           414.572       8.694
  91.1953           414.646       8.627
  91.2953           404.742       8.581
  91.3953           428.251       8.780
  91.4953           502.160       9.557
  91.5953           671.713      11.024
  91.6953           881.888      12.646
  91.7953           937.809      13.074
  91.8953           788.618      11.869
  91.9953           547.037       9.994
  92.0953           475.529       9.260
  92.1953           472.978       9.278
  92.2953           480.048       9.315
  92.3953           456.111       9.130
  92.4953           439.565       8.954
  92.5953           400.346       8.528
  92.6953           423.443       8.778
  92.7953           401.549       8.600
  92.8953           415.077       8.704
  92.9953           428.043       8.929
  93.0953           450.328       9.282
  93.1953           478.665       9.566
  93.2953           450.019       9.209
  93.3953           437.300       8.985
  93.4953           400.240       8.590
  93.5953           410.186       8.688
  93.6953           406.913       8.654
  93.7953           401.289       8.581
  93.8953           391.115       8.484
  93.9953           394.598       8.516
  94.0953           410.815       8.640
  94.1953           406.914       8.636
  94.2953           436.682       8.949
  94.3953           465.365       9.201
  94.4953           546.542      10.002
  94.5953           607.007      10.540
  94.6953           679.256      11.150
  94.7953           625.793      10.679
  94.8953           527.227       9.831
  94.9953           477.769       9.388
  95.0953           518.188       9.676
  95.1953           687.992      11.297
  95.2953           912.882      12.905
  95.3953           969.344      13.323
  95.4953           825.566      12.292
  95.5953           676.768      11.153
  95.6953           661.283      11.029
  95.7953           677.885      11.162
  95.8953           691.236      11.200
  95.9953           684.476      11.381
  96.0953           617.102      10.588
  96.1953           551.978      10.183
  96.2953           499.609       9.796
  96.3953           583.348      10.547
  96.4953           814.618      12.378
  96.5953          1210.625      14.947
  96.6953          1427.482      16.262
  96.7953          1197.446      14.910
  96.8953           777.401      11.923
  96.9953           595.463      10.476
  97.0953           639.036      10.856
  97.1953           701.604      11.287
  97.2953           666.460      11.074
  97.3953           645.025      10.884
  97.4953           701.424      11.344
  97.5953           651.613      10.907
  97.6953           553.044      10.065
  97.7953           463.300       9.207
  97.8953           438.769       8.949
  97.9953           453.191       9.089
  98.0953           492.655       9.501
  98.1953           539.911       9.964
  98.2953           621.286      10.607
  98.3953           641.327      10.868
  98.4953           593.569      10.460
  98.5953           548.146       9.968
  98.6953           543.699       9.968
  98.7953           567.296      10.230
  98.8953           595.174      10.471
  98.9953           516.810       9.723
  99.0953           478.578       9.407
  99.1953           454.453       9.120
  99.2953           464.469       9.310
  99.3953           447.165       9.118
  99.4953           411.615       8.921
  99.5953           398.744       8.722
  99.6953           409.525       8.749
  99.7953           397.315       8.517
  99.8953           402.206       8.585
  99.9953           422.397       8.796
 100.0953           432.396       8.876
 100.1953           492.883       9.470
 100.2953           525.769       9.804
 100.3953           528.125       9.772
 100.4953           492.077       9.460
 100.5953           440.578       8.941
 100.6953           401.507       8.537
 100.7953           415.471       8.667
 100.8953           393.786       8.453
 100.9953           426.361       8.782
 101.0953           425.299       8.783
 101.1953           406.472       8.569
 101.2953           384.331       8.353
 101.3953           397.456       8.489
 101.4953           397.344       8.485
 101.5953           401.695       8.564
 101.6953           398.888       8.500
 101.7953           401.676       8.523
 101.8953           400.499       8.552
 101.9953           393.021       8.451
 102.0953           384.112       8.368
 102.1953           411.535       8.641
 102.2953           385.101       8.400
 102.3953           396.605       8.516
 102.4953           412.265       8.649
 102.5953           453.322       9.179
 102.6953           566.864      10.386
 102.8953           903.388      13.015
 102.9953           829.638      12.358
 103.0953           610.727      10.603
 103.1953           508.596       9.679
 103.2953           443.985       8.999
 103.3953           423.166       8.810
 103.4953           405.984       8.613
 103.5953           426.840       8.790
 103.6953           417.140       8.717
 103.7953           428.156       8.838
 103.8953           428.401       8.830
 103.9953           398.569       8.519
 104.0953           421.631       8.756
 104.1953           395.030       8.504
 104.2953           422.000       8.746
 104.3953           419.775       8.743
 104.4953           406.995       8.603
 104.5953           393.966       8.475
 104.6953           395.778       8.477
 104.7953           394.126       8.482
 104.8953           392.977       8.465
 104.9953           393.767       8.492
 105.0953           401.496       8.517
 105.1953           408.563       8.683
 105.2953           424.407       8.792
 105.3953           441.997       9.009
 105.4953           424.514       8.823
 105.5953           482.881       9.407
 105.6953           600.693      10.458
 105.7953           693.241      11.372
 105.8953           721.320      11.866
 105.9953           713.466      11.416
 106.0953           786.394      12.247
 106.1953           754.760      11.752
 106.2953           626.945      10.773
 106.3953           512.269       9.648
 106.4953           483.037       9.398
 106.5953           591.878      10.384
 106.6953           680.734      11.157
 106.7953           685.809      11.136
 106.8953           632.872      10.557
 106.9953           532.632      10.222
 107.0953           478.925       9.153
 107.1953           420.465       8.711
 107.2953           411.475       8.679
 107.3953           382.760       8.307
 107.4953           386.515       8.379
 107.5953           439.556       8.922
 107.6953           580.170      10.267
 107.7953           668.526      11.040
 107.8953           695.285      11.229
 107.9953           558.015      10.094
 108.0953           454.967       9.079
 108.1953           388.196       8.427
 108.2953           389.918       8.415
 108.3953           384.804       8.389
 108.4953           435.604       8.894
 108.5953           475.351       9.326
 108.6953           525.180       9.815
 108.7953           628.526      10.732
 108.8953           712.305      11.375
 108.9953           747.082      11.842
 109.0953           760.135      12.020
 109.1953           742.464      11.894
 109.2953           657.835      11.100
 109.3953           538.743       9.936
 109.4953           482.002       9.420
 109.5953           456.747       9.203
 109.6953           433.521       8.868
 109.7953           435.949       8.951
 109.8953           466.732       9.212
 109.9953           533.873       9.870
 110.0953           622.158      10.625
 110.1953           665.347      10.998
 110.2953           567.074      10.154
 110.3953           448.142       9.015
 110.4953           402.645       8.530
 110.5953           387.432       8.436
 110.6953           395.593       8.451
 110.7953           453.147       9.076
 110.8953           517.351       9.687
 110.9953           626.355      10.687
 111.0953           611.141      10.517
 111.1953           543.554       9.934
 111.2953           452.229       9.066
 111.3953           410.075       8.651
 111.4953           380.665       8.297
 111.5953           385.151       8.413
 111.6953           406.208       8.575
 111.7953           385.410       8.434
 111.8953           384.152       8.326
 111.9953           359.207       8.174
 112.0953           366.102       8.160
 112.1953           355.418       8.154
 112.2953           371.926       8.418
 112.3953           384.086       8.544
 112.4953           457.059       9.189
 112.5953           570.053      10.181
 112.6953           755.197      11.751
 112.7953           800.365      12.041
 112.8953           720.375      11.419
 112.9953           554.677      10.003
 113.0953           415.951       8.709
 113.1953           370.512       8.175
 113.2953           362.007       8.069
 113.3953           353.918       8.021
 113.4953           353.173       7.986
 113.5953           359.532       8.078
 113.6953           378.533       8.239
 113.7953           389.817       8.384
 113.8953           452.115       9.033
 113.9953           498.830       9.464
 114.0953           490.553       9.382
 114.1953           447.479       9.066
 114.2953           403.016       8.485
 114.3953           380.352       8.290
 114.4953           377.913       8.266
 114.5953           370.894       8.170
 114.6953           364.639       8.158
 114.7953           366.672       8.071
 114.8953           352.055       8.058
 114.9953           368.783       8.153
 115.0953           366.474       8.176
 115.1953           369.530       8.194
 115.2953           387.867       8.442
 115.3953           473.152       9.313
 115.4953           600.471      10.712
 115.5953           689.859      11.398
 115.6953           700.801      11.386
 115.7953           608.373      10.513
 115.8953           513.762       9.676
 115.9953           429.501       8.860
 116.0953           400.805       8.516
 116.1953           407.958       8.612
 116.2953           417.169       8.704
 116.3953           424.150       8.759
 116.4953           430.131       8.880
 116.5953           379.902       8.205
 116.6953           370.592       8.211
 116.7953           338.375       7.808
 116.8953           360.793       8.080
 116.9953           340.326       7.851
 117.0953           358.049       8.022
 117.1953           362.103       8.103
 117.2953           369.841       8.168
 117.3953           351.094       7.969
 117.4953           342.317       7.868
 117.5953           348.107       7.924
 117.6953           349.226       7.947
 117.7953           349.120       7.951
 117.8953           350.128       7.931
 117.9953           348.981       8.036
 118.0953           374.382       8.112
 118.1953           394.702       8.538
 118.2953           394.267       8.450
 118.3953           419.104       8.747
 118.4953           443.445       8.979
 118.5953           468.511       9.305
 118.6953           451.470       9.210
 118.7953           452.479       9.320
 118.8953           443.536       8.988
 118.9953           494.549       9.528
 119.0953           593.635      10.343
 119.1953           715.574      11.422
 119.2953           780.345      11.884
 119.3953           801.930      12.042
 119.4953           661.731      10.932
 119.5953           584.821      10.295
 119.6953           460.551       9.072
 119.7953           407.392       8.594
 119.8953           375.281       8.221
 119.9953           342.747       7.843
 120.0953           356.991       7.987
 120.1953           333.241       7.894
 120.2953           341.010       7.563
 120.3953           337.918       7.923
 120.4953           326.814       7.663
 120.5953           321.141       7.638
 120.6953           319.614       7.525
 120.7953           325.203       7.672
 120.8953           331.878       7.710
 120.9953           338.896       7.818
 121.0953           324.641       7.629
 121.1953           336.879       7.807
 121.2953           331.287       7.744
 121.3953           349.277       7.932
 121.4953           341.200       7.853
 121.5953           381.286       8.397
 121.6953           427.458       8.673
 121.7953           451.420       9.271
 121.8953           475.167       9.393
 121.9953           516.609       9.895
 122.0953           514.442       9.746
 122.1953           527.647       9.786
 122.2953           490.691       9.484
 122.3953           432.347       8.862
 122.4953           388.531       8.436
 122.5953           360.345       8.084
 122.6953           334.158       7.820
 122.7953           337.553       7.812
 122.8953           336.045       7.786
 122.9953           360.337       8.121
 123.0953           381.633       8.312
 123.1953           395.677       8.444
 123.2953           382.000       8.332
 123.3953           361.521       8.084
 123.4953           345.550       7.898
 123.5953           350.963       7.964
 123.6953           329.536       7.748
 123.7953           326.821       7.693
 123.8953           323.258       7.641
 123.9953           356.048       8.024
 124.0953           370.505       8.201
 124.1953           398.527       8.502
 124.2953           383.619       8.343
 124.3953           387.069       8.393
 124.4953           368.730       8.210
 124.5953           346.798       7.925
 124.6953           341.232       7.923
 124.7953           330.928       7.690
 124.8953           351.930       8.044
 124.9953           333.008       7.853
 125.0953           337.721       7.951
 125.1953           367.352       8.345
 125.2953           389.599       8.498
 125.3953           450.066       9.138
 125.4953           470.211       9.206
 125.5953           503.749       9.556
 125.6953           482.534       9.347
 125.7953           437.600       8.861
 125.8953           392.107       8.413
 125.9953           367.439       8.127
 126.0953           326.390       7.630
 126.1953           334.153       7.754
 126.2953           323.901       7.634
 126.3953           341.137       7.798
 126.4953           337.674       7.823
 126.5953           344.540       7.845
 126.6953           359.858       8.031
 126.7953           415.868       8.625
 126.8953           431.309       8.799
 126.9953           449.141       9.008
 127.0953           462.075       9.071
 127.1953           442.829       8.898
 127.2953           403.685       8.516
 127.3953           389.293       8.407
 127.4953           350.389       7.902
 127.5953           332.017       7.736
 127.6953           327.456       7.665
 127.7953           312.393       7.528
 127.8953           329.294       7.693
 127.9953           333.321       7.796
 128.0953           317.934       7.548
 128.1953           320.010       7.694
 128.2953           307.738       7.606
 128.3953           323.369       7.811
 128.4953           306.809       7.515
 128.5953           318.021       7.609
 128.6953           342.364       7.881
 128.7953           345.112       7.922
 128.8953           365.346       8.111
 128.9953           417.269       8.704
 129.0953           464.215       9.189
 129.1953           512.988       9.587
 129.2953           501.624       9.497
 129.3953           476.308       9.295
 129.4953           432.168       8.807
 129.5953           387.604       8.352
 129.6953           354.166       7.990
 129.7953           350.411       7.966
 129.8953           338.196       7.790
 129.9953           340.434       7.839
 130.0953           342.551       7.832
 130.1953           324.613       7.655
 130.2953           331.290       7.723
 130.3953           348.733       7.918
 130.4953           322.354       7.630
 130.5953           327.535       7.686
 130.6953           357.164       8.017
 130.7953           378.683       8.285
 130.8953           382.173       8.316
 130.9953           409.396       8.600
 131.0953           407.302       8.594
 131.1953           404.700       8.585
 131.2953           390.340       8.395
 131.3953           386.487       8.446
 131.4953           362.676       8.253
 131.5953           340.921       8.054
 131.6953           337.769       7.879
 131.7953           325.852       7.691
 131.8953           334.408       7.766
 131.9953           319.823       7.637
 132.0953           312.742       7.495
 132.1953           310.360       7.514
 132.2953           323.742       7.650
 132.3953           313.165       7.486
 132.4953           322.497       7.631
 132.5953           323.177       7.603
 132.6953           315.702       7.564
 132.7953           338.832       7.777
 132.8953           334.259       7.746
 132.9953           351.444       7.946
 133.0953           354.050       7.967
 133.1953           355.306       7.857
 133.2953           359.691       8.289
 133.3953           369.151       8.027
 133.4953           366.084       8.095
 133.5953           355.177       7.986
 133.6953           367.378       8.120
 133.7953           370.365       8.170
 133.8953           392.130       8.349
 133.9953           396.733       8.478
 134.0953           370.235       8.167
 134.1953           371.296       8.153
 134.2953           346.999       7.929
 134.3953           335.035       7.789
 134.4953           325.680       7.668
 134.5953           311.102       7.565
 134.6953           301.327       7.564
 134.7953           307.196       7.570
 134.8953           308.083       7.532
 134.9953           278.967       7.081
 135.0953           302.910       7.377
 135.1953           295.764       7.310
 135.2953           313.733       7.513
 135.3953           310.645       7.466
 135.4953           303.822       7.404
 135.5953           330.720       7.677
 135.6953           340.583       7.822
 135.7953           357.414       7.978
 135.8953           411.333       8.607
 135.9953           519.779       9.644
 136.0953           641.800      10.716
 136.1953           714.473      11.335
 136.2953           775.219      11.750
 136.3953           825.656      12.163
 136.4953           790.874      11.916
 136.5953           711.193      11.309
 136.6953           620.473      10.503
 136.7953           500.674       9.475
 136.8953           413.970       8.621
 136.9953           352.029       7.909
 137.0953           367.158       8.121
 137.1953           401.672       8.512
 137.2953           440.824       8.893
 137.3953           503.061       9.492
 137.4953           530.094       9.765
 137.5953           585.237      10.274
 137.6953           566.845      10.122
 137.7953           551.687      10.019
 137.8953           526.211       9.946
 137.9953           497.100       9.658
 138.0953           426.365       8.842
 138.1953           373.969       8.178
 138.2953           368.885       8.181
 138.3953           344.290       7.851
 138.4953           311.274       7.469
 138.5953           309.497       7.443
 138.6953           303.867       7.366
 138.7953           306.088       7.372
 138.8953           299.633       7.293
 138.9953           301.210       7.336
 139.0953           319.464       7.534
 139.1953           307.572       7.363
 139.2953           313.376       7.500
 139.3953           310.450       7.396
 139.4953           306.021       7.398
 139.5953           322.507       7.521
 139.6953           350.845       7.921
 139.7953           369.644       8.128
 139.8953           415.855       8.573
 139.9953           442.923       8.873
 140.0953           463.276       9.073
 140.1953           476.061       9.234
 140.2953           478.817       9.201
 140.3953           498.534       9.462
 140.4953           490.596       9.359
 140.5953           475.939       9.226
 140.6953           508.975       9.574
 140.7953           499.784       9.462
 140.8953           532.903       9.788
 140.9953           532.883       9.890
 141.0953           535.576      10.002
 141.1953           510.579       9.774
 141.2953           502.851       9.551
 141.3953           492.620       9.370
 141.4953           427.801       8.767
 141.5953           423.863       8.683
 141.6953           390.095       8.357
 141.7953           390.580       8.363
 141.8953           424.024       8.673
 141.9953           474.784       9.147
 142.0953           496.844       9.406
 142.1953           552.350       9.925
 142.2953           585.577      10.201
 142.3953           635.561      10.566
 142.4953           588.259      10.250
 142.5953           597.092      10.299
 142.6953           567.224      10.016
 142.7953           543.166       9.794
 142.8953           527.942       9.681
 142.9953           503.661       9.456
 143.0953           490.973       9.298
 143.1953           484.071       9.277
 143.2953           491.380       9.333
 143.3953           482.814       9.256
 143.4953           485.965       9.269
 143.5953           465.253       9.088
 143.6953           435.866       8.855
 143.7953           410.157       8.641
 143.8953           404.877       8.202
 143.9953           357.419       8.134
 144.0953           335.248       7.713
 144.1953           342.378       7.907
 144.2953           315.813       7.633
 144.3953           302.904       7.540
 144.4953           311.426       7.542
 144.5953           290.560       7.219
 144.6953           298.251       7.298
 144.7953           300.701       7.339
 144.8953           297.616       7.276
 144.9953           301.530       7.330
 145.0953           298.677       7.283
 145.1953           298.965       7.307
 145.2953           305.075       7.330
 145.3953           325.362       7.610
 145.4953           313.902       7.468
 145.5953           308.559       6.830
 145.6953           381.742      10.022
 145.7953           344.324       7.238
 145.8953           366.193       8.047
 145.9953           374.055       8.128
 146.0953           369.364       8.093
 146.1953           386.191       8.285
 146.2953           393.716       8.358
 146.3953           392.915       8.283
 146.4953           410.134       8.580
 146.5953           400.528       8.418
 146.6953           401.942       8.436
 146.7953           398.213       8.444
 146.8953           389.020       8.319
 146.9953           370.492       8.131
 147.0953           351.388       7.919
 147.1953           342.776       7.823
 147.2953           341.514       7.812
 147.3953           326.171       7.686
 147.4953           315.271       7.683
 147.5953           295.398       7.403
 147.6953           304.337       7.456
 147.7953           299.232       7.305
 147.8953           297.730       7.327
 147.9953           289.942       7.168
 148.0953           298.795       7.325
 148.1953           296.942       7.242
 148.2953           291.021       7.235
 148.3953           287.612       7.139
 148.4953           297.272       7.365
 148.5953           306.483       7.149
 148.6953           286.560       7.267
 148.7953           316.370       7.700
 148.8953           324.400       7.182
 148.9953           345.560       7.844
 149.0953           336.309       7.872
 149.1953           336.022       7.550
 149.2953           351.354       7.819
 149.3953           344.611       7.790
 149.4953           334.918       7.604
 149.5953           336.962       7.588
 149.6953           329.092       7.774
 149.7953           330.883       7.641
 149.8953           314.197       7.214
 149.9953           316.704       7.871
 150.0953           313.468       6.980
 150.1953           295.909       7.986
 150.2953           320.867       7.171
 150.3953           346.527       7.912
 150.4953           341.915       7.811
 150.5953           373.235       8.201
 150.6953           367.886       7.495
 150.7953             0.000       0.000
 150.8953             0.000       0.000
