XYDATA  Co2SiO4 8mmV 1.87A HiRes FullBeam 500K CF ROC 
INTER        1       1       0     0.100000
TEMP       233.158      240.936      240.907
! d20 23-Apr-08 09:22:09 User Sazono   L.C.Hansen  Run 594842*d20_2008_04_5880
! d20 23-Apr-08 09:22:09 User Sazono   L.C.Hansen  Run 594842*d20_2008_04_5880
! Monitor/counts, Counting time/sec:       100000.      62.5111
   0.0953          4132.363      28.105
   0.1953          4287.950      29.097
   0.2953          4275.697      29.319
   0.3953          4165.885      28.755
   0.4953          3854.975      27.459
   0.5953          3484.239      25.895
   0.6953          3090.817      24.321
   0.7953          2656.556      22.608
   0.8953          2256.206      20.767
   0.9953          1954.704      19.378
   1.0953          1634.025      17.662
   1.1953          1342.148      15.976
   1.2953          1040.949      14.095
   1.3953           774.788      12.149
   1.4953           541.857      10.153
   1.5953           420.982       8.927
   1.6953           369.227       8.405
   1.7953           348.271       8.157
   1.8953           323.829       7.836
   1.9953           310.662       7.678
   2.0953           303.787       7.614
   2.1953           292.296       7.463
   2.2953           287.250       7.375
   2.3953           272.308       7.193
   2.4953           264.421       7.118
   2.5953           258.559       6.968
   2.6953           253.290       6.987
   2.7953           263.710       7.076
   2.8953           253.002       6.958
   2.9953           233.956       6.684
   3.0953           254.386       6.983
   3.1953           238.531       6.758
   3.2953           240.224       6.773
   3.3953           229.025       6.673
   3.4953           232.018       6.809
   3.5953           246.237       7.012
   3.6953           237.882       6.811
   3.7953           237.597       6.764
   3.8953           273.200       7.235
   3.9953           289.839       7.456
   4.0953           309.251       7.660
   4.1953           357.169       8.306
   4.2953           387.531       8.574
   4.3953           430.623       9.040
   4.4953           490.941       9.649
   4.5953           540.710      10.180
   4.6953           594.972      10.591
   4.7953           615.050      10.804
   4.8953           664.685      11.237
   4.9953           699.351      11.558
   5.0953           683.717      11.375
   5.1953           704.763      11.546
   5.2953           702.252      11.581
   5.3953           685.713      11.408
   5.4953           713.945      11.615
   5.5953           675.793      11.337
   5.6953           705.756      11.599
   5.7953           691.615      11.490
   5.8953           697.852      11.468
   5.9953           682.015      11.443
   6.0953           664.783      11.268
   6.1953           690.916      11.518
   6.2953           666.017      11.277
   6.3953           660.959      11.230
   6.4953           684.803      11.498
   6.5953           662.212      11.278
   6.6953           685.883      11.694
   6.7953           651.679      11.408
   6.8953           642.747      11.184
   6.9953           649.405      11.121
   7.0953           662.653      11.246
   7.1953           618.286      10.896
   7.2953           638.734      10.995
   7.3953           623.327      10.932
   7.4953           638.073      11.016
   7.5953           639.825      11.005
   7.6953           626.900      10.900
   7.7953           624.553      10.887
   7.8953           596.973      10.630
   7.9953           622.029      10.804
   8.0953           626.431      10.930
   8.1953           592.701      10.584
   8.2953           607.598      10.711
   8.3953           596.873      10.625
   8.4953           607.250      10.730
   8.5953           577.587      10.436
   8.6953           595.919      10.601
   8.7953           586.984      10.521
   8.8953           582.370      10.494
   8.9953           573.814      10.416
   9.0953           585.259      10.508
   9.1953           576.356      10.471
   9.2953           579.455      10.497
   9.3953           564.927      10.311
   9.4953           577.892      10.505
   9.5953           564.062      10.347
   9.6953           564.756      10.373
   9.7953           557.415      10.403
   9.8953           551.177      10.474
   9.9953           577.942      10.712
  10.0953           537.646      10.175
  10.1953           559.539      10.307
  10.2953           570.987      10.428
  10.3953           558.903      10.288
  10.4953           551.729      10.214
  10.5953           533.961      10.028
  10.6953           551.756      10.232
  10.7953           547.026      10.109
  10.8953           537.242      10.037
  10.9953           540.846      10.068
  11.0953           531.639       9.905
  11.1953           567.594      10.293
  11.2953           523.213      10.471
  11.3953           533.924       9.807
  11.4953           526.238       9.882
  11.5953           501.574       9.665
  11.6953           506.477       9.778
  11.7953           533.859      10.004
  11.8953           519.243       9.880
  11.9953           519.428       9.876
  12.0953           525.452       9.964
  12.1953           512.880       9.818
  12.2953           514.208       9.807
  12.3953           501.183       9.771
  12.4953           518.310       9.896
  12.5953           529.505       9.989
  12.6953           504.922       9.770
  12.7953           527.773      10.053
  12.8953           510.084       9.771
  12.9953           507.756       9.864
  13.0953           507.649      10.169
  13.1953           527.233       9.904
  13.2953           518.908      10.169
  13.3953           472.719       9.470
  13.4953           497.433       9.742
  13.5953           511.359       9.805
  13.6953           510.748       9.866
  13.7953           507.516       9.756
  13.8953           513.518       9.892
  13.9953           503.251       9.681
  14.0953           506.003       9.826
  14.1953           498.893       9.576
  14.2953           496.961       9.733
  14.3953           504.914       9.713
  14.4953           498.129       9.673
  14.5953           513.503       9.892
  14.6953           508.805       9.747
  14.7953           517.309       9.838
  14.8953           519.941       9.872
  14.9953           497.048       9.700
  15.0953           499.572       9.841
  15.1953           482.073       9.220
  15.2953           486.627       9.744
  15.3953           506.941       9.758
  15.4953           492.718       9.608
  15.5953           488.619       9.605
  15.6953           499.657       9.741
  15.7953           490.787       9.590
  15.8953           498.806       9.769
  15.9953           488.965       9.613
  16.0953           493.337       9.714
  16.1953           486.678       9.645
  16.2953           494.480       9.880
  16.3953           490.513       9.884
  16.4953           494.243       9.757
  16.5953           487.043       9.598
  16.6953           487.264       9.649
  16.7953           479.523       9.537
  16.8953           504.360       9.790
  16.9953           496.826       9.682
  17.0953           466.004       9.399
  17.1953           476.380       9.490
  17.2953           485.172       9.548
  17.3953           481.668       9.548
  17.4953           479.787       9.520
  17.5953           485.774       9.516
  17.6953           465.601       9.393
  17.7953           479.049       9.507
  17.8953           502.026       9.692
  17.9953           480.425       9.493
  18.0953           492.085       9.641
  18.1953           487.255       9.574
  18.2953           510.865       9.808
  18.3953           491.721       9.601
  18.4953           486.705       9.601
  18.5953           484.033       9.515
  18.6953           491.665       9.615
  18.7953           492.278       9.654
  18.8953           502.012       9.741
  18.9953           497.710       9.668
  19.0953           478.997       9.534
  19.1953           485.392       9.595
  19.2953           489.831       9.653
  19.3953           491.591       9.669
  19.4953           484.466       9.826
  19.5953           483.275       9.730
  19.6953           476.410       9.526
  19.7953           471.210       9.464
  19.8953           462.599       9.355
  19.9953           464.936       9.368
  20.0953           472.862       9.438
  20.1953           472.923       9.280
  20.2953           485.113       9.925
  20.3953           482.343       9.454
  20.4953           488.710       9.348
  20.5953           481.462       9.641
  20.6953           479.556       9.449
  20.7953           481.909       9.502
  20.8953           512.109       9.789
  20.9953           515.442       9.867
  21.0953           539.149      10.024
  21.1953           546.032      10.119
  21.2953           540.918      10.058
  21.3953           524.949       9.933
  21.4953           525.046       9.926
  21.5953           471.099       9.388
  21.6953           487.518       9.605
  21.7953           493.611       9.578
  21.8953           485.394       9.567
  21.9953           484.059       9.521
  22.0953           475.086       9.460
  22.1953           497.128       9.708
  22.2953           487.808       9.587
  22.3953           500.879       9.752
  22.4953           486.938       9.615
  22.5953           462.044       9.389
  22.6953           469.198       9.632
  22.7953           466.769       9.580
  22.8953           445.478       9.211
  22.9953           468.909       9.380
  23.0953           451.090       9.229
  23.1953           457.663       9.290
  23.2953           458.001       9.253
  23.3953           463.026       9.320
  23.4953           454.010       9.262
  23.5953           459.715       9.215
  23.6953           460.696       9.281
  23.7953           452.070       9.186
  23.8953           452.625       9.190
  23.9953           462.298       9.259
  24.0953           458.491       9.261
  24.1953           455.497       9.227
  24.2953           461.984       9.242
  24.3953           477.914       9.442
  24.4953           473.622       9.374
  24.5953           456.775       9.274
  24.6953           470.164       9.323
  24.7953           490.371       9.528
  24.8953           494.567       9.636
  24.9953           514.422       9.767
  25.0953           515.393       9.798
  25.1953           529.774       9.948
  25.2953           523.337       9.899
  25.3953           508.678       9.750
  25.4953           467.430       9.364
  25.5953           468.212       9.379
  25.6953           457.736       9.259
  25.7953           455.020       9.325
  25.8953           460.050       9.476
  25.9953           449.801       9.389
  26.0953           462.707       9.360
  26.1953           453.633       9.227
  26.2953           470.253       9.370
  26.3953           461.272       9.331
  26.4953           468.908       9.339
  26.5953           483.657       9.476
  26.6953           480.078       9.490
  26.7953           513.221       9.776
  26.8953           502.821       9.684
  26.9953           501.547       9.629
  27.0953           498.741       9.661
  27.1953           491.340       9.546
  27.2953           520.885       9.847
  27.3953           531.871       9.958
  27.4953           564.238      10.239
  27.5953           640.932      10.909
  27.6953           722.352      11.630
  27.7953           821.759      12.346
  27.8953           901.600      12.980
  27.9953           891.771      12.816
  28.0953           822.396      12.418
  28.1953           673.210      11.214
  28.2953           560.731      10.188
  28.3953           507.230       9.758
  28.4953           481.991       9.469
  28.5953           474.472       9.418
  28.6953           485.658       9.558
  28.7953           481.465       9.523
  28.8953           493.138       9.647
  28.9953           532.256      10.003
  29.0953           565.234      10.496
  29.1953           589.055      10.692
  29.2953           595.778      10.692
  29.3953           558.194      10.262
  29.4953           521.084       9.911
  29.5953           473.981       9.416
  29.6953           463.450       9.299
  29.7953           438.576       9.080
  29.8953           428.075       8.973
  29.9953           455.423       9.207
  30.0953           447.614       9.156
  30.1953           450.002       9.176
  30.2953           453.136       9.209
  30.3953           445.851       9.097
  30.4953           470.483       9.404
  30.5953           469.948       9.382
  30.6953           471.346       9.380
  30.7953           481.986       9.469
  30.8953           491.189       9.576
  30.9953           496.792       9.665
  31.0953           520.697       9.833
  31.1953           525.757       9.909
  31.2953           519.460       9.881
  31.3953           492.780       9.587
  31.4953           468.985       9.367
  31.5953           451.741       9.194
  31.6953           439.949       9.114
  31.7953           430.437       8.971
  31.8953           436.809       9.075
  31.9953           434.630       9.022
  32.0953           430.009       9.013
  32.1953           427.002       9.026
  32.2953           429.730       9.183
  32.3953           436.225       9.203
  32.4953           425.687       8.976
  32.5953           434.132       9.017
  32.6953           422.095       8.895
  32.7953           416.567       8.802
  32.8953           420.630       8.883
  32.9953           421.011       8.825
  33.0953           440.954       9.102
  33.1953           422.263       8.834
  33.2953           414.466       8.797
  33.3953           424.235       8.848
  33.4953           431.904       8.959
  33.5953           441.295       9.027
  33.6953           442.772       9.047
  33.7953           425.550       8.926
  33.8953           434.832       8.941
  33.9953           438.711       9.008
  34.0953           423.403       8.865
  34.1953           441.460       9.053
  34.2953           428.210       8.929
  34.3953           439.998       8.946
  34.4953           443.216       9.137
  34.5953           453.483       9.119
  34.6953           423.582       8.908
  34.7953           469.075       9.339
  34.8953           460.083       9.242
  34.9953           466.833       9.303
  35.0953           453.093       9.218
  35.1953           427.643       8.933
  35.2953           443.078       9.124
  35.3953           463.829       9.411
  35.4953           461.501       9.466
  35.5953           440.648       9.257
  35.6953           441.170       9.161
  35.7953           457.846       9.242
  35.8953           449.259       9.180
  35.9953           486.306       9.503
  36.0953           484.868       9.516
  36.1953           524.533       9.867
  36.2953           504.674       9.732
  36.3953           537.193       9.977
  36.4953           545.932      10.099
  36.5953           535.470       9.928
  36.6953           527.656       9.915
  36.7953           498.806       9.591
  36.8953           441.023       9.053
  36.9953           463.419       9.280
  37.0953           440.724       9.032
  37.1953           454.546       9.146
  37.2953           441.771       9.076
  37.3953           451.312       9.135
  37.4953           448.933       9.100
  37.5953           444.158       9.093
  37.6953           441.349       9.043
  37.7953           434.210       8.990
  37.8953           440.971       9.024
  37.9953           449.809       9.147
  38.0953           453.535       9.191
  38.1953           437.519       9.037
  38.2953           453.538       9.168
  38.3953           459.818       9.288
  38.4953           432.870       8.960
  38.5953           457.003       9.327
  38.6953           461.091       9.471
  38.7953           442.464       9.289
  38.8953           462.320       9.354
  38.9953           479.870       9.516
  39.0953           500.348       9.683
  39.1953           552.960      10.135
  39.2953           625.746      10.810
  39.3953           668.484      11.140
  39.4953           664.862      11.148
  39.5953           600.490      10.540
  39.6953           541.785      10.038
  39.7953           471.495       9.339
  39.8953           460.147       9.255
  39.9953           467.963       9.289
  40.0953           456.781       9.202
  40.1953           460.518       9.279
  40.2953           446.946       9.082
  40.3953           435.098       8.968
  40.4953           458.057       9.241
  40.5953           457.251       9.213
  40.6953           459.357       9.222
  40.7953           450.999       9.162
  40.8953           433.026       8.984
  40.9953           448.413       9.121
  41.0953           462.243       9.241
  41.1953           458.639       9.277
  41.2953           469.657       9.348
  41.3953           460.684       9.262
  41.4953           461.240       9.313
  41.5953           454.185       9.210
  41.6953           460.806       9.281
  41.7953           469.530       9.478
  41.8953           463.084       9.658
  41.9953           478.189       9.369
  42.0953           531.250      10.211
  42.1953           579.230      10.405
  42.2953           685.654      11.416
  42.3953           815.455      12.336
  42.4953           926.964      13.206
  42.5953           903.300      12.910
  42.6953           883.774      12.923
  42.7953           790.579      12.134
  42.8953           649.122      10.960
  42.9953           581.234      10.451
  43.0953           523.862       9.849
  43.1953           491.339       9.541
  43.2953           496.244       9.642
  43.3953           547.953      10.061
  43.4953           612.935      10.686
  43.5953           636.801      10.878
  43.6953           622.525      10.724
  43.7953           557.103      10.176
  43.8953           521.551       9.863
  43.9953           481.208       9.426
  44.0953           461.261       9.251
  44.1953           469.630       9.394
  44.2953           483.252       9.457
  44.3953           517.389       9.850
  44.4953           580.632      10.400
  44.5953           684.079      11.243
  44.6953           777.684      12.114
  44.7953           766.746      11.989
  44.8953           714.594      11.582
  44.9953           609.847      10.766
  45.0953           506.233       9.955
  45.1953           468.137       9.526
  45.2953           444.953       9.150
  45.3953           446.385       9.127
  45.4953           447.915       9.113
  45.5953           468.990       9.352
  45.6953           455.308       9.180
  45.7953           477.214       9.390
  45.8953           527.220       9.902
  45.9953           622.334      10.703
  46.0953           753.952      11.775
  46.1953           868.497      12.660
  46.2953           937.883      13.164
  46.3953           837.472      12.402
  46.4953           674.876      11.158
  46.5953           521.060       9.798
  46.6953           466.918       9.270
  46.7953           454.391       9.163
  46.8953           444.674       9.043
  46.9953           458.860       9.166
  47.0953           466.236       9.282
  47.1953           502.235       9.621
  47.2953           520.170       9.801
  47.3953           588.532      10.409
  47.4953           609.326      10.615
  47.5953           636.654      10.809
  47.6953           603.392      10.586
  47.7953           535.922       9.947
  47.8953           493.867       9.574
  47.9953           481.885       9.483
  48.0953           537.687       9.964
  48.1953           655.310      11.166
  48.2953           908.113      13.260
  48.3953          1332.354      16.115
  48.4953          2146.894      20.064
  48.5953          2942.233      23.454
  48.6953          3492.528      25.470
  48.7953          3500.095      25.584
  48.8953          2996.321      23.521
  48.9953          2342.123      20.831
  49.0953          1633.343      17.476
  49.1953          1031.630      13.770
  49.2953           673.236      11.150
  49.3953           522.547       9.835
  49.4953           487.812       9.490
  49.5953           481.186       9.422
  49.6953           466.145       9.249
  49.7953           462.316       9.285
  49.8953           469.945       9.268
  49.9953           463.503       9.231
  50.0953           485.517       9.493
  50.1953           454.855       9.167
  50.2953           467.464       9.286
  50.3953           461.176       9.229
  50.4953           459.685       9.212
  50.5953           476.142       9.403
  50.6953           485.513       9.460
  50.7953           484.236       9.484
  50.8953           520.589       9.824
  50.9953           656.324      11.040
  51.0953           738.828      11.727
  51.1953           846.563      12.559
  51.2953           813.841      12.322
  51.3953           699.262      11.416
  51.4953           561.130      10.476
  51.5953           491.335       9.739
  51.6953           463.705       9.357
  51.7953           442.357       9.075
  51.8953           483.321       9.462
  51.9953           478.961       9.397
  52.0953           504.324       9.677
  52.1953           514.043       9.758
  52.2953           502.302       9.586
  52.3953           513.043       9.741
  52.4953           528.303       9.844
  52.5953           511.842       9.687
  52.6953           490.832       9.501
  52.7953           465.761       9.240
  52.8953           442.016       9.032
  52.9953           433.954       8.897
  53.0953           450.960       9.116
  53.1953           430.032       8.871
  53.2953           439.763       8.988
  53.3953           429.215       8.881
  53.4953           430.835       8.910
  53.5953           433.766       8.899
  53.6953           448.937       9.098
  53.7953           451.483       9.121
  53.8953           435.355       8.911
  53.9953           429.522       8.919
  54.0953           430.572       8.916
  54.1953           445.556       9.055
  54.2953           450.973       9.128
  54.3953           476.715       9.420
  54.4953           513.824       9.747
  54.5953           550.644      10.164
  54.6953           587.664      10.660
  54.7953           588.100      10.689
  54.8953           553.717      10.167
  54.9953           497.815       9.643
  55.0953           506.982       9.671
  55.1953           475.010       9.390
  55.2953           462.476       9.211
  55.3953           459.850       9.217
  55.4953           463.528       9.248
  55.5953           472.249       9.294
  55.6953           449.109       9.120
  55.7953           455.427       9.160
  55.8953           436.239       8.948
  55.9953           433.940       8.921
  56.0953           440.178       8.989
  56.1953           443.363       9.031
  56.2953           445.758       9.048
  56.3953           443.186       8.998
  56.4953           456.230       9.185
  56.5953           435.715       8.961
  56.6953           450.863       9.088
  56.7953           455.956       9.152
  56.8953           445.651       9.070
  56.9953           459.660       9.160
  57.0953           480.851       9.427
  57.1953           450.155       9.102
  57.2953           460.200       9.239
  57.3953           456.085       9.196
  57.4953           447.567       9.046
  57.5953           444.771       9.119
  57.6953           445.449       9.098
  57.7953           427.488       8.937
  57.8953           424.235       9.120
  57.9953           435.411       9.119
  58.0953           418.353       8.865
  58.1953           425.704       8.894
  58.2953           432.167       8.934
  58.3953           409.074       8.727
  58.4953           420.556       8.777
  58.5953           436.092       8.986
  58.6953           427.568       8.852
  58.7953           432.987       8.920
  58.8953           424.206       8.832
  58.9953           417.951       8.807
  59.0953           418.904       8.647
  59.1953           443.808       9.076
  59.2953           453.948       9.138
  59.3953           464.051       9.222
  59.4953           459.133       9.161
  59.5953           436.621       8.937
  59.6953           464.237       9.224
  59.7953           441.281       9.047
  59.8953           425.529       8.763
  59.9953           439.969       9.013
  60.0953           443.715       9.048
  60.1953           436.761       8.932
  60.2953           453.372       9.095
  60.3953           441.773       9.038
  60.4953           436.705       8.935
  60.5953           434.740       8.938
  60.6953           420.538       8.809
  60.7953           455.939       9.174
  60.8953           496.038       9.609
  60.9953           528.925       9.966
  61.0953           530.512      10.084
  61.1953           519.905      10.013
  61.2953           481.121       9.446
  61.3953           463.003       9.231
  61.4953           428.184       8.842
  61.5953           436.622       8.959
  61.6953           440.110       8.963
  61.7953           433.771       8.899
  61.8953           436.310       8.960
  61.9953           457.951       9.115
  62.0953           453.041       9.050
  62.1953           455.905       9.166
  62.2953           462.165       9.138
  62.3953           461.035       9.151
  62.4953           461.942       9.150
  62.5953           496.652       9.558
  62.6953           480.651       9.309
  62.7953           452.987       9.074
  62.8953           430.712       8.842
  62.9953           425.836       8.796
  63.0953           437.352       8.898
  63.1953           414.816       8.665
  63.2953           427.702       8.880
  63.3953           425.526       8.759
  63.4953           430.934       8.831
  63.5953           424.092       8.816
  63.6953           431.801       8.883
  63.7953           448.265       9.003
  63.8953           445.671       9.050
  63.9953           497.718       9.521
  64.0953           613.786      10.616
  64.1953           903.002      12.922
  64.2953          1448.753      16.380
  64.3953          2067.085      20.321
  64.4953          2242.070      20.136
  64.5953          2154.170      20.071
  64.6953           762.004      11.313
  64.7953           933.277      12.597
  64.8953           652.506      12.003
  64.9953           577.566      11.932
  65.0953           569.700      10.431
  65.1953           637.408       9.945
  65.2953           727.961      11.422
  65.3953           690.692      11.180
  65.4953           580.648      10.297
  65.5953           495.331       9.446
  65.6953           448.066       9.075
  65.7953           447.935       9.033
  65.8953           437.204       8.908
  65.9953           451.417       9.074
  66.0953           446.819       9.055
  66.1953           441.333       8.962
  66.2953           444.062       8.995
  66.3953           436.895       8.918
  66.4953           450.084       9.132
  66.5953           465.682       9.175
  66.6953           434.925       8.928
  66.7953           434.843       8.953
  66.8953           425.516       8.855
  66.9953           454.423       9.103
  67.0953           442.049       9.036
  67.1953           438.641       8.972
  67.2953           448.762       9.134
  67.3953           472.622       9.378
  67.4953           516.665       9.980
  67.5953           619.767      10.883
  67.6953           663.981      11.082
  67.7953           668.951      11.086
  67.8953           559.982      10.123
  67.9953           476.920       9.339
  68.0953           436.918       8.893
  68.1953           428.840       8.824
  68.2953           436.614       8.935
  68.3953           437.087       8.876
  68.4953           436.173       8.889
  68.5953           434.905       8.866
  68.6953           417.366       8.691
  68.7953           467.916       9.189
  68.8953           518.954       9.648
  68.9953           665.781      11.013
  69.0953           814.855      12.050
  69.1953           852.127      12.412
  69.2953           730.331      11.504
  69.3953           602.455      10.465
  69.4953           507.090       9.512
  69.5953           476.229       9.290
  69.6953           460.414       9.121
  69.7953           430.890       8.825
  69.8953           452.755       9.021
  69.9953           448.464       9.035
  70.0953           442.882       8.986
  70.1953           487.764       9.389
  70.2953           529.607       9.840
  70.3953           540.259       9.930
  70.4953           521.896       9.732
  70.5953           497.255       9.598
  70.6953           492.849       9.686
  70.7953           537.790      10.079
  70.8953           535.780       9.929
  70.9953           519.508       9.736
  71.0953           464.038       9.226
  71.1953           462.344       9.138
  71.2953           433.406       8.877
  71.3953           416.472       8.684
  71.4953           412.523       8.641
  71.5953           441.003       8.930
  71.6953           427.981       8.778
  71.7953           438.691       8.892
  71.8953           428.503       8.815
  71.9953           406.447       8.559
  72.0953           415.075       8.678
  72.1953           405.971       8.549
  72.2953           435.334       8.857
  72.3953           450.594       9.001
  72.4953           483.227       9.331
  72.5953           587.618      10.357
  72.6953           675.596      10.978
  72.7953           712.771      11.297
  72.8953           667.657      10.956
  72.9953           552.114       9.896
  73.0953           538.961       9.847
  73.1953           463.203       8.991
  73.2953           428.960       8.579
  73.3953           430.543       7.606
  73.4953           455.054      17.261
  73.5953           502.358       9.137
  73.6953           585.693       9.572
  73.7953           630.559       9.829
  73.8953           549.643      13.527
  73.9953           524.668       9.457
  74.0953           446.508       9.034
  74.1953           437.390       8.900
  74.2953           427.885       8.813
  74.3953           405.965       8.601
  74.4953           409.709       8.594
  74.5953           418.926       8.770
  74.6953           425.864       8.798
  74.7953           431.570       8.861
  74.8953           437.786       8.874
  74.9953           437.562       8.939
  75.0953           426.650       8.810
  75.1953           430.174       8.814
  75.2953           413.914       8.665
  75.3953           426.354       8.816
  75.4953           428.991       8.799
  75.5953           428.677       8.806
  75.6953           425.029       8.786
  75.7953           455.830       9.088
  75.8953           480.062       9.331
  75.9953           503.380       9.570
  76.0953           541.079       9.892
  76.1953           609.555      10.552
  76.2953           676.786      11.031
  76.3953           812.548      12.196
  76.4953           880.351      12.639
  76.5953           847.502      12.402
  76.6953           704.193      11.364
  76.7953           585.399      10.350
  76.8953           642.948      10.862
  76.9953           851.918      12.572
  77.0953          1313.541      15.848
  77.1953          1912.282      19.144
  77.2953          2039.017      19.493
  77.3953          1569.013      17.002
  77.4953           971.666      13.352
  77.5953           905.480      12.954
  77.6953          1352.047      15.646
  77.7953          2098.291      19.600
  77.8953          2463.428      21.268
  77.9953          1995.422      19.083
  78.0953          1145.825      14.429
  78.1953           645.779      10.886
  78.2953           491.092       9.458
  78.3953           451.371       9.071
  78.4953           432.124       8.876
  78.5953           435.339       8.925
  78.6953           456.138       9.119
  78.7953           446.811       9.025
  78.8953           487.928       9.464
  78.9953           532.180       9.864
  79.0953           574.074      10.243
  79.1953           570.590      10.194
  79.2953           506.092       9.644
  79.3953           433.825       8.893
  79.4953           404.872       8.553
  79.5953           403.019       8.622
  79.6953           411.238       8.683
  79.7953           408.685       8.643
  79.8953           417.561       8.785
  79.9953           409.790       8.688
  80.0953           410.848       8.712
  80.1953           427.845       8.943
  80.2953           406.779       8.877
  80.3953           411.859       8.831
  80.4953           429.358       8.957
  80.5953           421.355       8.792
  80.6953           411.434       8.722
  80.7953           427.039       8.834
  80.8953           451.453       9.104
  80.9953           490.615       9.435
  81.0953           514.169       9.701
  81.1953           471.294       9.254
  81.2953           440.985       8.979
  81.3953           446.424       8.979
  81.4953           426.941       8.818
  81.5953           457.022       9.115
  81.6953           450.412       9.045
  81.7953           460.496       9.168
  81.8953           448.089       8.998
  81.9953           464.496       9.168
  82.0953           443.724       8.988
  82.1953           468.792       9.260
  82.2953           490.016       9.401
  82.3953           497.659       9.502
  82.4953           444.269       9.007
  82.5953           458.775       9.128
  82.6953           441.548       8.915
  82.7953           432.678       8.931
  82.8953           417.013       8.716
  82.9953           411.978       8.658
  83.0953           424.668       8.819
  83.1953           473.901       9.328
  83.2953           558.258      10.123
  83.3953           736.101      11.671
  83.4953           861.164      12.855
  83.5953           812.655      12.439
  83.6953           660.382      11.099
  83.7953           542.015       9.957
  83.8953           488.292       9.493
  83.9953           482.167       9.402
  84.0953           465.309       9.227
  84.1953           539.046       9.911
  84.2953           604.639      10.522
  84.3953           590.749      10.318
  84.4953           530.050       9.848
  84.5953           458.670       9.135
  84.6953           405.981       8.580
  84.7953           411.997       8.644
  84.8953           412.927       8.780
  84.9953           425.360       8.595
  85.0953           420.941       8.835
  85.1953           430.737       8.826
  85.2953           412.697       8.660
  85.3953           400.989       8.559
  85.4953           391.668       8.425
  85.5953           410.624       8.611
  85.6953           407.357       8.617
  85.7953           423.268       8.769
  85.8953           414.974       8.672
  85.9953           435.482       8.962
  86.0953           418.831       8.690
  86.1953           443.754       9.036
  86.2953           421.624       8.746
  86.3953           435.279       8.937
  86.4953           405.825       8.688
  86.5953           407.317       8.639
  86.6953           463.845       9.421
  86.7953           530.399      10.089
  86.8953           824.006      12.373
  86.9953          1556.985      16.897
  87.0953          2459.030      21.232
  87.1953          3038.868      23.577
  87.2953          2686.140      22.086
  87.3953          1957.160      18.907
  87.4953          1253.446      15.137
  87.5953           723.133      11.435
  87.6953           487.697       9.400
  87.7953           435.688       8.912
  87.8953           406.124       8.587
  87.9953           411.610       8.613
  88.0953           415.630       8.697
  88.1953           415.320       8.694
  88.2953           395.397       8.443
  88.3953           398.477       8.490
  88.4953           429.771       8.845
  88.5953           414.593       8.673
  88.6953           414.971       8.666
  88.7953           403.788       8.583
  88.8953           408.902       8.590
  88.9953           411.474       8.671
  89.0953           406.441       8.567
  89.1953           412.194       8.698
  89.2953           396.140       8.467
  89.3953           413.519       8.685
  89.4953           411.204       8.686
  89.5953           405.047       8.566
  89.6953           408.559       8.681
  89.7953           426.049       8.853
  89.8953           484.463       9.605
  89.9953           615.581      10.840
  90.0953           761.298      11.879
  90.1953           784.356      12.009
  90.2953           676.421      11.132
  90.3953           521.737       9.739
  90.4953           435.931       8.849
  90.5953           408.699       8.626
  90.6953           393.554       8.441
  90.7953           397.009       8.486
  90.8953           404.261       8.543
  90.9953           398.362       8.491
  91.0953           389.533       8.424
  91.1953           400.040       8.471
  91.2953           400.135       8.529
  91.3953           406.757       8.554
  91.4953           453.128       9.075
  91.5953           500.228       9.510
  91.6953           694.103      11.216
  91.7953           895.705      12.774
  91.8953           927.241      12.866
  91.9953           735.822      11.588
  92.0953           508.057       9.569
  92.1953           465.053       9.197
  92.2953           453.559       9.051
  92.3953           476.483       9.328
  92.4953           477.050       9.325
  92.5953           444.785       8.986
  92.6953           404.632       8.578
  92.7953           399.835       8.579
  92.8953           394.936       8.488
  92.9953           421.641       8.859
  93.0953           447.763       9.252
  93.1953           458.693       9.361
  93.2953           448.054       9.186
  93.3953           436.669       8.975
  93.4953           403.318       8.620
  93.5953           389.885       8.468
  93.6953           398.573       8.562
  93.7953           403.434       8.601
  93.8953           373.950       8.294
  93.9953           393.627       8.503
  94.0953           411.659       8.646
  94.1953           389.259       8.444
  94.2953           394.979       8.508
  94.3953           419.797       8.736
  94.4953           457.832       9.151
  94.5953           515.537       9.710
  94.6953           581.139      10.310
  94.7953           655.842      10.929
  94.8953           658.502      10.984
  94.9953           563.426      10.192
  95.0953           478.319       9.293
  95.1953           521.619       9.833
  95.2953           708.095      11.362
  95.3953           931.426      13.055
  95.4953           946.180      13.155
  95.5953           774.665      11.929
  95.6953           652.428      10.952
  95.7953           681.522      11.189
  95.8953           686.286      11.157
  95.9953           689.553      11.420
  96.0953           647.061      10.839
  96.1953           588.461      10.512
  96.2953           524.468      10.034
  96.3953           499.114       9.753
  96.4953           537.927      10.055
  96.5953           753.351      11.787
  96.6953          1102.192      14.285
  96.7953          1426.277      16.268
  96.8953          1285.143      15.327
  96.9953           864.655      12.620
  97.0953           644.369      10.898
  97.1953           643.282      10.804
  97.2953           672.315      11.119
  97.3953           657.124      10.983
  97.4953           655.701      10.965
  97.5953           693.567      11.250
  97.6953           648.678      10.898
  97.7953           538.028       9.919
  97.8953           449.273       9.053
  97.9953           430.137       8.852
  98.0953           419.092       8.760
  98.1953           463.843       9.233
  98.2953           518.092       9.683
  98.3953           598.042      10.492
  98.4953           617.355      10.665
  98.5953           586.054      10.304
  98.6953           544.835       9.976
  98.7953           522.139       9.812
  98.8953           571.062      10.253
  98.9953           586.915      10.359
  99.0953           535.050       9.944
  99.1953           462.050       9.193
  99.2953           441.802       9.077
  99.3953           439.275       9.035
  99.4953           448.291       9.307
  99.5953           396.406       8.694
  99.6953           392.274       8.560
  99.7953           387.584       8.410
  99.8953           393.538       8.489
  99.9953           384.783       8.393
 100.0953           401.531       8.551
 100.1953           437.654       8.921
 100.2953           463.862       9.206
 100.3953           524.374       9.734
 100.4953           489.964       9.436
 100.5953           447.208       9.006
 100.6953           396.730       8.483
 100.7953           380.696       8.294
 100.8953           396.090       8.476
 100.9953           417.063       8.683
 101.0953           408.543       8.605
 101.1953           410.745       8.612
 101.2953           395.899       8.475
 101.3953           395.043       8.461
 101.4953           380.621       8.302
 101.5953           370.237       8.219
 101.6953           389.774       8.400
 101.7953           388.054       8.375
 101.8953           400.990       8.555
 101.9953           384.792       8.359
 102.0953           370.940       8.221
 102.1953           367.565       8.164
 102.2953           375.162       8.288
 102.3953           395.453       8.501
 102.4953           385.530       8.361
 102.5953           397.674       8.594
 102.6953           452.383       9.275
 102.8953           786.078      12.137
 102.9953           895.200      12.833
 103.0953           773.763      11.931
 103.1953           579.379      10.328
 103.2953           457.762       9.135
 103.3953           414.660       8.719
 103.4953           410.125       8.654
 103.5953           409.753       8.610
 103.6953           387.021       8.394
 103.7953           421.880       8.770
 103.8953           412.678       8.664
 103.9953           432.920       8.876
 104.0953           414.289       8.676
 104.1953           392.597       8.475
 104.2953           399.817       8.511
 104.3953           396.399       8.494
 104.4953           403.297       8.561
 104.5953           396.100       8.495
 104.6953           379.748       8.301
 104.7953           390.057       8.436
 104.8953           387.090       8.399
 104.9953           380.346       8.344
 105.0953           377.227       8.253
 105.1953           379.166       8.362
 105.2953           378.441       8.300
 105.3953           414.009       8.716
 105.4953           437.644       8.956
 105.5953           427.077       8.844
 105.6953           474.369       9.291
 105.7953           560.228      10.220
 105.8953           679.321      11.512
 105.9953           645.660      10.856
 106.0953           699.552      11.547
 106.1953           700.899      11.321
 106.2953           730.936      11.629
 106.3953           700.178      11.277
 106.4953           597.723      10.451
 106.5953           506.838       9.606
 106.6953           507.594       9.631
 106.7953           609.303      10.493
 106.8953           679.318      10.934
 106.9953           639.404      11.197
 107.0953           604.200      10.278
 107.1953           487.874       9.380
 107.2953           441.426       8.986
 107.3953           392.987       8.415
 107.4953           397.362       8.493
 107.5953           376.821       8.258
 107.6953           424.695       8.781
 107.7953           554.038      10.047
 107.8953           654.260      10.889
 107.9953           674.146      11.092
 108.0953           580.053      10.249
 108.1953           467.532       9.246
 108.2953           400.580       8.527
 108.3953           384.025       8.378
 108.4953           393.588       8.451
 108.5953           410.309       8.662
 108.6953           446.374       9.046
 108.7953           520.985       9.768
 108.8953           611.453      10.536
 108.9953           701.975      11.475
 109.0953           770.891      12.101
 109.1953           743.352      11.897
 109.2953           744.139      11.803
 109.3953           662.995      11.019
 109.4953           554.054      10.097
 109.5953           459.254       9.226
 109.6953           431.266       8.842
 109.7953           421.723       8.801
 109.8953           407.192       8.602
 109.9953           426.660       8.820
 110.0953           489.194       9.418
 110.1953           601.343      10.452
 110.2953           642.166      10.802
 110.3953           603.814      10.462
 110.4953           483.716       9.347
 110.5953           404.650       8.619
 110.6953           383.260       8.316
 110.7953           392.177       8.440
 110.8953           436.701       8.897
 110.9953           524.080       9.772
 111.0953           597.930      10.399
 111.1953           628.352      10.678
 111.2953           540.823       9.912
 111.3953           454.899       9.109
 111.4953           402.315       8.527
 111.5953           384.369       8.402
 111.6953           372.843       8.213
 111.7953           391.824       8.502
 111.8953           388.973       8.375
 111.9953           373.686       8.335
 112.0953           348.243       7.956
 112.1953           356.141       8.160
 112.2953           342.745       8.079
 112.3953           351.552       8.171
 112.4953           379.762       8.373
 112.5953           413.014       8.663
 112.6953           529.363       9.835
 112.7953           678.192      11.081
 112.8953           768.073      11.787
 112.9953           739.547      11.547
 113.0953           578.519      10.269
 113.1953           448.388       8.991
 113.2953           373.118       8.189
 113.3953           366.793       8.163
 113.4953           354.948       8.003
 113.5953           354.235       8.016
 113.6953           360.198       8.034
 113.7953           369.032       8.155
 113.8953           411.243       8.613
 113.9953           405.719       8.532
 114.0953           472.679       9.206
 114.1953           493.126       9.515
 114.2953           454.573       9.009
 114.3953           410.477       8.610
 114.4953           373.529       8.216
 114.5953           349.440       7.927
 114.6953           345.260       7.935
 114.7953           353.841       7.926
 114.8953           351.107       8.044
 114.9953           357.749       8.028
 115.0953           363.154       8.137
 115.1953           361.135       8.098
 115.2953           360.996       8.142
 115.3953           389.292       8.445
 115.4953           457.773       9.350
 115.5953           568.011      10.339
 115.6953           634.541      10.831
 115.7953           661.219      10.957
 115.8953           593.807      10.400
 115.9953           501.789       9.574
 116.0953           449.414       9.015
 116.1953           409.895       8.630
 116.2953           417.827       8.709
 116.3953           427.513       8.791
 116.4953           416.858       8.740
 116.5953           410.147       8.523
 116.6953           386.924       8.388
 116.7953           362.495       8.079
 116.8953           330.906       7.735
 116.9953           346.099       7.915
 117.0953           334.650       7.753
 117.1953           353.002       7.998
 117.2953           352.121       7.968
 117.3953           354.320       8.003
 117.4953           360.194       8.068
 117.5953           350.063       7.944
 117.6953           347.570       7.926
 117.7953           343.841       7.888
 117.8953           339.320       7.805
 117.9953           340.076       7.930
 118.0953           346.214       7.798
 118.1953           352.360       8.065
 118.2953           368.861       8.171
 118.3953           371.949       8.237
 118.4953           424.638       8.784
 118.5953           441.253       9.028
 118.6953           459.089       9.284
 118.7953           462.189       9.417
 118.8953           459.479       9.146
 118.9953           425.428       8.834
 119.0953           452.752       9.030
 119.1953           542.191       9.939
 119.2953           651.436      10.854
 119.3953           765.119      11.759
 119.4953           786.452      11.915
 119.5953           770.176      11.811
 119.6953           608.221      10.423
 119.7953           507.213       9.587
 119.8953           435.375       8.852
 119.9953           356.717       7.998
 120.0953           351.775       7.926
 120.1953           333.228       7.892
 120.2953           328.227       7.418
 120.3953           299.449       7.456
 120.4953           327.337       7.667
 120.5953           323.855       7.667
 120.6953           316.056       7.481
 120.7953           309.988       7.488
 120.8953           315.919       7.520
 120.9953           314.707       7.532
 121.0953           306.880       7.415
 121.1953           315.511       7.553
 121.2953           314.796       7.547
 121.3953           315.566       7.537
 121.4953           333.768       7.764
 121.5953           338.349       7.907
 121.6953           354.184       7.892
 121.7953           380.527       8.509
 121.8953           412.505       8.749
 121.9953           442.407       9.153
 122.0953           473.336       9.346
 122.1953           500.474       9.528
 122.2953           508.723       9.654
 122.3953           500.380       9.531
 122.4953           461.196       9.189
 122.5953           417.793       8.702
 122.6953           368.726       8.212
 122.7953           346.209       7.909
 122.8953           342.697       7.860
 122.9953           342.921       7.919
 123.0953           350.632       7.965
 123.1953           372.740       8.193
 123.2953           396.853       8.490
 123.3953           384.259       8.332
 123.4953           373.505       8.209
 123.5953           375.329       8.234
 123.6953           349.922       7.982
 123.7953           336.946       7.809
 123.8953           333.177       7.755
 123.9953           332.691       7.754
 124.0953           353.040       8.003
 124.1953           360.564       8.085
 124.2953           375.225       8.249
 124.3953           370.825       8.212
 124.4953           386.789       8.406
 124.5953           372.123       8.207
 124.6953           353.168       8.058
 124.7953           344.309       7.841
 124.8953           332.230       7.813
 124.9953           321.696       7.717
 125.0953           325.351       7.802
 125.1953           327.519       7.877
 125.2953           332.101       7.843
 125.3953           356.128       8.125
 125.4953           372.808       8.194
 125.5953           405.948       8.575
 125.6953           465.772       9.181
 125.7953           510.707       9.570
 125.8953           476.709       9.274
 125.9953           443.072       8.922
 126.0953           391.647       8.356
 126.1953           355.005       7.990
 126.2953           334.863       7.760
 126.3953           322.041       7.574
 126.4953           311.735       7.514
 126.5953           312.543       7.469
 126.6953           321.116       7.584
 126.7953           329.241       7.671
 126.8953           359.448       8.029
 126.9953           406.965       8.572
 127.0953           452.897       8.978
 127.1953           452.216       8.989
 127.2953           433.620       8.824
 127.3953           415.747       8.686
 127.4953           385.465       8.286
 127.5953           344.074       7.873
 127.6953           329.952       7.692
 127.7953           329.984       7.735
 127.8953           317.953       7.557
 127.9953           295.743       7.341
 128.0953           312.726       7.484
 128.1953           306.315       7.525
 128.2953           298.718       7.491
 128.3953           301.668       7.542
 128.4953           322.269       7.699
 128.5953           326.204       7.704
 128.6953           310.410       7.502
 128.7953           326.542       7.703
 128.8953           323.538       7.630
 128.9953           347.486       7.941
 129.0953           388.464       8.403
 129.1953           442.102       8.897
 129.2953           487.483       9.359
 129.3953           514.467       9.657
 129.4953           471.027       9.192
 129.5953           456.103       9.057
 129.6953           398.829       8.476
 129.7953           363.058       8.106
 129.8953           358.266       8.015
 129.9953           330.483       7.721
 130.0953           316.742       7.529
 130.1953           311.962       7.502
 130.2953           326.950       7.670
 130.3953           333.965       7.746
 130.4953           333.899       7.763
 130.5953           326.978       7.677
 130.6953           312.151       7.492
 130.7953           328.431       7.713
 130.8953           346.120       7.911
 130.9953           357.307       8.032
 131.0953           377.503       8.271
 131.1953           396.263       8.493
 131.2953           403.826       8.536
 131.3953           390.316       8.485
 131.4953           376.732       8.409
 131.5953           366.780       8.351
 131.6953           350.062       8.018
 131.7953           338.364       7.835
 131.8953           347.374       7.913
 131.9953           326.378       7.712
 132.0953           326.207       7.653
 132.1953           322.181       7.654
 132.2953           318.487       7.585
 132.3953           317.451       7.535
 132.4953           305.511       7.425
 132.5953           326.560       7.640
 132.6953           324.031       7.661
 132.7953           308.640       7.420
 132.8953           328.315       7.675
 132.9953           331.471       7.715
 133.0953           319.601       7.567
 133.1953           338.590       7.668
 133.2953           349.544       8.169
 133.3953           339.088       7.691
 133.4953           354.946       7.969
 133.5953           359.632       8.034
 133.6953           341.496       7.826
 133.7953           359.330       8.045
 133.8953           371.278       8.121
 133.9953           359.364       8.066
 134.0953           355.782       8.004
 134.1953           367.494       8.109
 134.2953           365.997       8.141
 134.3953           340.086       7.846
 134.4953           335.413       7.779
 134.5953           316.618       7.630
 134.6953           313.299       7.711
 134.7953           314.659       7.659
 134.8953           309.556       7.548
 134.9953           289.765       7.215
 135.0953           292.308       7.245
 135.1953           294.142       7.288
 135.2953           293.217       7.260
 135.3953           310.817       7.466
 135.4953           298.588       7.337
 135.5953           296.846       7.270
 135.6953           305.174       7.402
 135.7953           325.148       7.607
 135.8953           332.399       7.734
 135.9953           348.816       7.897
 136.0953           399.588       8.452
 136.1953           479.446       9.282
 136.2953           577.150      10.135
 136.3953           666.649      10.926
 136.4953           772.094      11.770
 136.5953           814.848      12.101
 136.6953           814.183      12.028
 136.7953           734.156      11.471
 136.8953           651.007      10.808
 136.9953           543.364       9.824
 137.0953           448.300       8.971
 137.1953           393.136       8.418
 137.2953           369.346       8.138
 137.3953           390.856       8.364
 137.4953           428.173       8.773
 137.5953           509.342       9.581
 137.6953           516.631       9.660
 137.7953           542.444       9.932
 137.8953           555.969      10.221
 137.9953           556.651      10.218
 138.0953           508.252       9.652
 138.1953           483.543       9.297
 138.2953           418.557       8.712
 138.3953           382.395       8.272
 138.4953           381.334       8.265
 138.5953           340.100       7.800
 138.6953           335.999       7.743
 138.7953           305.905       7.367
 138.8953           293.241       7.213
 138.9953           296.384       7.274
 139.0953           286.760       7.136
 139.1953           300.514       7.276
 139.2953           292.908       7.248
 139.3953           283.484       7.065
 139.4953           300.114       7.324
 139.5953           293.379       7.171
 139.6953           299.855       7.320
 139.7953           314.375       7.494
 139.8953           330.789       7.643
 139.9953           364.113       8.042
 140.0953           394.775       8.373
 140.1953           419.908       8.669
 140.2953           444.236       8.860
 140.3953           470.406       9.188
 140.4953           467.099       9.129
 140.5953           468.144       9.148
 140.6953           439.167       8.891
 140.7953           441.638       8.892
 140.8953           447.924       8.971
 140.9953           447.413       9.059
 141.0953           477.733       9.444
 141.1953           486.518       9.538
 141.2953           527.215       9.777
 141.3953           523.863       9.660
 141.4953           516.287       9.629
 141.5953           516.796       9.585
 141.6953           467.190       9.143
 141.7953           436.185       8.836
 141.8953           411.176       8.538
 141.9953           414.064       8.540
 142.0953           412.156       8.564
 142.1953           431.845       8.773
 142.2953           484.135       9.273
 142.3953           564.058       9.951
 142.4953           545.773       9.869
 142.5953           592.649      10.258
 142.6953           582.621      10.148
 142.7953           576.029      10.083
 142.8953           565.072      10.013
 142.9953           534.242       9.736
 143.0953           520.433       9.571
 143.1953           495.867       9.386
 143.2953           478.149       9.204
 143.3953           464.430       9.075
 143.4953           472.242       9.134
 143.5953           468.524       9.117
 143.6953           490.281       9.389
 143.7953           481.445       9.359
 143.8953           470.080       8.835
 143.9953           428.646       8.905
 144.0953           414.549       8.575
 144.1953           382.708       8.357
 144.2953           363.585       8.188
 144.3953           332.751       7.900
 144.4953           319.094       7.632
 144.5953           315.138       7.516
 144.6953           313.432       7.480
 144.7953           313.057       7.486
 144.8953           291.211       7.195
 144.9953           289.766       7.184
 145.0953           297.611       7.267
 145.1953           279.498       7.063
 145.2953           281.113       7.034
 145.3953           306.479       7.383
 145.4953           293.463       7.218
 145.5953           298.851       6.720
 145.6953           357.307       9.692
 145.7953           313.692       6.906
 145.8953           325.133       7.580
 145.9953           340.986       7.758
 146.0953           350.349       7.879
 146.1953           355.395       7.945
 146.2953           361.193       8.003
 146.3953           359.855       7.925
 146.4953           393.378       8.400
 146.5953           373.756       8.129
 146.6953           415.156       8.571
 146.7953           397.079       8.429
 146.8953           398.213       8.414
 146.9953           378.300       8.214
 147.0953           399.358       8.440
 147.1953           396.125       8.407
 147.2953           384.553       8.288
 147.3953           353.322       7.997
 147.4953           347.284       8.061
 147.5953           328.250       7.802
 147.6953           324.067       7.692
 147.7953           319.738       7.549
 147.8953           303.683       7.398
 147.9953           306.428       7.367
 148.0953           290.356       7.218
 148.1953           291.111       7.169
 148.2953           286.889       7.181
 148.3953           284.959       7.104
 148.4953           283.772       7.194
 148.5953           277.620       6.802
 148.6953           286.204       7.260
 148.7953           290.129       7.372
 148.8953           288.907       6.776
 148.9953           305.477       7.372
 149.0953           328.000       7.772
 149.1953           311.058       7.261
 149.2953           330.263       7.579
 149.3953           337.537       7.707
 149.4953           329.193       7.536
 149.5953           338.639       7.605
 149.6953           352.401       8.042
 149.7953           329.979       7.629
 149.8953           326.265       7.349
 149.9953           310.059       7.786
 150.0953           317.942       7.027
 150.1953           305.000       8.105
 150.2953           328.688       7.256
 150.3953           312.537       7.512
 150.4953           301.918       7.338
 150.5953           291.742       7.248
 150.6953           307.966       6.856
 150.7953             0.000       0.000
 150.8953             0.000       0.000
