XYDATA  Co2SiO4 8mmV 1.87A HiRes FullBeam 500K CF ROC 
INTER        1       1       0     0.100000
TEMP       277.486      285.148      285.010
! d20 23-Apr-08 09:22:09 User Sazono   L.C.Hansen  Run 594842*d20_2008_04_5880
! d20 23-Apr-08 09:22:09 User Sazono   L.C.Hansen  Run 594842*d20_2008_04_5880
! Monitor/counts, Counting time/sec:       100000.      62.5111
   0.0953          4068.852      27.909
   0.1953          4258.167      29.017
   0.2953          4279.269      29.353
   0.3953          4111.686      28.588
   0.4953          3874.854      27.549
   0.5953          3473.092      25.873
   0.6953          3096.632      24.362
   0.7953          2636.316      22.538
   0.8953          2266.554      20.829
   0.9953          1946.182      19.350
   1.0953          1639.640      17.705
   1.1953          1318.188      15.844
   1.2953          1022.191      13.978
   1.3953           773.810      12.150
   1.4953           557.698      10.308
   1.5953           426.332       8.990
   1.6953           375.129       8.478
   1.7953           344.756       8.121
   1.8953           330.757       7.925
   1.9953           306.167       7.628
   2.0953           295.239       7.511
   2.1953           297.302       7.532
   2.2953           286.527       7.371
   2.3953           283.938       7.351
   2.4953           268.836       7.182
   2.5953           268.718       7.109
   2.6953           263.509       7.132
   2.7953           258.384       7.009
   2.8953           247.998       6.894
   2.9953           232.763       6.672
   3.0953           238.232       6.763
   3.1953           233.312       6.688
   3.2953           234.639       6.699
   3.3953           233.644       6.745
   3.4953           244.973       7.002
   3.5953           232.382       6.817
   3.6953           256.792       7.081
   3.7953           248.169       6.918
   3.8953           265.147       7.132
   3.9953           288.721       7.447
   4.0953           314.452       7.730
   4.1953           353.234       8.266
   4.2953           390.753       8.616
   4.3953           438.662       9.131
   4.4953           497.161       9.717
   4.5953           531.700      10.102
   4.6953           610.375      10.735
   4.7953           669.359      11.279
   4.8953           663.744      11.237
   4.9953           703.616      11.602
   5.0953           693.616      11.465
   5.1953           678.120      11.334
   5.2953           700.016      11.571
   5.3953           716.364      11.669
   5.4953           687.341      11.405
   5.5953           707.256      11.607
   5.6953           707.159      11.619
   5.7953           701.986      11.584
   5.8953           689.046      11.404
   5.9953           707.045      11.660
   6.0953           710.702      11.659
   6.1953           698.264      11.588
   6.2953           668.511      11.306
   6.3953           670.135      11.316
   6.4953           671.289      11.393
   6.5953           676.638      11.408
   6.6953           663.707      11.512
   6.7953           650.021      11.402
   6.8953           655.374      11.301
   6.9953           658.739      11.209
   7.0953           661.127      11.241
   7.1953           649.957      11.180
   7.2953           636.057      10.980
   7.3953           623.845      10.945
   7.4953           623.755      10.900
   7.5953           626.718      10.900
   7.6953           628.187      10.919
   7.7953           629.830      10.941
   7.8953           621.917      10.857
   7.9953           622.741      10.818
   8.0953           594.481      10.655
   8.1953           600.754      10.663
   8.2953           608.477      10.726
   8.3953           600.958      10.669
   8.4953           594.075      10.620
   8.5953           602.225      10.664
   8.6953           581.669      10.481
   8.7953           595.578      10.605
   8.8953           575.068      10.435
   8.9953           595.478      10.618
   9.0953           582.893      10.494
   9.1953           593.768      10.635
   9.2953           562.767      10.353
   9.3953           587.424      10.522
   9.4953           550.032      10.256
   9.5953           566.209      10.374
   9.6953           555.838      10.299
   9.7953           550.053      10.342
   9.8953           549.981      10.471
   9.9953           568.635      10.633
  10.0953           571.991      10.503
  10.1953           547.415      10.202
  10.2953           547.773      10.221
  10.3953           547.569      10.191
  10.4953           551.770      10.221
  10.5953           541.715      10.108
  10.6953           555.595      10.275
  10.7953           566.908      10.299
  10.8953           547.788      10.142
  10.9953           548.950      10.150
  11.0953           538.509       9.976
  11.1953           523.728       9.894
  11.2953           527.329      10.519
  11.3953           534.156       9.816
  11.4953           531.275       9.936
  11.5953           540.365      10.040
  11.6953           524.987       9.962
  11.7953           522.237       9.901
  11.8953           503.421       9.735
  11.9953           517.358       9.864
  12.0953           526.969       9.986
  12.1953           519.647       9.890
  12.2953           508.581       9.761
  12.3953           513.359       9.896
  12.4953           514.706       9.869
  12.5953           515.547       9.863
  12.6953           513.607       9.861
  12.7953           508.777       9.878
  12.8953           507.072       9.750
  12.9953           517.321       9.963
  13.0953           495.934      10.058
  13.1953           514.764       9.793
  13.2953           509.478      10.083
  13.3953           505.331       9.798
  13.4953           514.401       9.914
  13.5953           521.705       9.911
  13.6953           490.868       9.679
  13.7953           516.518       9.850
  13.8953           520.370       9.965
  13.9953           525.811       9.903
  14.0953           497.560       9.750
  14.1953           518.214       9.767
  14.2953           499.399       9.764
  14.3953           511.822       9.787
  14.4953           504.872       9.745
  14.5953           498.976       9.758
  14.6953           523.384       9.893
  14.7953           506.624       9.743
  14.8953           484.266       9.534
  14.9953           485.631       9.594
  15.0953           510.977       9.960
  15.1953           503.262       9.427
  15.2953           497.692       9.862
  15.3953           491.492       9.615
  15.4953           490.803       9.596
  15.5953           505.782       9.779
  15.6953           499.238       9.744
  15.7953           515.152       9.833
  15.8953           490.327       9.693
  15.9953           501.791       9.746
  16.0953           482.744       9.616
  16.1953           492.745       9.712
  16.2953           486.890       9.811
  16.3953           509.380      10.079
  16.4953           485.117       9.673
  16.5953           501.392       9.745
  16.6953           500.604       9.788
  16.7953           492.379       9.671
  16.8953           483.005       9.588
  16.9953           475.239       9.476
  17.0953           485.292       9.599
  17.1953           482.562       9.558
  17.2953           476.838       9.473
  17.3953           496.775       9.703
  17.4953           487.294       9.601
  17.5953           482.929       9.495
  17.6953           479.185       9.536
  17.7953           491.462       9.637
  17.8953           490.568       9.588
  17.9953           500.102       9.693
  18.0953           479.928       9.528
  18.1953           495.499       9.662
  18.2953           501.040       9.720
  18.3953           482.291       9.515
  18.4953           474.508       9.486
  18.5953           481.736       9.499
  18.6953           490.493       9.610
  18.7953           482.368       9.564
  18.8953           515.993       9.883
  18.9953           497.113       9.670
  19.0953           497.182       9.721
  19.1953           514.979       9.891
  19.2953           465.003       9.412
  19.3953           478.585       9.547
  19.4953           463.804       9.621
  19.5953           469.452       9.597
  19.6953           487.214       9.641
  19.7953           465.988       9.418
  19.8953           477.295       9.510
  19.9953           472.607       9.452
  20.0953           474.301       9.460
  20.1953           478.351       9.340
  20.2953           480.933       9.889
  20.3953           499.193       9.625
  20.4953           481.177       9.283
  20.5953           484.479       9.678
  20.6953           495.917       9.615
  20.7953           507.009       9.754
  20.8953           522.035       9.890
  20.9953           525.838       9.973
  21.0953           538.809      10.028
  21.1953           553.209      10.192
  21.2953           534.393      10.005
  21.3953           520.436       9.897
  21.4953           494.036       9.635
  21.5953           495.211       9.633
  21.6953           486.138       9.599
  21.7953           478.686       9.439
  21.8953           474.572       9.467
  21.9953           475.005       9.438
  22.0953           473.320       9.449
  22.1953           494.998       9.695
  22.2953           482.662       9.543
  22.3953           465.082       9.404
  22.4953           463.489       9.387
  22.5953           469.020       9.466
  22.6953           469.283       9.640
  22.7953           478.672       9.708
  22.8953           462.914       9.396
  22.9953           470.904       9.407
  23.0953           453.445       9.260
  23.1953           470.794       9.429
  23.2953           461.660       9.297
  23.3953           451.103       9.206
  23.4953           453.910       9.267
  23.5953           447.983       9.103
  23.6953           451.248       9.192
  23.7953           455.343       9.226
  23.8953           443.560       9.104
  23.9953           477.272       9.415
  24.0953           458.217       9.265
  24.1953           469.639       9.376
  24.2953           463.579       9.264
  24.3953           476.550       9.435
  24.4953           453.863       9.183
  24.5953           484.033       9.553
  24.6953           488.070       9.506
  24.7953           486.816       9.500
  24.8953           504.312       9.738
  24.9953           525.198       9.876
  25.0953           548.981      10.120
  25.1953           542.331      10.073
  25.2953           531.222       9.981
  25.3953           516.154       9.828
  25.4953           473.932       9.435
  25.5953           465.878       9.363
  25.6953           456.522       9.253
  25.7953           460.274       9.386
  25.8953           453.872       9.419
  25.9953           478.924       9.696
  26.0953           437.012       9.102
  26.1953           452.409       9.221
  26.2953           462.705       9.301
  26.3953           468.746       9.413
  26.4953           486.917       9.524
  26.5953           485.474       9.501
  26.6953           491.861       9.613
  26.7953           501.091       9.667
  26.8953           509.154       9.752
  26.9953           507.088       9.689
  27.0953           496.088       9.642
  27.1953           498.741       9.625
  27.2953           514.179       9.791
  27.3953           555.612      10.185
  27.4953           558.168      10.191
  27.5953           639.255      10.902
  27.6953           721.147      11.628
  27.7953           861.225      12.649
  27.8953           923.494      13.146
  27.9953           900.256      12.886
  28.0953           813.444      12.359
  28.1953           676.056      11.246
  28.2953           557.648      10.168
  28.3953           501.570       9.710
  28.4953           483.806       9.494
  28.5953           480.403       9.484
  28.6953           480.143       9.510
  28.7953           499.523       9.707
  28.8953           497.822       9.700
  28.9953           543.385      10.115
  29.0953           572.496      10.571
  29.1953           599.823      10.798
  29.2953           592.412      10.669
  29.3953           547.663      10.172
  29.4953           512.773       9.839
  29.5953           480.664       9.489
  29.6953           461.691       9.288
  29.7953           460.682       9.313
  29.8953           456.207       9.270
  29.9953           437.623       9.031
  30.0953           475.281       9.442
  30.1953           448.592       9.168
  30.2953           450.979       9.194
  30.3953           449.100       9.137
  30.4953           472.106       9.427
  30.5953           457.680       9.265
  30.6953           458.937       9.262
  30.7953           471.129       9.368
  30.8953           484.045       9.513
  30.9953           518.421       9.881
  31.0953           524.799       9.879
  31.1953           536.808      10.020
  31.2953           520.777       9.900
  31.3953           497.978       9.645
  31.4953           473.224       9.416
  31.5953           463.268       9.318
  31.6953           447.018       9.194
  31.7953           439.490       9.072
  31.8953           433.097       9.042
  31.9953           428.505       8.964
  32.0953           448.993       9.217
  32.1953           426.282       9.025
  32.2953           439.986       9.298
  32.3953           425.770       9.098
  32.4953           447.353       9.209
  32.5953           432.134       9.003
  32.6953           436.602       9.053
  32.7953           433.939       8.990
  32.8953           432.517       9.015
  32.9953           444.416       9.073
  33.0953           435.380       9.051
  33.1953           440.463       9.029
  33.2953           417.124       8.831
  33.3953           436.311       8.979
  33.4953           429.922       8.945
  33.5953           433.424       8.952
  33.6953           435.819       8.983
  33.7953           423.915       8.915
  33.8953           435.830       8.958
  33.9953           442.311       9.051
  34.0953           444.473       9.090
  34.1953           448.423       9.131
  34.2953           437.784       9.035
  34.3953           426.056       8.810
  34.4953           439.140       9.101
  34.5953           454.323       9.134
  34.6953           432.078       9.004
  34.7953           460.068       9.255
  34.8953           455.912       9.207
  34.9953           444.291       9.082
  35.0953           449.051       9.183
  35.1953           454.807       9.219
  35.2953           452.567       9.228
  35.3953           458.952       9.368
  35.4953           439.994       9.249
  35.5953           460.769       9.473
  35.6953           468.111       9.444
  35.7953           446.733       9.136
  35.8953           469.830       9.395
  35.9953           480.685       9.454
  36.0953           491.371       9.587
  36.1953           517.297       9.806
  36.2953           526.275       9.946
  36.3953           554.677      10.146
  36.4953           536.053      10.015
  36.5953           516.698       9.759
  36.6953           506.581       9.722
  36.7953           486.411       9.478
  36.8953           458.791       9.241
  36.9953           453.478       9.186
  37.0953           457.681       9.211
  37.1953           475.853       9.365
  37.2953           446.521       9.132
  37.3953           438.814       9.014
  37.4953           451.615       9.133
  37.5953           441.444       9.072
  37.6953           449.970       9.138
  37.7953           452.740       9.186
  37.8953           453.635       9.159
  37.9953           444.310       9.098
  38.0953           444.302       9.103
  38.1953           448.811       9.159
  38.2953           448.067       9.120
  38.3953           463.866       9.335
  38.4953           451.520       9.158
  38.5953           455.567       9.319
  38.6953           465.462       9.523
  38.7953           455.022       9.427
  38.8953           479.673       9.535
  38.9953           507.788       9.796
  39.0953           516.842       9.849
  39.1953           585.766      10.438
  39.2953           637.501      10.919
  39.3953           667.035      11.136
  39.4953           644.666      10.985
  39.5953           620.632      10.723
  39.6953           520.024       9.842
  39.7953           491.821       9.545
  39.8953           456.896       9.229
  39.9953           443.149       9.046
  40.0953           464.500       9.286
  40.1953           462.871       9.310
  40.2953           467.005       9.290
  40.3953           485.912       9.484
  40.4953           464.697       9.314
  40.5953           457.541       9.223
  40.6953           460.207       9.237
  40.7953           457.247       9.232
  40.8953           454.383       9.210
  40.9953           452.780       9.172
  41.0953           468.465       9.310
  41.1953           462.311       9.321
  41.2953           458.593       9.244
  41.3953           474.596       9.408
  41.4953           471.892       9.427
  41.5953           458.397       9.259
  41.6953           467.840       9.359
  41.7953           463.308       9.422
  41.8953           486.559       9.907
  41.9953           506.282       9.647
  42.0953           539.490      10.297
  42.1953           606.095      10.651
  42.2953           711.210      11.636
  42.3953           862.430      12.695
  42.4953           921.898      13.179
  42.5953           932.328      13.125
  42.6953           842.277      12.625
  42.7953           746.764      11.801
  42.8953           648.393      10.961
  42.9953           559.109      10.258
  43.0953           523.507       9.853
  43.1953           487.781       9.513
  43.2953           507.660       9.759
  43.3953           565.588      10.229
  43.4953           616.622      10.726
  43.5953           661.177      11.092
  43.6953           621.946      10.726
  43.7953           572.248      10.321
  43.8953           523.800       9.892
  43.9953           481.904       9.440
  44.0953           474.755       9.392
  44.1953           481.418       9.519
  44.2953           498.229       9.610
  44.3953           534.106      10.015
  44.4953           638.388      10.913
  44.5953           702.839      11.405
  44.6953           800.170      12.297
  44.7953           781.752      12.115
  44.8953           679.715      11.303
  44.9953           592.643      10.620
  45.0953           497.160       9.872
  45.1953           456.385       9.413
  45.2953           454.268       9.252
  45.3953           432.821       8.994
  45.4953           448.563       9.126
  45.5953           458.833       9.257
  45.6953           457.079       9.204
  45.7953           498.820       9.607
  45.8953           525.561       9.893
  45.9953           620.285      10.693
  46.0953           766.279      11.879
  46.1953           923.178      13.062
  46.2953           928.506      13.107
  46.3953           803.915      12.160
  46.4953           671.972      11.142
  46.5953           525.137       9.844
  46.6953           468.700       9.294
  46.7953           468.748       9.314
  46.8953           452.688       9.131
  46.9953           460.808       9.192
  47.0953           466.726       9.294
  47.1953           496.315       9.571
  47.2953           541.271      10.005
  47.3953           596.023      10.482
  47.4953           608.540      10.616
  47.5953           638.862      10.836
  47.6953           578.963      10.377
  47.7953           527.451       9.875
  47.8953           481.195       9.457
  47.9953           484.452       9.516
  48.0953           557.333      10.152
  48.1953           697.620      11.530
  48.2953          1017.845      14.049
  48.3953          1480.693      17.000
  48.4953          2317.509      20.861
  48.5953          3156.206      24.309
  48.6953          3514.697      25.569
  48.7953          3405.522      25.255
  48.8953          2921.513      23.242
  48.9953          2267.397      20.510
  49.0953          1575.965      17.179
  49.1953           983.234      13.453
  49.2953           650.904      10.971
  49.3953           511.250       9.735
  49.4953           485.743       9.477
  49.5953           478.556       9.403
  49.6953           483.184       9.424
  49.7953           470.645       9.375
  49.8953           473.373       9.309
  49.9953           468.594       9.289
  50.0953           454.425       9.190
  50.1953           454.958       9.175
  50.2953           462.965       9.248
  50.3953           452.592       9.149
  50.4953           463.680       9.259
  50.5953           459.343       9.242
  50.6953           472.920       9.343
  50.7953           489.217       9.539
  50.8953           543.444      10.045
  50.9953           642.949      10.935
  51.0953           771.037      11.989
  51.1953           864.770      12.702
  51.2953           791.471      12.161
  51.3953           680.112      11.267
  51.4953           545.091      10.333
  51.5953           480.441       9.638
  51.6953           471.943       9.446
  51.7953           471.722       9.378
  51.8953           492.929       9.563
  51.9953           499.047       9.599
  52.0953           519.750       9.831
  52.1953           518.499       9.807
  52.2953           525.386       9.810
  52.3953           516.935       9.785
  52.4953           522.820       9.800
  52.5953           508.359       9.661
  52.6953           482.699       9.428
  52.7953           454.866       9.138
  52.8953           459.852       9.219
  52.9953           440.613       8.972
  53.0953           435.549       8.966
  53.1953           437.438       8.953
  53.2953           455.491       9.154
  53.3953           443.274       9.031
  53.4953           435.890       8.969
  53.5953           447.746       9.048
  53.6953           439.613       9.009
  53.7953           450.105       9.114
  53.8953           446.035       9.026
  53.9953           446.844       9.104
  54.0953           441.925       9.040
  54.1953           456.342       9.171
  54.2953           469.765       9.323
  54.3953           490.273       9.560
  54.4953           518.458       9.798
  54.5953           578.694      10.427
  54.6953           603.625      10.812
  54.7953           578.052      10.605
  54.8953           527.400       9.930
  54.9953           494.231       9.615
  55.0953           482.949       9.446
  55.1953           488.343       9.528
  55.2953           463.330       9.226
  55.3953           478.655       9.411
  55.4953           463.829       9.258
  55.5953           454.975       9.129
  55.6953           469.798       9.335
  55.7953           457.747       9.190
  55.8953           453.603       9.131
  55.9953           444.859       9.039
  56.0953           444.861       9.043
  56.1953           453.405       9.140
  56.2953           438.306       8.979
  56.3953           435.775       8.929
  56.4953           465.413       9.284
  56.5953           448.903       9.103
  56.6953           455.370       9.140
  56.7953           456.248       9.162
  56.8953           467.936       9.301
  56.9953           461.971       9.190
  57.0953           472.475       9.351
  57.1953           466.663       9.274
  57.2953           441.354       9.054
  57.3953           442.257       9.062
  57.4953           462.319       9.200
  57.5953           442.418       9.101
  57.6953           436.226       9.010
  57.7953           451.693       9.193
  57.8953           437.223       9.265
  57.9953           434.511       9.116
  58.0953           438.156       9.079
  58.1953           425.390       8.897
  58.2953           423.911       8.855
  58.3953           425.150       8.904
  58.4953           421.165       8.790
  58.5953           431.343       8.944
  58.6953           430.207       8.886
  58.7953           430.668       8.903
  58.8953           418.004       8.773
  58.9953           423.762       8.875
  59.0953           425.769       8.724
  59.1953           442.405       9.068
  59.2953           448.524       9.089
  59.3953           474.087       9.328
  59.4953           475.729       9.332
  59.5953           466.208       9.241
  59.6953           463.624       9.225
  59.7953           440.805       9.049
  59.8953           444.225       8.960
  59.9953           434.316       8.961
  60.0953           439.551       9.012
  60.1953           453.864       9.112
  60.2953           444.706       9.014
  60.3953           453.343       9.163
  60.4953           428.546       8.857
  60.5953           449.544       9.095
  60.6953           468.290       9.303
  60.7953           474.907       9.370
  60.8953           509.995       9.750
  60.9953           541.729      10.093
  61.0953           567.569      10.437
  61.1953           536.307      10.177
  61.2953           494.453       9.583
  61.3953           470.495       9.312
  61.4953           450.207       9.073
  61.5953           446.463       9.066
  61.6953           434.346       8.911
  61.7953           449.945       9.070
  61.8953           451.322       9.120
  61.9953           464.430       9.186
  62.0953           459.492       9.121
  62.1953           467.457       9.288
  62.2953           465.368       9.176
  62.3953           468.799       9.235
  62.4953           487.302       9.404
  62.5953           504.926       9.644
  62.6953           477.373       9.284
  62.7953           457.103       9.122
  62.8953           437.336       8.916
  62.9953           427.909       8.823
  63.0953           426.197       8.790
  63.1953           418.318       8.707
  63.2953           428.506       8.894
  63.3953           424.877       8.759
  63.4953           452.773       9.059
  63.5953           447.107       9.059
  63.6953           443.776       9.012
  63.7953           430.798       8.832
  63.8953           457.363       9.175
  63.9953           510.480       9.649
  64.0953           663.047      11.042
  64.1953          1013.041      13.697
  64.2953          1592.930      17.188
  64.3953          2160.515      20.791
  64.4953          2214.706      20.027
  64.5953          1992.654      19.318
  64.6953           700.020      10.851
  64.7953           875.021      12.206
  64.8953           655.220      12.037
  64.9953           575.191      11.916
  65.0953           588.317      10.608
  65.1953           688.999      10.347
  65.2953           748.941      11.594
  65.3953           672.297      11.038
  65.4953           563.929      10.155
  65.5953           480.169       9.307
  65.6953           460.315       9.204
  65.7953           437.086       8.929
  65.8953           432.928       8.870
  65.9953           444.944       9.015
  66.0953           445.444       9.047
  66.1953           451.088       9.067
  66.2953           456.206       9.124
  66.3953           461.784       9.175
  66.4953           438.483       9.020
  66.5953           461.285       9.138
  66.6953           449.143       9.080
  66.7953           468.530       9.300
  66.8953           450.688       9.120
  66.9953           456.359       9.129
  67.0953           444.725       9.070
  67.1953           434.311       8.934
  67.2953           440.658       9.057
  67.3953           474.424       9.402
  67.4953           553.336      10.336
  67.5953           629.279      10.974
  67.6953           689.954      11.305
  67.7953           657.221      10.997
  67.8953           566.109      10.186
  67.9953           483.290       9.408
  68.0953           437.913       8.909
  68.1953           440.739       8.952
  68.2953           429.003       8.863
  68.3953           422.190       8.730
  68.4953           426.098       8.792
  68.5953           436.440       8.888
  68.6953           457.681       9.108
  68.7953           465.701       9.174
  68.8953           556.545       9.999
  68.9953           680.794      11.144
  69.0953           828.172      12.157
  69.1953           852.093      12.421
  69.2953           731.751      11.524
  69.3953           595.132      10.409
  69.4953           487.090       9.329
  69.5953           446.964       9.006
  69.6953           474.295       9.264
  69.7953           445.637       8.981
  69.8953           424.960       8.746
  69.9953           443.278       8.989
  70.0953           459.050       9.155
  70.1953           496.979       9.484
  70.2953           528.908       9.840
  70.3953           551.646      10.042
  70.4953           527.741       9.793
  70.5953           506.883       9.698
  70.6953           523.886       9.994
  70.7953           529.106      10.005
  70.8953           540.610       9.981
  70.9953           511.668       9.670
  71.0953           478.124       9.371
  71.1953           445.281       8.974
  71.2953           436.219       8.912
  71.3953           442.292       8.956
  71.4953           437.603       8.907
  71.5953           447.982       9.007
  71.6953           426.616       8.771
  71.7953           438.603       8.898
  71.8953           430.940       8.846
  71.9953           410.467       8.608
  72.0953           416.948       8.703
  72.1953           420.267       8.705
  72.2953           430.548       8.814
  72.3953           461.514       9.116
  72.4953           523.276       9.717
  72.5953           629.979      10.732
  72.6953           725.003      11.381
  72.7953           702.683      11.225
  72.8953           658.719      10.890
  72.9953           546.695       9.854
  73.0953           523.882       9.715
  73.1953           464.223       9.008
  73.2953           422.705       8.523
  73.3953           446.512       7.752
  73.4953           468.846      17.534
  73.5953           522.563       9.326
  73.6953           589.361       9.609
  73.7953           620.423       9.756
  73.8953           552.774      13.575
  73.9953           511.084       9.340
  74.0953           465.282       9.228
  74.1953           432.398       8.856
  74.2953           426.140       8.802
  74.3953           434.849       8.908
  74.4953           435.584       8.867
  74.5953           416.222       8.748
  74.6953           419.743       8.741
  74.7953           447.871       9.034
  74.8953           462.566       9.128
  74.9953           435.451       8.924
  75.0953           450.235       9.057
  75.1953           438.034       8.901
  75.2953           426.144       8.798
  75.3953           419.484       8.751
  75.4953           426.538       8.780
  75.5953           430.566       8.831
  75.6953           446.207       9.009
  75.7953           456.672       9.103
  75.8953           476.032       9.298
  75.9953           527.072       9.799
  76.0953           582.080      10.267
  76.1953           619.770      10.648
  76.2953           715.229      11.349
  76.3953           835.727      12.377
  76.4953           887.259      12.697
  76.5953           805.647      12.100
  76.6953           661.125      11.019
  76.7953           606.595      10.543
  76.8953           683.398      11.206
  76.9953          1039.726      13.899
  77.0953          1605.188      17.532
  77.1953          2027.339      19.726
  77.2953          1941.372      19.034
  77.3953          1339.144      15.719
  77.4953           844.616      12.457
  77.5953           941.875      13.221
  77.6953          1550.930      16.769
  77.7953          2267.454      20.389
  77.8953          2405.388      21.031
  77.9953          1743.152      17.849
  78.0953           962.940      13.237
  78.1953           572.447      10.257
  78.2953           468.262       9.242
  78.3953           439.058       8.953
  78.4953           437.316       8.936
  78.5953           448.435       9.065
  78.6953           442.369       8.987
  78.7953           466.634       9.230
  78.8953           512.174       9.703
  78.9953           551.631      10.050
  79.0953           585.891      10.356
  79.1953           526.900       9.803
  79.2953           475.159       9.351
  79.3953           441.393       8.976
  79.4953           420.843       8.726
  79.5953           420.974       8.818
  79.6953           430.937       8.895
  79.7953           412.206       8.686
  79.8953           424.091       8.860
  79.9953           427.729       8.882
  80.0953           419.031       8.805
  80.1953           427.902       8.950
  80.2953           418.430       9.009
  80.3953           423.649       8.963
  80.4953           415.378       8.816
  80.5953           419.575       8.779
  80.6953           426.850       8.891
  80.7953           435.346       8.926
  80.8953           461.487       9.211
  80.9953           484.599       9.384
  81.0953           502.994       9.602
  81.1953           465.424       9.202
  81.2953           449.500       9.072
  81.3953           430.968       8.828
  81.4953           429.201       8.848
  81.5953           445.664       9.007
  81.6953           465.621       9.203
  81.7953           461.894       9.188
  81.8953           454.349       9.067
  81.9953           446.497       8.995
  82.0953           455.129       9.110
  82.1953           476.250       9.340
  82.2953           472.838       9.241
  82.3953           478.568       9.325
  82.4953           459.182       9.163
  82.5953           476.907       9.314
  82.6953           443.449       8.941
  82.7953           422.222       8.829
  82.8953           429.663       8.854
  82.9953           440.650       8.961
  83.0953           426.384       8.843
  83.1953           491.878       9.510
  83.2953           601.363      10.515
  83.3953           796.666      12.150
  83.4953           876.441      12.978
  83.5953           765.005      12.078
  83.6953           617.236      10.738
  83.7953           525.207       9.809
  83.8953           488.075       9.497
  83.9953           486.170       9.448
  84.0953           500.995       9.582
  84.1953           561.003      10.118
  84.2953           622.390      10.683
  84.3953           583.481      10.262
  84.4953           512.671       9.692
  84.5953           440.742       8.961
  84.6953           420.739       8.741
  84.7953           424.948       8.785
  84.8953           419.510       8.856
  84.9953           444.768       8.796
  85.0953           439.943       9.039
  85.1953           425.020       8.773
  85.2953           416.207       8.703
  85.3953           415.114       8.715
  85.4953           401.496       8.537
  85.5953           415.741       8.671
  85.6953           430.042       8.860
  85.7953           431.343       8.858
  85.8953           426.650       8.799
  85.9953           423.916       8.849
  86.0953           427.205       8.783
  86.1953           443.290       9.037
  86.2953           442.773       8.969
  86.3953           441.425       9.007
  86.4953           436.786       9.020
  86.5953           443.336       9.020
  86.6953           445.921       9.244
  86.7953           597.106      10.712
  86.8953           993.439      13.596
  86.9953          1824.989      18.307
  87.0953          2771.400      22.556
  87.1953          2968.888      23.321
  87.2953          2428.864      21.017
  87.3953          1748.700      17.885
  87.4953          1073.453      14.018
  87.5953           617.310      10.573
  87.6953           490.036       9.429
  87.7953           429.196       8.852
  87.8953           431.994       8.862
  87.9953           425.928       8.768
  88.0953           406.022       8.602
  88.1953           411.180       8.657
  88.2953           424.872       8.759
  88.3953           425.512       8.780
  88.4953           414.892       8.697
  88.5953           416.284       8.697
  88.6953           421.917       8.745
  88.7953           400.351       8.553
  88.8953           438.601       8.903
  88.9953           410.971       8.672
  89.0953           425.301       8.770
  89.1953           409.665       8.677
  89.2953           411.399       8.635
  89.3953           416.676       8.724
  89.4953           411.615       8.697
  89.5953           415.071       8.677
  89.6953           406.378       8.664
  89.7953           441.041       9.014
  89.8953           530.761      10.061
  89.9953           693.340      11.513
  90.0953           818.846      12.329
  90.1953           797.647      12.119
  90.2953           646.384      10.890
  90.3953           486.615       9.412
  90.4953           421.626       8.709
  90.5953           420.052       8.751
  90.6953           421.692       8.744
  90.7953           405.034       8.577
  90.8953           424.202       8.758
  90.9953           398.576       8.500
  91.0953           397.399       8.515
  91.1953           390.913       8.380
  91.2953           420.568       8.750
  91.3953           408.608       8.580
  91.4953           446.864       9.019
  91.5953           578.286      10.232
  91.6953           800.036      12.050
  91.7953           934.955      13.060
  91.8953           894.072      12.643
  91.9953           647.313      10.877
  92.0953           473.585       9.245
  92.1953           467.731       9.230
  92.2953           471.226       9.233
  92.3953           472.050       9.292
  92.4953           451.626       9.080
  92.5953           409.780       8.631
  92.6953           394.468       8.476
  92.7953           405.578       8.647
  92.8953           402.087       8.571
  92.9953           429.152       8.945
  93.0953           447.645       9.258
  93.1953           449.978       9.278
  93.2953           457.382       9.288
  93.3953           431.756       8.931
  93.4953           428.454       8.891
  93.5953           391.739       8.494
  93.6953           391.779       8.495
  93.7953           384.542       8.403
  93.8953           385.549       8.427
  93.9953           391.620       8.487
  94.0953           384.419       8.361
  94.1953           411.480       8.688
  94.2953           415.751       8.736
  94.3953           435.341       8.903
  94.4953           477.186       9.349
  94.5953           553.109      10.065
  94.6953           632.189      10.762
  94.7953           660.622      10.977
  94.8953           608.064      10.563
  94.9953           525.456       9.850
  95.0953           474.127       9.259
  95.1953           589.040      10.457
  95.2953           792.578      12.029
  95.3953           957.885      13.249
  95.4953           920.252      12.983
  95.5953           743.769      11.697
  95.6953           654.109      10.974
  95.7953           672.019      11.119
  95.8953           696.363      11.246
  95.9953           670.848      11.272
  96.0953           638.722      10.776
  96.1953           572.384      10.374
  96.2953           510.034       9.902
  96.3953           511.483       9.880
  96.4953           639.819      10.974
  96.5953           926.426      13.081
  96.6953          1293.315      15.486
  96.7953          1377.608      15.999
  96.8953          1068.048      13.982
  96.9953           712.210      11.462
  97.0953           606.159      10.578
  97.1953           657.664      10.932
  97.2953           697.419      11.333
  97.3953           658.075      10.999
  97.4953           659.405      11.004
  97.5953           695.302      11.272
  97.6953           600.831      10.496
  97.7953           486.410       9.438
  97.8953           426.897       8.831
  97.9953           427.839       8.835
  98.0953           451.066       9.094
  98.1953           498.207       9.576
  98.2953           569.240      10.157
  98.3953           608.680      10.593
  98.4953           628.584      10.769
  98.5953           586.540      10.316
  98.6953           525.314       9.802
  98.7953           543.027      10.013
  98.8953           589.040      10.421
  98.9953           565.053      10.172
  99.0953           495.462       9.576
  99.1953           463.085       9.210
  99.2953           431.604       8.978
  99.3953           451.267       9.164
  99.4953           429.000       9.111
  99.5953           392.395       8.656
  99.6953           398.643       8.636
  99.7953           381.746       8.352
  99.8953           387.319       8.428
  99.9953           390.108       8.457
 100.0953           402.112       8.563
 100.1953           476.177       9.312
 100.2953           500.956       9.574
 100.3953           548.304       9.961
 100.4953           491.766       9.461
 100.5953           454.760       9.088
 100.6953           408.027       8.610
 100.7953           409.850       8.612
 100.8953           390.667       8.423
 100.9953           432.519       8.849
 101.0953           416.943       8.700
 101.1953           402.837       8.534
 101.2953           389.383       8.411
 101.3953           384.903       8.358
 101.4953           397.137       8.486
 101.5953           389.055       8.432
 101.6953           398.682       8.502
 101.7953           380.467       8.299
 101.8953           392.976       8.475
 101.9953           387.532       8.395
 102.0953           380.421       8.331
 102.1953           394.624       8.466
 102.2953           401.021       8.575
 102.3953           400.969       8.566
 102.4953           392.629       8.444
 102.5953           417.789       8.816
 102.6953           506.572       9.822
 102.8953           885.196      12.889
 102.9953           885.808      12.775
 103.0953           713.334      11.464
 103.1953           521.568       9.806
 103.2953           453.310       9.097
 103.3953           428.667       8.871
 103.4953           417.854       8.741
 103.5953           413.427       8.654
 103.6953           414.575       8.694
 103.7953           418.838       8.745
 103.8953           422.933       8.777
 103.9953           429.536       8.847
 104.0953           410.155       8.639
 104.1953           390.232       8.455
 104.2953           402.211       8.542
 104.3953           403.537       8.576
 104.4953           404.427       8.580
 104.5953           385.356       8.385
 104.6953           385.206       8.366
 104.7953           395.740       8.503
 104.8953           378.885       8.316
 104.9953           376.862       8.311
 105.0953           376.688       8.253
 105.1953           409.279       8.694
 105.2953           410.541       8.651
 105.3953           434.466       8.936
 105.4953           433.870       8.924
 105.5953           444.025       9.024
 105.6953           501.124       9.556
 105.7953           643.589      10.962
 105.8953           714.505      11.815
 105.9953           679.693      11.147
 106.0953           760.520      12.049
 106.1953           759.063      11.790
 106.2953           741.630      11.722
 106.3953           610.040      10.534
 106.4953           511.820       9.678
 106.5953           491.157       9.463
 106.6953           577.705      10.282
 106.7953           685.666      11.139
 106.8953           684.885      10.987
 106.9953           617.152      11.008
 107.0953           516.634       9.510
 107.1953           456.237       9.078
 107.2953           400.095       8.561
 107.3953           381.641       8.298
 107.4953           375.748       8.265
 107.5953           398.583       8.500
 107.6953           495.163       9.489
 107.7953           607.404      10.527
 107.8953           673.362      11.055
 107.9953           625.580      10.692
 108.0953           517.941       9.692
 108.1953           424.062       8.812
 108.2953           394.977       8.473
 108.3953           381.468       8.356
 108.4953           398.703       8.512
 108.5953           420.796       8.778
 108.6953           485.588       9.442
 108.7953           568.152      10.208
 108.8953           667.625      11.017
 108.9953           712.387      11.569
 109.0953           760.970      12.032
 109.1953           778.569      12.184
 109.2953           719.525      11.614
 109.3953           583.047      10.341
 109.4953           503.978       9.637
 109.5953           436.338       8.999
 109.6953           452.595       9.065
 109.7953           420.861       8.799
 109.8953           392.125       8.447
 109.9953           461.804       9.183
 110.0953           561.107      10.094
 110.1953           625.145      10.665
 110.2953           640.183      10.793
 110.3953           545.490       9.951
 110.4953           415.111       8.665
 110.5953           390.520       8.474
 110.6953           374.233       8.223
 110.7953           418.042       8.721
 110.8953           472.748       9.264
 110.9953           567.921      10.180
 111.0953           614.557      10.550
 111.1953           594.908      10.397
 111.2953           517.583       9.704
 111.3953           429.427       8.857
 111.4953           374.650       8.235
 111.5953           395.046       8.524
 111.6953           395.858       8.469
 111.7953           395.718       8.550
 111.8953           390.078       8.393
 111.9953           362.306       8.213
 112.0953           356.578       8.056
 112.1953           360.028       8.210
 112.2953           342.096       8.077
 112.3953           355.866       8.227
 112.4953           386.230       8.450
 112.5953           484.792       9.393
 112.6953           618.728      10.641
 112.7953           750.990      11.669
 112.8953           790.928      11.970
 112.9953           663.142      10.942
 113.0953           519.102       9.734
 113.1953           402.977       8.530
 113.2953           360.153       8.051
 113.3953           340.748       7.873
 113.4953           353.653       7.994
 113.5953           360.745       8.095
 113.6953           361.258       8.052
 113.7953           380.940       8.291
 113.8953           415.091       8.659
 113.9953           454.667       9.039
 114.0953           499.412       9.470
 114.1953           468.642       9.282
 114.2953           430.725       8.776
 114.3953           393.882       8.440
 114.4953           369.905       8.182
 114.5953           361.478       8.069
 114.6953           354.897       8.051
 114.7953           351.329       7.904
 114.8953           366.204       8.222
 114.9953           352.491       7.974
 115.0953           362.766       8.138
 115.1953           363.113       8.126
 115.2953           378.997       8.348
 115.3953           413.533       8.710
 115.4953           512.583       9.901
 115.5953           646.702      11.041
 115.6953           663.426      11.083
 115.7953           648.900      10.862
 115.8953           560.545      10.112
 115.9953           483.483       9.404
 116.0953           436.657       8.893
 116.1953           397.746       8.507
 116.2953           415.340       8.689
 116.3953           406.580       8.579
 116.4953           433.984       8.924
 116.5953           396.902       8.390
 116.6953           348.681       7.968
 116.7953           344.977       7.887
 116.8953           327.218       7.698
 116.9953           348.051       7.943
 117.0953           352.593       7.964
 117.1953           361.865       8.104
 117.2953           371.238       8.187
 117.3953           354.652       8.013
 117.4953           354.740       8.013
 117.5953           353.098       7.984
 117.6953           344.270       7.894
 117.7953           345.427       7.912
 117.8953           335.853       7.771
 117.9953           337.418       7.905
 118.0953           358.683       7.943
 118.1953           361.747       8.177
 118.2953           382.995       8.332
 118.3953           422.749       8.788
 118.4953           431.260       8.859
 118.5953           474.089       9.365
 118.6953           473.298       9.434
 118.7953           460.551       9.407
 118.8953           453.943       9.097
 118.9953           449.202       9.085
 119.0953           499.415       9.491
 119.1953           574.003      10.234
 119.2953           720.678      11.425
 119.3953           809.307      12.102
 119.4953           770.052      11.798
 119.5953           703.796      11.299
 119.6953           552.557       9.942
 119.7953           458.205       9.119
 119.8953           382.091       8.298
 119.9953           353.101       7.964
 120.0953           333.141       7.718
 120.1953           332.774       7.892
 120.2953           319.968       7.329
 120.3953           331.879       7.855
 120.4953           330.150       7.705
 120.5953           323.051       7.663
 120.6953           332.659       7.680
 120.7953           323.848       7.659
 120.8953           319.246       7.565
 120.9953           320.038       7.601
 121.0953           328.686       7.679
 121.1953           314.337       7.544
 121.2953           310.357       7.499
 121.3953           334.061       7.760
 121.4953           335.517       7.790
 121.5953           337.542       7.903
 121.6953           371.964       8.094
 121.7953           404.716       8.782
 121.8953           431.693       8.957
 121.9953           465.817       9.399
 122.0953           504.895       9.660
 122.1953           526.277       9.778
 122.2953           512.396       9.695
 122.3953           490.372       9.442
 122.4953           460.029       9.184
 122.5953           386.800       8.379
 122.6953           343.054       7.927
 122.7953           332.407       7.756
 122.8953           349.154       7.939
 122.9953           346.532       7.967
 123.0953           381.594       8.315
 123.1953           385.909       8.342
 123.2953           408.164       8.616
 123.3953           387.530       8.373
 123.4953           380.192       8.289
 123.5953           351.442       7.973
 123.6953           339.301       7.865
 123.7953           329.637       7.729
 123.8953           338.180       7.818
 123.9953           328.646       7.712
 124.0953           357.005       8.054
 124.1953           383.426       8.343
 124.2953           393.393       8.453
 124.3953           392.864       8.459
 124.4953           397.051       8.523
 124.5953           362.325       8.104
 124.6953           336.180       7.867
 124.7953           331.566       7.700
 124.8953           322.216       7.700
 124.9953           339.967       7.938
 125.0953           320.760       7.752
 125.1953           336.914       7.995
 125.2953           341.861       7.963
 125.3953           359.987       8.175
 125.4953           436.685       8.875
 125.5953           479.494       9.327
 125.6953           504.697       9.564
 125.7953           494.020       9.419
 125.8953           440.342       8.920
 125.9953           391.151       8.389
 126.0953           359.172       8.007
 126.1953           332.995       7.744
 126.2953           324.896       7.649
 126.3953           327.505       7.643
 126.4953           319.084       7.608
 126.5953           325.158       7.624
 126.6953           326.246       7.649
 126.7953           366.253       8.097
 126.8953           393.934       8.412
 126.9953           432.337       8.842
 127.0953           468.707       9.140
 127.1953           441.594       8.889
 127.2953           434.788       8.842
 127.3953           399.259       8.518
 127.4953           361.038       8.025
 127.5953           342.948       7.866
 127.6953           327.554       7.670
 127.7953           319.016       7.611
 127.8953           324.893       7.645
 127.9953           318.266       7.621
 128.0953           325.562       7.642
 128.1953           312.686       7.608
 128.2953           319.106       7.749
 128.3953           314.763       7.709
 128.4953           302.093       7.460
 128.5953           324.853       7.693
 128.6953           315.220       7.566
 128.7953           328.471       7.731
 128.8953           343.839       7.872
 128.9953           388.896       8.407
 129.0953           413.977       8.681
 129.1953           470.548       9.186
 129.2953           501.150       9.496
 129.3953           499.957       9.527
 129.4953           473.146       9.219
 129.5953           422.708       8.725
 129.6953           384.065       8.324
 129.7953           355.967       8.032
 129.8953           344.950       7.870
 129.9953           344.518       7.889
 130.0953           341.228       7.820
 130.1953           328.685       7.707
 130.2953           322.015       7.618
 130.3953           324.728       7.643
 130.4953           326.244       7.679
 130.5953           324.742       7.656
 130.6953           335.485       7.773
 130.7953           345.787       7.920
 130.8953           357.130       8.042
 130.9953           387.673       8.372
 131.0953           410.189       8.628
 131.1953           421.274       8.763
 131.2953           398.987       8.491
 131.3953           408.253       8.684
 131.4953           372.764       8.371
 131.5953           364.263       8.328
 131.6953           367.499       8.222
 131.7953           341.035       7.872
 131.8953           333.969       7.765
 131.9953           323.381       7.682
 132.0953           320.383       7.590
 132.1953           321.372       7.650
 132.2953           313.337       7.529
 132.3953           301.961       7.354
 132.4953           318.069       7.582
 132.5953           318.795       7.554
 132.6953           312.340       7.527
 132.7953           333.041       7.714
 132.8953           312.072       7.488
 132.9953           331.231       7.718
 133.0953           344.477       7.862
 133.1953           331.425       7.591
 133.2953           346.033       8.134
 133.3953           340.103       7.708
 133.4953           346.497       7.879
 133.5953           360.872       8.053
 133.6953           352.054       7.952
 133.7953           373.025       8.203
 133.8953           373.952       8.156
 133.9953           366.777       8.155
 134.0953           364.956       8.112
 134.1953           365.516       8.093
 134.2953           366.526       8.153
 134.3953           338.946       7.838
 134.4953           335.899       7.791
 134.5953           317.077       7.641
 134.6953           315.654       7.745
 134.7953           307.830       7.581
 134.8953           304.103       7.486
 134.9953           309.266       7.459
 135.0953           310.004       7.466
 135.1953           315.737       7.556
 135.2953           295.623       7.295
 135.3953           303.000       7.377
 135.4953           299.924       7.359
 135.5953           295.135       7.255
 135.6953           321.085       7.598
 135.7953           326.511       7.628
 135.8953           343.699       7.871
 135.9953           404.137       8.507
 136.0953           463.398       9.109
 136.1953           594.098      10.340
 136.2953           664.094      10.879
 136.3953           756.940      11.651
 136.4953           808.619      12.054
 136.5953           781.284      11.858
 136.6953           751.286      11.562
 136.7953           646.346      10.771
 136.8953           550.032       9.942
 136.9953           445.392       8.901
 137.0953           380.959       8.276
 137.1953           371.491       8.189
 137.2953           384.970       8.314
 137.3953           439.296       8.873
 137.4953           481.019       9.306
 137.5953           525.427       9.738
 137.6953           551.582       9.989
 137.7953           567.639      10.167
 137.8953           561.291      10.277
 137.9953           517.813       9.862
 138.0953           504.213       9.620
 138.1953           451.471       8.990
 138.2953           401.903       8.543
 138.3953           354.084       7.965
 138.4953           332.176       7.719
 138.5953           319.440       7.565
 138.6953           309.846       7.441
 138.7953           315.593       7.489
 138.8953           286.733       7.137
 138.9953           297.708       7.296
 139.0953           306.391       7.381
 139.1953           310.304       7.399
 139.2953           304.835       7.400
 139.3953           300.480       7.279
 139.4953           305.385       7.394
 139.5953           299.774       7.254
 139.6953           307.272       7.415
 139.7953           337.203       7.767
 139.8953           359.404       7.973
 139.9953           413.757       8.579
 140.0953           439.471       8.841
 140.1953           465.526       9.135
 140.2953           468.955       9.110
 140.3953           460.838       9.101
 140.4953           470.814       9.172
 140.5953           477.238       9.243
 140.6953           473.343       9.237
 140.7953           473.126       9.210
 140.8953           471.433       9.210
 140.9953           492.903       9.516
 141.0953           512.464       9.788
 141.1953           520.565       9.873
 141.2953           540.692       9.908
 141.3953           520.874       9.639
 141.4953           497.245       9.456
 141.5953           471.595       9.163
 141.6953           426.636       8.743
 141.7953           423.009       8.708
 141.8953           387.079       8.290
 141.9953           412.898       8.534
 142.0953           443.598       8.892
 142.1953           507.286       9.516
 142.2953           526.826       9.680
 142.3953           598.289      10.256
 142.4953           595.909      10.320
 142.5953           604.179      10.365
 142.6953           600.995      10.315
 142.7953           566.786      10.009
 142.8953           551.317       9.897
 142.9953           520.440       9.616
 143.0953           498.794       9.376
 143.1953           484.303       9.283
 143.2953           469.257       9.124
 143.3953           470.077       9.137
 143.4953           486.731       9.280
 143.5953           494.973       9.378
 143.6953           505.219       9.538
 143.7953           460.633       9.161
 143.8953           439.987       8.554
 143.9953           397.201       8.578
 144.0953           372.319       8.132
 144.1953           351.080       8.010
 144.2953           318.113       7.664
 144.3953           317.633       7.724
 144.4953           310.959       7.540
 144.5953           310.744       7.469
 144.6953           301.366       7.339
 144.7953           287.684       7.181
 144.8953           281.122       7.075
 144.9953           287.687       7.163
 145.0953           286.660       7.138
 145.1953           300.291       7.326
 145.2953           310.801       7.402
 145.3953           310.844       7.441
 145.4953           297.979       7.279
 145.5953           303.825       6.780
 145.6953           372.317       9.901
 145.7953           310.185       6.873
 145.8953           343.663       7.798
 145.9953           336.705       7.714
 146.0953           362.042       8.016
 146.1953           371.214       8.126
 146.2953           364.914       8.050
 146.3953           380.309       8.153
 146.4953           398.261       8.458
 146.5953           405.474       8.473
 146.6953           405.651       8.479
 146.7953           397.116       8.436
 146.8953           397.008       8.407
 146.9953           391.357       8.361
 147.0953           365.804       8.083
 147.1953           369.168       8.122
 147.2953           364.351       8.073
 147.3953           358.186       8.058
 147.4953           331.288       7.879
 147.5953           319.248       7.700
 147.6953           312.828       7.563
 147.7953           289.127       7.183
 147.8953           296.357       7.314
 147.9953           286.106       7.124
 148.0953           282.864       7.130
 148.1953           287.818       7.133
 148.2953           277.758       7.071
 148.3953           274.013       6.971
 148.4953           288.203       7.255
 148.5953           292.883       6.991
 148.6953           290.863       7.324
 148.7953           308.380       7.606
 148.8953           308.274       7.004
 148.9953           321.607       7.570
 149.0953           321.093       7.695
 149.1953           322.888       7.404
 149.2953           330.218       7.584
 149.3953           347.548       7.826
 149.4953           345.747       7.729
 149.5953           336.050       7.581
 149.6953           348.497       8.004
 149.7953           320.914       7.529
 149.8953           338.678       7.493
 149.9953           329.902       8.037
 150.0953           314.356       6.993
 150.1953           312.997       8.217
 150.2953           311.831       7.072
 150.3953           308.828       7.473
 150.4953           315.579       7.507
 150.5953           310.751       7.486
 150.6953           331.042       7.113
 150.7953             0.000       0.000
 150.8953             0.000       0.000
