XYDATA  Co2SiO4 8mmV 1.87A HiRes FullBeam 500K CF ROC 
INTER        1       1       0     0.100000
TEMP       415.188      423.051      423.313
! d20 23-Apr-08 09:22:09 User Sazono   L.C.Hansen  Run 594842*d20_2008_04_5880
! d20 23-Apr-08 09:22:09 User Sazono   L.C.Hansen  Run 594842*d20_2008_04_5880
! Monitor/counts, Counting time/sec:       100000.      62.5111
   0.0953          4103.185      27.981
   0.1953          4210.077      28.806
   0.2953          4262.796      29.249
   0.3953          4121.943      28.577
   0.4953          3784.594      27.182
   0.5953          3477.979      25.849
   0.6953          3035.017      24.079
   0.7953          2580.720      22.262
   0.8953          2282.109      20.867
   0.9953          1930.671      19.241
   1.0953          1608.408      17.508
   1.1953          1297.401      15.693
   1.2953          1018.308      13.929
   1.3953           771.874      12.115
   1.4953           555.322      10.270
   1.5953           435.726       9.074
   1.6953           363.978       8.337
   1.7953           344.402       8.104
   1.8953           320.406       7.787
   1.9953           310.293       7.667
   2.0953           304.956       7.622
   2.1953           290.819       7.437
   2.2953           293.165       7.444
   2.3953           278.462       7.268
   2.4953           269.688       7.182
   2.5953           257.907       6.953
   2.6953           269.202       7.197
   2.7953           248.064       6.856
   2.8953           252.547       6.946
   2.9953           251.661       6.927
   3.0953           245.120       6.849
   3.1953           245.753       6.853
   3.2953           229.682       6.617
   3.3953           238.325       6.801
   3.4953           245.178       6.994
   3.5953           238.812       6.900
   3.6953           240.377       6.840
   3.7953           253.328       6.978
   3.8953           263.523       7.099
   3.9953           296.982       7.541
   4.0953           312.865       7.698
   4.1953           343.794       8.142
   4.2953           401.990       8.724
   4.3953           448.991       9.223
   4.4953           508.805       9.814
   4.5953           547.011      10.230
   4.6953           617.810      10.782
   4.7953           674.012      11.300
   4.8953           671.268      11.282
   4.9953           681.691      11.401
   5.0953           691.747      11.431
   5.1953           707.840      11.561
   5.2953           695.460      11.514
   5.3953           696.041      11.483
   5.4953           709.266      11.567
   5.5953           693.190      11.472
   5.6953           697.064      11.517
   5.7953           707.145      11.608
   5.8953           699.044      11.467
   5.9953           701.303      11.594
   6.0953           688.187      11.454
   6.1953           717.285      11.726
   6.2953           677.404      11.363
   6.3953           678.062      11.364
   6.4953           683.958      11.481
   6.5953           669.844      11.332
   6.6953           670.317      11.550
   6.7953           666.262      11.525
   6.8953           657.720      11.303
   6.9953           651.091      11.125
   7.0953           655.364      11.174
   7.1953           648.810      11.152
   7.2953           649.303      11.075
   7.3953           639.820      11.066
   7.4953           641.484      11.035
   7.5953           627.523      10.889
   7.6953           626.720      10.888
   7.7953           649.012      11.088
   7.8953           624.816      10.865
   7.9953           614.166      10.725
   8.0953           619.783      10.862
   8.1953           615.415      10.775
   8.2953           598.399      10.620
   8.3953           614.307      10.769
   8.4953           598.208      10.640
   8.5953           628.894      10.880
   8.6953           609.913      10.715
   8.7953           616.619      10.773
   8.8953           588.498      10.539
   8.9953           570.328      10.375
   9.0953           590.236      10.543
   9.1953           583.677      10.527
   9.2953           574.806      10.446
   9.3953           588.152      10.511
   9.4953           580.668      10.521
   9.5953           563.428      10.332
   9.6953           589.616      10.590
   9.7953           571.536      10.525
   9.8953           560.920      10.557
   9.9953           563.819      10.571
  10.0953           553.025      10.310
  10.1953           560.998      10.311
  10.2953           564.256      10.357
  10.3953           541.445      10.117
  10.4953           557.346      10.256
  10.5953           546.167      10.133
  10.6953           553.227      10.236
  10.7953           534.290       9.982
  10.8953           538.524      10.040
  10.9953           538.377      10.036
  11.0953           557.402      10.133
  11.1953           531.536       9.951
  11.2953           549.056      10.716
  11.3953           538.001       9.836
  11.4953           538.262       9.985
  11.5953           526.525       9.894
  11.6953           552.693      10.205
  11.7953           535.707      10.012
  11.8953           517.934       9.859
  11.9953           518.682       9.860
  12.0953           530.168      10.000
  12.1953           523.594       9.911
  12.2953           525.051       9.901
  12.3953           524.821       9.990
  12.4953           510.397       9.812
  12.5953           539.844      10.077
  12.6953           513.076       9.840
  12.7953           524.913      10.017
  12.8953           517.953       9.838
  12.9953           527.125      10.041
  13.0953           529.927      10.381
  13.1953           522.199       9.848
  13.2953           529.916      10.267
  13.3953           528.699      10.006
  13.4953           528.549      10.034
  13.5953           524.145       9.918
  13.6953           516.111       9.909
  13.7953           498.738       9.663
  13.8953           516.591       9.912
  13.9953           526.897       9.898
  14.0953           517.097       9.924
  14.1953           507.541       9.650
  14.2953           502.921       9.783
  14.3953           517.068       9.821
  14.4953           500.048       9.683
  14.5953           502.497       9.776
  14.6953           518.892       9.834
  14.7953           489.664       9.563
  14.8953           513.579       9.802
  14.9953           522.238       9.933
  15.0953           503.514       9.871
  15.1953           491.419       9.300
  15.2953           517.123      10.036
  15.3953           514.470       9.821
  15.4953           500.625       9.676
  15.5953           502.258       9.729
  15.6953           497.621       9.713
  15.7953           499.636       9.668
  15.8953           491.413       9.688
  15.9953           489.785       9.613
  16.0953           507.350       9.843
  16.1953           480.841       9.579
  16.2953           518.429      10.107
  16.3953           499.974       9.970
  16.4953           499.895       9.804
  16.5953           495.990       9.677
  16.6953           494.021       9.707
  16.7953           500.634       9.736
  16.8953           499.658       9.736
  16.9953           502.528       9.729
  17.0953           498.677       9.715
  17.1953           498.366       9.698
  17.2953           504.002       9.723
  17.3953           492.898       9.650
  17.4953           502.315       9.732
  17.5953           511.519       9.756
  17.6953           502.233       9.747
  17.7953           487.044       9.578
  17.8953           496.640       9.631
  17.9953           501.104       9.687
  18.0953           486.673       9.580
  18.1953           499.717       9.687
  18.2953           500.733       9.702
  18.3953           497.202       9.646
  18.4953           488.856       9.613
  18.5953           500.906       9.670
  18.6953           484.961       9.540
  18.7953           496.309       9.685
  18.8953           486.576       9.581
  18.9953           491.001       9.594
  19.0953           480.790       9.544
  19.1953           483.383       9.567
  19.2953           493.130       9.677
  19.3953           480.833       9.554
  19.4953           478.620       9.758
  19.5953           486.124       9.750
  19.6953           501.233       9.763
  19.7953           469.414       9.437
  19.8953           480.661       9.528
  19.9953           510.662       9.810
  20.0953           466.180       9.363
  20.1953           476.438       9.306
  20.2953           482.417       9.889
  20.3953           498.315       9.601
  20.4953           494.439       9.394
  20.5953           495.055       9.767
  20.6953           483.342       9.477
  20.7953           503.870       9.708
  20.8953           518.288       9.839
  20.9953           540.731      10.097
  21.0953           554.742      10.159
  21.1953           568.081      10.312
  21.2953           556.195      10.190
  21.3953           528.134       9.954
  21.4953           505.739       9.733
  21.5953           484.452       9.512
  21.6953           489.477       9.616
  21.7953           472.495       9.362
  21.8953           476.425       9.470
  21.9953           481.133       9.483
  22.0953           480.816       9.509
  22.1953           478.816       9.519
  22.2953           480.158       9.503
  22.3953           477.227       9.510
  22.4953           485.873       9.595
  22.5953           485.027       9.611
  22.6953           487.508       9.809
  22.7953           458.665       9.488
  22.8953           480.815       9.561
  22.9953           489.803       9.578
  23.0953           458.387       9.295
  23.1953           486.970       9.574
  23.2953           473.605       9.401
  23.3953           457.323       9.254
  23.4953           468.665       9.402
  23.5953           471.800       9.327
  23.6953           471.071       9.377
  23.7953           459.087       9.249
  23.8953           450.321       9.158
  23.9953           479.615       9.422
  24.0953           476.908       9.437
  24.1953           469.797       9.362
  24.2953           466.323       9.277
  24.3953           486.742       9.520
  24.4953           471.474       9.344
  24.5953           473.440       9.433
  24.6953           493.505       9.544
  24.7953           507.421       9.683
  24.8953           509.053       9.768
  24.9953           540.163      10.000
  25.0953           569.150      10.287
  25.1953           565.010      10.264
  25.2953           535.484      10.004
  25.3953           511.496       9.768
  25.4953           478.016       9.461
  25.5953           475.251       9.441
  25.6953           449.059       9.163
  25.7953           449.622       9.261
  25.8953           466.241       9.531
  25.9953           456.821       9.454
  26.0953           485.131       9.575
  26.1953           475.121       9.435
  26.2953           466.612       9.325
  26.3953           460.254       9.312
  26.4953           506.142       9.694
  26.5953           477.226       9.405
  26.6953           498.511       9.662
  26.7953           529.221       9.918
  26.8953           511.229       9.756
  26.9953           520.398       9.800
  27.0953           511.860       9.779
  27.1953           510.832       9.725
  27.2953           516.603       9.798
  27.3953           563.678      10.242
  27.4953           576.581      10.341
  27.5953           682.049      11.243
  27.6953           797.328      12.207
  27.7953           916.775      13.029
  27.8953           976.284      13.495
  27.9953           895.133      12.828
  28.0953           814.928      12.350
  28.1953           649.806      11.007
  28.2953           540.314       9.992
  28.3953           486.073       9.544
  28.4953           477.409       9.415
  28.5953           453.457       9.199
  28.6953           493.614       9.627
  28.7953           498.658       9.683
  28.8953           537.670      10.064
  28.9953           564.717      10.295
  29.0953           593.801      10.749
  29.1953           619.198      10.953
  29.2953           594.708      10.673
  29.3953           559.074      10.260
  29.4953           528.808       9.976
  29.5953           493.863       9.603
  29.6953           479.200       9.447
  29.7953           448.677       9.176
  29.8953           476.892       9.462
  29.9953           452.003       9.164
  30.0953           456.348       9.237
  30.1953           470.308       9.372
  30.2953           450.079       9.170
  30.3953           450.055       9.132
  30.4953           462.693       9.317
  30.5953           480.700       9.480
  30.6953           481.683       9.474
  30.7953           477.405       9.415
  30.8953           508.390       9.734
  30.9953           525.004       9.927
  31.0953           549.245      10.090
  31.1953           544.208      10.073
  31.2953           527.535       9.948
  31.3953           510.520       9.749
  31.4953           468.329       9.352
  31.5953           463.450       9.304
  31.6953           459.900       9.310
  31.7953           451.511       9.180
  31.8953           441.483       9.115
  31.9953           471.811       9.391
  32.0953           446.217       9.174
  32.1953           428.712       9.036
  32.2953           444.635       9.332
  32.3953           431.564       9.145
  32.4953           451.763       9.239
  32.5953           422.692       8.889
  32.6953           436.685       9.039
  32.7953           438.662       9.024
  32.8953           441.982       9.098
  32.9953           446.671       9.082
  33.0953           438.848       9.072
  33.1953           428.517       8.891
  33.2953           438.519       9.040
  33.3953           429.185       8.891
  33.4953           434.282       8.976
  33.5953           439.396       8.999
  33.6953           431.823       8.927
  33.7953           430.955       8.974
  33.8953           447.821       9.066
  33.9953           450.667       9.122
  34.0953           440.994       9.039
  34.1953           446.785       9.099
  34.2953           460.721       9.253
  34.3953           437.936       8.917
  34.4953           452.953       9.229
  34.5953           461.824       9.194
  34.6953           450.510       9.179
  34.7953           462.848       9.268
  34.8953           474.830       9.381
  34.9953           460.070       9.227
  35.0953           465.013       9.330
  35.1953           450.911       9.164
  35.2953           475.120       9.440
  35.3953           469.670       9.462
  35.4953           473.274       9.577
  35.5953           460.441       9.454
  35.6953           459.755       9.344
  35.7953           466.712       9.323
  35.8953           484.043       9.520
  35.9953           492.107       9.551
  36.0953           517.196       9.820
  36.1953           547.870      10.075
  36.2953           553.057      10.179
  36.3953           573.974      10.304
  36.4953           555.398      10.178
  36.5953           540.757       9.968
  36.6953           499.173       9.635
  36.7953           449.665       9.098
  36.8953           447.468       9.111
  36.9953           473.719       9.374
  37.0953           445.478       9.073
  37.1953           451.340       9.105
  37.2953           450.475       9.157
  37.3953           450.131       9.115
  37.4953           457.704       9.180
  37.5953           444.289       9.086
  37.6953           461.650       9.240
  37.7953           467.443       9.319
  37.8953           453.272       9.141
  37.9953           452.902       9.171
  38.0953           481.364       9.460
  38.1953           447.544       9.132
  38.2953           472.342       9.348
  38.3953           472.480       9.406
  38.4953           469.134       9.320
  38.5953           448.389       9.230
  38.6953           469.589       9.550
  38.7953           480.812       9.674
  38.8953           475.662       9.479
  38.9953           498.417       9.689
  39.0953           543.424      10.082
  39.1953           597.222      10.523
  39.2953           672.913      11.200
  39.3953           683.039      11.250
  39.4953           657.322      11.074
  39.5953           590.544      10.443
  39.6953           526.696       9.889
  39.7953           463.075       9.247
  39.8953           451.141       9.156
  39.9953           459.573       9.197
  40.0953           471.696       9.343
  40.1953           455.209       9.217
  40.2953           468.072       9.286
  40.3953           484.891       9.459
  40.4953           463.191       9.284
  40.5953           467.182       9.305
  40.6953           464.817       9.269
  40.7953           463.014       9.275
  40.8953           470.782       9.360
  40.9953           461.317       9.243
  41.0953           457.354       9.184
  41.1953           468.684       9.370
  41.2953           484.794       9.489
  41.3953           471.942       9.366
  41.4953           482.756       9.519
  41.5953           480.038       9.460
  41.6953           479.392       9.458
  41.7953           454.165       9.313
  41.8953           511.736      10.144
  41.9953           524.806       9.806
  42.0953           582.619      10.684
  42.1953           684.570      11.302
  42.2953           800.390      12.324
  42.3953           936.209      13.206
  42.4953           947.088      13.337
  42.5953           880.862      12.737
  42.6953           800.872      12.291
  42.7953           705.854      11.455
  42.8953           618.394      10.687
  42.9953           564.616      10.291
  43.0953           512.011       9.728
  43.1953           526.902       9.872
  43.2953           549.602      10.138
  43.3953           601.020      10.528
  43.4953           633.413      10.853
  43.5953           656.623      11.036
  43.6953           632.105      10.796
  43.7953           559.257      10.187
  43.8953           507.575       9.722
  43.9953           470.386       9.311
  44.0953           485.445       9.482
  44.1953           492.244       9.609
  44.2953           526.926       9.867
  44.3953           606.343      10.654
  44.4953           700.863      11.416
  44.5953           766.061      11.887
  44.6953           817.550      12.410
  44.7953           778.471      12.070
  44.8953           628.597      10.852
  44.9953           542.335      10.143
  45.0953           494.376       9.829
  45.1953           461.682       9.452
  45.2953           470.269       9.398
  45.3953           454.714       9.204
  45.4953           455.627       9.183
  45.5953           462.002       9.273
  45.6953           480.181       9.419
  45.7953           507.166       9.671
  45.8953           561.370      10.208
  45.9953           684.440      11.214
  46.0953           830.445      12.347
  46.1953           928.111      13.076
  46.2953           923.653      13.052
  46.3953           768.671      11.871
  46.4953           618.216      10.670
  46.5953           510.005       9.685
  46.6953           459.279       9.186
  46.7953           477.933       9.389
  46.8953           459.853       9.188
  46.9953           480.891       9.375
  47.0953           490.680       9.514
  47.1953           512.559       9.711
  47.2953           579.161      10.332
  47.3953           627.914      10.742
  47.4953           669.165      11.114
  47.5953           636.976      10.802
  47.6953           572.266      10.300
  47.7953           537.356       9.951
  47.8953           506.879       9.691
  47.9953           533.389       9.969
  48.0953           623.378      10.719
  48.1953           872.049      12.870
  48.2953          1339.907      16.093
  48.3953          1999.902      19.726
  48.4953          2941.738      23.465
  48.5953          3461.401      25.416
  48.6953          3459.922      25.328
  48.7953          3156.653      24.275
  48.8953          2561.844      21.729
  48.9953          1892.562      18.708
  49.0953          1283.382      15.477
  49.1953           793.434      12.065
  49.2953           560.298      10.162
  49.3953           489.261       9.508
  49.4953           475.135       9.358
  49.5953           476.637       9.369
  49.6953           466.957       9.249
  49.7953           486.626       9.518
  49.8953           491.917       9.474
  49.9953           471.482       9.302
  50.0953           468.706       9.318
  50.1953           475.808       9.367
  50.2953           470.861       9.312
  50.3953           475.471       9.363
  50.4953           468.999       9.297
  50.5953           480.293       9.436
  50.6953           506.176       9.651
  50.7953           531.220       9.925
  50.8953           594.260      10.487
  50.9953           740.816      11.719
  51.0953           850.876      12.574
  51.1953           855.086      12.610
  51.2953           793.750      12.158
  51.3953           608.685      10.641
  51.4953           519.694      10.073
  51.5953           491.994       9.737
  51.6953           481.915       9.530
  51.7953           459.225       9.238
  51.8953           519.820       9.804
  51.9953           525.781       9.837
  52.0953           521.589       9.833
  52.1953           517.744       9.784
  52.2953           537.566       9.907
  52.3953           557.922      10.149
  52.4953           512.150       9.684
  52.5953           511.655       9.676
  52.6953           482.053       9.407
  52.7953           460.531       9.179
  52.8953           461.680       9.223
  52.9953           448.840       9.040
  53.0953           451.806       9.117
  53.1953           460.326       9.170
  53.2953           433.837       8.919
  53.3953           463.123       9.216
  53.4953           443.679       9.034
  53.5953           439.185       8.946
  53.6953           455.679       9.158
  53.7953           468.706       9.285
  53.8953           454.061       9.092
  53.9953           465.188       9.274
  54.0953           447.868       9.085
  54.1953           470.118       9.293
  54.2953           498.131       9.585
  54.3953           524.746       9.875
  54.4953           566.997      10.230
  54.5953           600.799      10.607
  54.6953           602.248      10.782
  54.7953           556.197      10.386
  54.8953           526.251       9.903
  54.9953           500.838       9.664
  55.0953           508.097       9.673
  55.1953           477.678       9.408
  55.2953           492.788       9.500
  55.3953           469.171       9.302
  55.4953           460.299       9.208
  55.5953           475.784       9.320
  55.6953           467.906       9.301
  55.7953           461.967       9.217
  55.8953           464.962       9.229
  55.9953           454.407       9.121
  56.0953           459.734       9.178
  56.1953           458.182       9.173
  56.2953           478.521       9.367
  56.3953           456.072       9.120
  56.4953           459.658       9.212
  56.5953           458.308       9.183
  56.6953           446.211       9.033
  56.7953           459.539       9.180
  56.8953           475.638       9.362
  56.9953           480.892       9.361
  57.0953           473.897       9.350
  57.1953           468.460       9.277
  57.2953           460.299       9.232
  57.3953           442.861       9.053
  57.4953           441.651       8.978
  57.5953           439.491       9.056
  57.6953           465.434       9.292
  57.7953           431.385       8.970
  57.8953           458.517       9.473
  57.9953           440.922       9.168
  58.0953           456.998       9.257
  58.1953           444.053       9.076
  58.2953           441.904       9.026
  58.3953           437.533       9.018
  58.4953           441.751       8.987
  58.5953           440.302       9.022
  58.6953           437.232       8.944
  58.7953           443.772       9.023
  58.8953           449.703       9.085
  58.9953           428.320       8.908
  59.0953           443.284       8.887
  59.1953           453.391       9.165
  59.2953           497.031       9.553
  59.3953           474.015       9.312
  59.4953           466.339       9.224
  59.5953           466.342       9.228
  59.6953           467.613       9.249
  59.7953           462.531       9.254
  59.8953           473.603       9.237
  59.9953           435.491       8.959
  60.0953           459.131       9.195
  60.1953           443.455       8.992
  60.2953           460.209       9.155
  60.3953           460.923       9.224
  60.4953           456.730       9.129
  60.5953           464.602       9.231
  60.6953           492.019       9.520
  60.7953           516.319       9.754
  60.8953           552.579      10.133
  60.9953           546.911      10.125
  61.0953           524.583      10.018
  61.1953           490.664       9.718
  61.2953           471.922       9.347
  61.3953           465.846       9.251
  61.4953           461.695       9.174
  61.5953           443.181       9.018
  61.6953           456.089       9.116
  61.7953           465.443       9.210
  61.8953           479.446       9.385
  61.9953           465.462       9.182
  62.0953           473.529       9.244
  62.1953           485.265       9.448
  62.2953           453.576       9.044
  62.3953           477.620       9.306
  62.4953           504.907       9.557
  62.5953           500.535       9.587
  62.6953           464.665       9.145
  62.7953           453.081       9.067
  62.8953           440.813       8.937
  62.9953           437.952       8.912
  63.0953           442.351       8.940
  63.1953           454.195       9.059
  63.2953           440.741       9.006
  63.3953           433.404       8.832
  63.4953           463.054       9.147
  63.5953           448.404       9.057
  63.6953           459.674       9.157
  63.7953           462.988       9.142
  63.8953           483.777       9.421
  63.9953           615.392      10.577
  64.0953           907.659      12.898
  64.1953          1513.070      16.713
  64.2953          2066.800      19.547
  64.3953          2244.858      21.158
  64.4953          1949.011      18.757
  64.5953          1567.639      17.106
  64.6953           535.765       9.477
  64.7953           721.616      11.066
  64.8953           592.683      11.429
  64.9953           627.731      12.428
  65.0953           711.894      11.650
  65.1953           756.326      10.823
  65.2953           678.341      11.016
  65.3953           560.992      10.066
  65.4953           504.670       9.591
  65.5953           471.059       9.203
  65.6953           461.576       9.202
  65.7953           453.315       9.079
  65.8953           459.255       9.121
  65.9953           456.617       9.118
  66.0953           472.954       9.308
  66.1953           468.710       9.228
  66.2953           452.362       9.071
  66.3953           487.011       9.407
  66.4953           459.452       9.219
  66.5953           447.695       8.988
  66.6953           463.611       9.210
  66.7953           455.231       9.152
  66.8953           466.159       9.260
  66.9953           450.146       9.052
  67.0953           452.139       9.131
  67.1953           441.885       8.997
  67.2953           479.514       9.433
  67.3953           535.505       9.973
  67.4953           624.698      10.965
  67.5953           707.006      11.614
  67.6953           683.102      11.230
  67.7953           587.583      10.381
  67.8953           522.795       9.772
  67.9953           458.533       9.149
  68.0953           439.928       8.915
  68.1953           441.305       8.943
  68.2953           438.203       8.943
  68.3953           444.222       8.940
  68.4953           463.246       9.152
  68.5953           453.077       9.042
  68.6953           454.933       9.066
  68.7953           527.623       9.749
  68.8953           674.037      10.986
  68.9953           819.363      12.206
  69.0953           918.534      12.782
  69.1953           783.083      11.888
  69.2953           611.044      10.513
  69.3953           519.870       9.713
  69.4953           466.448       9.115
  69.5953           459.268       9.115
  69.6953           455.797       9.067
  69.7953           462.243       9.132
  69.8953           446.198       8.947
  69.9953           477.829       9.317
  70.0953           519.834       9.727
  70.1953           574.773      10.183
  70.2953           556.220      10.075
  70.3953           528.170       9.810
  70.4953           491.422       9.435
  70.5953           489.886       9.518
  70.6953           527.511      10.012
  70.7953           552.856      10.210
  70.8953           541.431       9.972
  70.9953           467.737       9.230
  71.0953           469.065       9.267
  71.1953           449.249       8.999
  71.2953           444.791       8.984
  71.3953           439.412       8.912
  71.4953           441.789       8.935
  71.5953           443.641       8.948
  71.6953           443.574       8.929
  71.7953           459.141       9.089
  71.8953           437.512       8.899
  71.9953           445.857       8.957
  72.0953           441.142       8.938
  72.1953           443.537       8.928
  72.2953           490.873       9.397
  72.3953           551.053       9.945
  72.4953           675.770      11.025
  72.5953           728.190      11.519
  72.6953           699.854      11.164
  72.7953           645.347      10.739
  72.8953           610.096      10.463
  72.9953           501.004       9.418
  73.0953           482.127       9.304
  73.1953           444.071       8.796
  73.2953           453.891       8.817
  73.3953           501.018       8.198
  73.4953           526.234      18.547
  73.5953           591.226       9.903
  73.6953           637.122       9.975
  73.7953           583.386       9.445
  73.8953           489.467      12.753
  73.9953           473.344       8.974
  74.0953           433.294       8.891
  74.1953           446.371       8.983
  74.2953           443.976       8.970
  74.3953           434.532       8.890
  74.4953           436.693       8.864
  74.5953           429.356       8.870
  74.6953           449.240       9.028
  74.7953           433.520       8.873
  74.8953           455.500       9.043
  74.9953           432.034       8.874
  75.0953           434.605       8.884
  75.1953           431.204       8.817
  75.2953           461.172       9.138
  75.3953           445.066       8.999
  75.4953           435.429       8.857
  75.5953           462.768       9.141
  75.6953           469.612       9.228
  75.7953           511.820       9.621
  75.8953           553.270      10.008
  75.9953           595.123      10.396
  76.0953           645.924      10.798
  76.1953           697.832      11.280
  76.2953           811.294      12.067
  76.3953           883.644      12.707
  76.4953           823.880      12.215
  76.5953           709.723      11.339
  76.6953           654.772      10.948
  76.7953           850.940      12.468
  76.8953          1323.709      15.572
  76.9953          1898.414      18.751
  77.0953          2046.083      19.762
  77.1953          1576.707      17.367
  77.2953          1016.839      13.752
  77.3953           747.690      11.726
  77.4953           918.997      12.973
  77.5953          1588.265      17.142
  77.6953          2313.527      20.448
  77.7953          2366.662      20.797
  77.8953          1714.977      17.729
  77.9953           939.532      13.082
  78.0953           558.731      10.066
  78.1953           471.279       9.291
  78.2953           464.926       9.194
  78.3953           457.478       9.124
  78.4953           438.084       8.929
  78.5953           471.470       9.280
  78.6953           488.634       9.430
  78.7953           534.845       9.866
  78.8953           610.784      10.580
  78.9953           595.481      10.425
  79.0953           548.406      10.002
  79.1953           487.003       9.409
  79.2953           433.066       8.913
  79.3953           452.159       9.070
  79.4953           424.171       8.746
  79.5953           430.662       8.905
  79.6953           439.977       8.974
  79.7953           442.631       8.987
  79.8953           435.270       8.962
  79.9953           438.298       8.977
  80.0953           426.898       8.873
  80.1953           436.595       9.025
  80.2953           417.461       8.984
  80.3953           428.895       9.004
  80.4953           428.026       8.935
  80.5953           437.084       8.946
  80.6953           473.296       9.347
  80.7953           486.490       9.420
  80.8953           535.894       9.910
  80.9953           483.573       9.359
  81.0953           465.906       9.226
  81.1953           429.082       8.821
  81.2953           449.687       9.059
  81.3953           464.197       9.148
  81.4953           453.821       9.084
  81.5953           477.622       9.310
  81.6953           475.720       9.287
  81.7953           464.408       9.198
  81.8953           482.287       9.327
  81.9953           482.996       9.340
  82.0953           500.202       9.535
  82.1953           506.489       9.616
  82.2953           495.799       9.448
  82.3953           477.742       9.302
  82.4953           459.153       9.148
  82.5953           443.260       8.964
  82.6953           436.440       8.855
  82.7953           429.876       8.894
  82.8953           441.552       8.961
  82.9953           437.951       8.919
  83.0953           493.215       9.495
  83.1953           621.198      10.671
  83.2953           790.971      12.040
  83.3953           882.029      12.764
  83.4953           840.458      12.688
  83.5953           640.667      11.035
  83.6953           538.495      10.013
  83.7953           507.979       9.631
  83.8953           484.282       9.445
  83.9953           487.342       9.444
  84.0953           584.885      10.336
  84.1953           642.527      10.811
  84.2953           586.549      10.354
  84.3953           506.552       9.546
  84.4953           423.497       8.794
  84.5953           436.225       8.901
  84.6953           439.838       8.923
  84.7953           436.429       8.888
  84.8953           450.588       9.163
  84.9953           458.764       8.919
  85.0953           460.740       9.235
  85.1953           416.419       8.670
  85.2953           436.455       8.898
  85.3953           406.106       8.606
  85.4953           414.133       8.656
  85.5953           434.951       8.854
  85.6953           422.460       8.767
  85.7953           450.082       9.034
  85.8953           446.802       8.990
  85.9953           447.593       9.078
  86.0953           485.058       9.344
  86.1953           457.838       9.170
  86.2953           452.028       9.048
  86.3953           436.879       8.946
  86.4953           443.543       9.075
  86.5953           483.071       9.400
  86.6953           658.688      11.218
  86.7953          1082.652      14.402
  86.8953          1972.465      19.128
  86.9953          2815.294      22.701
  87.0953          2936.274      23.180
  87.1953          2345.175      20.693
  87.2953          1677.928      17.440
  87.3953          1077.294      14.014
  87.4953           637.277      10.783
  87.5953           477.190       9.280
  87.6953           436.709       8.887
  87.7953           439.638       8.944
  87.8953           420.261       8.727
  87.9953           404.571       8.531
  88.0953           420.517       8.740
  88.1953           435.293       8.893
  88.2953           430.338       8.801
  88.3953           437.681       8.890
  88.4953           420.819       8.744
  88.5953           426.169       8.786
  88.6953           432.840       8.843
  88.7953           424.017       8.788
  88.8953           432.495       8.826
  88.9953           427.339       8.828
  89.0953           422.300       8.724
  89.1953           416.952       8.740
  89.2953           419.826       8.709
  89.3953           420.791       8.753
  89.4953           431.904       8.894
  89.5953           441.766       8.938
  89.6953           488.690       9.486
  89.7953           587.313      10.386
  89.8953           751.156      11.950
  89.9953           883.404      12.974
  90.0953           757.894      11.842
  90.1953           574.957      10.272
  90.2953           465.015       9.221
  90.3953           450.730       9.044
  90.4953           424.385       8.723
  90.5953           408.874       8.620
  90.6953           417.795       8.689
  90.7953           405.352       8.567
  90.8953           423.188       8.733
  90.9953           419.336       8.704
  91.0953           395.929       8.486
  91.1953           417.236       8.644
  91.2953           443.533       8.972
  91.3953           488.849       9.370
  91.4953           645.073      10.819
  91.5953           880.776      12.608
  91.6953           954.508      13.141
  91.7953           796.611      12.035
  91.8953           571.956      10.095
  91.9953           475.758       9.309
  92.0953           488.248       9.372
  92.1953           506.898       9.593
  92.2953           485.934       9.360
  92.3953           451.554       9.073
  92.4953           409.934       8.636
  92.5953           419.511       8.719
  92.6953           400.091       8.522
  92.7953           424.119       8.828
  92.8953           436.855       8.919
  92.9953           461.410       9.260
  93.0953           487.625       9.647
  93.1953           459.776       9.364
  93.2953           448.377       9.181
  93.3953           419.304       8.787
  93.4953           425.410       8.845
  93.5953           419.305       8.774
  93.6953           410.898       8.686
  93.7953           419.191       8.760
  93.8953           411.487       8.692
  93.9953           402.275       8.588
  94.0953           409.650       8.617
  94.1953           418.196       8.745
  94.2953           477.736       9.349
  94.3953           535.968       9.863
  94.4953           648.800      10.885
  94.5953           703.801      11.335
  94.6953           648.954      10.886
  94.7953           510.274       9.631
  94.8953           445.469       9.026
  94.9953           495.587       9.550
  95.0953           631.263      10.667
  95.1953           850.526      12.546
  95.2953          1000.437      13.494
  95.3953           854.846      12.496
  95.4953           683.159      11.168
  95.5953           673.863      11.116
  95.6953           671.080      11.097
  95.7953           721.933      11.506
  95.8953           693.926      11.208
  95.9953           632.984      10.931
  96.0953           544.382       9.932
  96.1953           546.156      10.117
  96.2953           606.147      10.778
  96.3953           903.185      13.109
  96.4953          1292.947      15.577
  96.5953          1457.594      16.382
  96.6953          1109.084      14.317
  96.7953           702.225      11.404
  96.8953           571.710      10.212
  96.9953           646.820      10.905
  97.0953           689.037      11.259
  97.1953           652.997      10.876
  97.2953           620.062      10.669
  97.3953           665.107      11.039
  97.4953           695.167      11.280
  97.5953           593.392      10.396
  97.6953           492.855       9.490
  97.7953           448.860       9.052
  97.8953           448.466       9.036
  97.9953           486.128       9.403
  98.0953           536.454       9.902
  98.1953           601.013      10.501
  98.2953           625.220      10.628
  98.3953           602.114      10.518
  98.4953           561.612      10.163
  98.5953           553.526      10.005
  98.6953           592.369      10.392
  98.7953           583.428      10.362
  98.8953           533.271       9.899
  98.9953           462.810       9.190
  99.0953           452.333       9.135
  99.1953           461.037       9.175
  99.2953           426.854       8.914
  99.3953           448.506       9.121
  99.4953           417.190       8.970
  99.5953           406.929       8.801
  99.6953           411.530       8.760
  99.7953           401.466       8.552
  99.8953           411.119       8.669
  99.9953           434.731       8.913
 100.0953           482.826       9.369
 100.1953           521.481       9.729
 100.2953           549.687      10.013
 100.3953           496.367       9.462
 100.4953           450.247       9.038
 100.5953           411.634       8.632
 100.6953           404.531       8.559
 100.7953           410.146       8.601
 100.8953           451.163       9.038
 100.9953           413.967       8.643
 101.0953           413.239       8.647
 101.1953           404.057       8.533
 101.2953           405.697       8.572
 101.3953           400.667       8.513
 101.4953           409.775       8.606
 101.5953           391.075       8.440
 101.6953           400.283       8.505
 101.7953           397.826       8.472
 101.8953           407.560       8.617
 101.9953           405.500       8.573
 102.0953           409.939       8.635
 102.1953           408.557       8.600
 102.2953           426.784       8.832
 102.3953           404.050       8.585
 102.4953           448.222       9.008
 102.5953           544.798      10.051
 102.6953           737.932      11.836
 102.8953           879.148      12.824
 102.9953           652.056      10.942
 103.0953           515.405       9.728
 103.1953           457.376       9.168
 103.2953           427.266       8.818
 103.3953           424.715       8.816
 103.4953           423.247       8.783
 103.5953           420.398       8.713
 103.6953           427.231       8.811
 103.7953           438.237       8.931
 103.8953           424.832       8.782
 103.9953           434.868       8.888
 104.0953           398.120       8.498
 104.1953           417.104       8.728
 104.2953           420.446       8.720
 104.3953           431.130       8.850
 104.4953           396.764       8.484
 104.5953           392.113       8.445
 104.6953           404.977       8.564
 104.7953           406.483       8.604
 104.8953           400.772       8.539
 104.9953           421.705       8.778
 105.0953           438.045       8.886
 105.1953           440.737       9.008
 105.2953           418.482       8.720
 105.3953           426.461       8.839
 105.4953           507.318       9.634
 105.5953           612.671      10.584
 105.6953           727.174      11.493
 105.7953           777.586      12.030
 105.8953           836.863      12.766
 105.9953           775.187      11.885
 106.0953           683.830      11.407
 106.1953           553.577      10.052
 106.2953           473.977       9.355
 106.3953           517.571       9.686
 106.4953           624.748      10.675
 106.5953           710.625      11.365
 106.6953           683.118      11.163
 106.7953           566.711      10.110
 106.8953           496.580       9.340
 106.9953           469.489       9.585
 107.0953           448.975       8.851
 107.1953           426.122       8.759
 107.2953           397.885       8.524
 107.3953           406.316       8.549
 107.4953           466.079       9.190
 107.5953           564.307      10.098
 107.6953           694.464      11.220
 107.7953           716.772      11.418
 107.8953           570.386      10.158
 107.9953           466.116       9.214
 108.0953           406.139       8.568
 108.1953           408.629       8.636
 108.2953           412.729       8.647
 108.3953           419.843       8.752
 108.4953           473.886       9.265
 108.5953           529.905       9.835
 108.6953           650.784      10.913
 108.7953           735.456      11.595
 108.8953           752.474      11.678
 108.9953           760.652      11.935
 109.0953           734.985      11.806
 109.1953           681.560      11.381
 109.2953           552.522      10.161
 109.3953           488.261       9.447
 109.4953           453.838       9.130
 109.5953           435.665       8.978
 109.6953           438.276       8.906
 109.7953           495.986       9.536
 109.8953           580.113      10.258
 109.9953           652.406      10.898
 110.0953           649.095      10.839
 110.1953           523.167       9.740
 110.2953           427.462       8.805
 110.3953           403.810       8.547
 110.4953           401.320       8.506
 110.5953           409.056       8.658
 110.6953           452.851       9.032
 110.7953           519.726       9.708
 110.8953           594.316      10.371
 110.9953           620.852      10.627
 111.0953           562.904      10.081
 111.1953           460.906       9.136
 111.2953           391.102       8.421
 111.3953           398.346       8.516
 111.4953           404.480       8.542
 111.5953           398.901       8.551
 111.6953           400.177       8.501
 111.7953           389.277       8.467
 111.8953           379.270       8.263
 111.9953           364.288       8.222
 112.0953           365.407       8.142
 112.1953           393.403       8.568
 112.2953           421.813       8.954
 112.3953           471.181       9.452
 112.4953           634.810      10.817
 112.5953           792.062      11.987
 112.6953           810.681      12.161
 112.7953           680.769      11.092
 112.8953           540.568       9.879
 112.9953           410.601       8.595
 113.0953           376.190       8.272
 113.1953           378.987       8.258
 113.2953           373.525       8.186
 113.3953           363.049       8.114
 113.4953           371.250       8.178
 113.5953           374.249       8.232
 113.6953           413.778       8.604
 113.7953           450.968       9.007
 113.8953           495.163       9.442
 113.9953           492.081       9.389
 114.0953           475.232       9.223
 114.1953           424.958       8.825
 114.2953           371.385       8.135
 114.3953           380.343       8.280
 114.4953           357.878       8.035
 114.5953           382.759       8.290
 114.6953           384.896       8.371
 114.7953           381.043       8.218
 114.8953           375.510       8.312
 114.9953           375.456       8.217
 115.0953           371.059       8.217
 115.1953           407.813       8.597
 115.2953           524.475       9.805
 115.3953           617.649      10.629
 115.4953           701.446      11.565
 115.5953           694.784      11.425
 115.6953           611.986      10.628
 115.7953           503.044       9.548
 115.8953           430.141       8.843
 115.9953           429.384       8.848
 116.0953           436.506       8.877
 116.1953           436.738       8.900
 116.2953           427.589       8.802
 116.3953           403.819       8.536
 116.4953           371.277       8.240
 116.5953           356.178       7.935
 116.6953           345.917       7.923
 116.7953           359.865       8.043
 116.8953           366.070       8.129
 116.9953           360.482       8.071
 117.0953           383.385       8.291
 117.1953           388.202       8.380
 117.2953           353.109       7.972
 117.3953           362.891       8.092
 117.4953           371.640       8.188
 117.5953           354.295       7.984
 117.6953           361.206       8.073
 117.7953           364.189       8.111
 117.8953           382.102       8.275
 117.9953           387.300       8.456
 118.0953           397.168       8.345
 118.1953           425.280       8.852
 118.2953           458.395       9.101
 118.3953           456.358       9.116
 118.4953           464.883       9.183
 118.5953           476.427       9.372
 118.6953           459.389       9.279
 118.7953           461.550       9.402
 118.8953           520.643       9.727
 118.9953           643.224      10.854
 119.0953           766.838      11.742
 119.1953           805.367      12.103
 119.2953           716.899      11.376
 119.3953           642.678      10.767
 119.4953           515.610       9.638
 119.5953           471.294       9.230
 119.6953           400.234       8.447
 119.7953           354.303       8.005
 119.8953           357.128       8.010
 119.9953           339.061       7.791
 120.0953           361.843       8.031
 120.1953           342.523       7.994
 120.2953           353.922       7.696
 120.3953           347.493       8.025
 120.4953           334.640       7.745
 120.5953           334.877       7.790
 120.6953           326.630       7.598
 120.7953           338.153       7.813
 120.8953           332.871       7.712
 120.9953           335.924       7.774
 121.0953           345.693       7.863
 121.1953           334.267       7.767
 121.2953           345.672       7.901
 121.3953           364.442       8.093
 121.4953           413.619       8.636
 121.5953           443.307       9.043
 121.6953           502.132       9.389
 121.7953           524.636       9.983
 121.8953           543.150      10.031
 121.9953           553.387      10.229
 122.0953           496.257       9.561
 122.1953           425.490       8.777
 122.2953           379.210       8.327
 122.3953           356.979       8.043
 122.4953           333.848       7.811
 122.5953           330.158       7.728
 122.6953           349.615       7.989
 122.7953           361.468       8.075
 122.8953           398.795       8.472
 122.9953           394.728       8.489
 123.0953           408.727       8.592
 123.1953           392.571       8.400
 123.2953           368.933       8.178
 123.3953           348.928       7.932
 123.4953           341.479       7.842
 123.5953           340.923       7.840
 123.6953           334.566       7.797
 123.7953           330.015       7.721
 123.8953           373.677       8.205
 123.9953           385.156       8.336
 124.0953           414.371       8.663
 124.1953           409.703       8.611
 124.2953           396.103       8.468
 124.3953           386.869       8.381
 124.4953           368.942       8.203
 124.5953           332.050       7.745
 124.6953           345.373       7.961
 124.7953           326.033       7.624
 124.8953           345.031       7.955
 124.9953           372.512       8.296
 125.0953           425.485       8.915
 125.1953           457.664       9.303
 125.2953           512.981       9.740
 125.3953           516.198       9.774
 125.4953           503.978       9.519
 125.5953           440.494       8.925
 125.6953           370.611       8.181
 125.7953           347.738       7.889
 125.8953           341.439       7.841
 125.9953           344.311       7.858
 126.0953           334.865       7.719
 126.1953           331.737       7.717
 126.2953           334.620       7.750
 126.3953           333.026       7.695
 126.4953           350.977       7.966
 126.5953           371.347       8.135
 126.6953           424.642       8.713
 126.7953           465.750       9.117
 126.8953           482.045       9.291
 126.9953           459.605       9.102
 127.0953           442.310       8.864
 127.1953           378.251       8.213
 127.2953           359.326       8.025
 127.3953           348.492       7.945
 127.4953           336.920       7.740
 127.5953           327.084       7.669
 127.6953           319.867       7.567
 127.7953           321.604       7.629
 127.8953           331.555       7.711
 127.9953           335.617       7.814
 128.0953           333.631       7.723
 128.1953           324.044       7.733
 128.2953           325.766       7.816
 128.3953           320.899       7.772
 128.4953           336.571       7.861
 128.5953           343.243       7.895
 128.6953           363.819       8.115
 128.7953           387.117       8.380
 128.8953           457.207       9.063
 128.9953           483.141       9.355
 129.0953           497.596       9.503
 129.1953           503.713       9.489
 129.2953           470.459       9.186
 129.3953           411.630       8.630
 129.4953           377.756       8.224
 129.5953           367.280       8.120
 129.6953           361.593       8.063
 129.7953           342.523       7.866
 129.8953           327.895       7.661
 129.9953           336.376       7.783
 130.0953           349.774       7.905
 130.1953           347.083       7.907
 130.2953           318.995       7.569
 130.3953           352.024       7.945
 130.4953           358.715       8.039
 130.5953           390.480       8.382
 130.6953           407.851       8.557
 130.7953           416.314       8.677
 130.8953           401.486       8.513
 130.9953           413.284       8.631
 131.0953           402.526       8.534
 131.1953           389.188       8.409
 131.2953           379.675       8.269
 131.3953           362.719       8.172
 131.4953           357.871       8.189
 131.5953           348.081       8.128
 131.6953           329.073       7.767
 131.7953           333.045       7.766
 131.8953           333.787       7.750
 131.9953           331.070       7.760
 132.0953           334.944       7.748
 132.1953           325.052       7.681
 132.2953           331.628       7.733
 132.3953           335.457       7.739
 132.4953           318.300       7.572
 132.5953           327.580       7.645
 132.6953           351.126       7.968
 132.7953           349.068       7.885
 132.8953           354.781       7.971
 132.9953           357.238       8.002
 133.0953           353.560       7.952
 133.1953           383.935       8.158
 133.2953           364.169       8.331
 133.3953           370.009       8.027
 133.4953           381.109       8.250
 133.5953           406.839       8.537
 133.6953           398.741       8.449
 133.7953           392.503       8.401
 133.8953           372.740       8.130
 133.9953           381.319       8.301
 134.0953           335.183       7.761
 134.1953           349.501       7.900
 134.2953           327.358       7.692
 134.3953           314.168       7.534
 134.4953           316.430       7.549
 134.5953           312.377       7.572
 134.6953           295.488       7.481
 134.7953           305.715       7.542
 134.8953           301.463       7.442
 134.9953           305.034       7.396
 135.0953           315.635       7.522
 135.1953           337.078       7.795
 135.2953           311.365       7.475
 135.3953           321.365       7.585
 135.4953           334.610       7.761
 135.5953           371.192       8.123
 135.6953           421.527       8.692
 135.7953           534.127       9.742
 135.8953           631.789      10.655
 135.9953           734.768      11.453
 136.0953           768.102      11.709
 136.1953           810.022      12.055
 136.2953           747.596      11.525
 136.3953           684.403      11.060
 136.4953           560.026      10.015
 136.5953           477.659       9.256
 136.6953           402.368       8.447
 136.7953           354.160       7.959
 136.8953           356.362       7.988
 136.9953           368.213       8.079
 137.0953           406.438       8.534
 137.1953           482.796       9.321
 137.2953           538.430       9.817
 137.3953           578.528      10.167
 137.4953           567.957      10.096
 137.5953           584.376      10.254
 137.6953           546.367       9.926
 137.7953           496.256       9.491
 137.8953           434.895       9.031
 137.9953           373.618       8.363
 138.0953           338.226       7.866
 138.1953           347.726       7.876
 138.2953           299.183       7.359
 138.3953           312.192       7.467
 138.4953           304.626       7.380
 138.5953           307.863       7.415
 138.6953           315.257       7.493
 138.7953           306.950       7.373
 138.8953           306.003       7.361
 138.9953           304.590       7.368
 139.0953           317.990       7.508
 139.1953           305.780       7.333
 139.2953           310.476       7.456
 139.3953           322.018       7.523
 139.4953           343.315       7.827
 139.5953           383.175       8.188
 139.6953           422.291       8.680
 139.7953           441.368       8.872
 139.8953           459.132       8.997
 139.9953           483.725       9.261
 140.0953           478.128       9.207
 140.1953           528.902       9.721
 140.2953           509.785       9.483
 140.3953           529.958       9.744
 140.4953           527.014       9.688
 140.5953           531.739       9.741
 140.6953           561.138      10.041
 140.7953           540.956       9.832
 140.8953           529.653       9.747
 140.9953           505.412       9.620
 141.0953           465.316       9.312
 141.1953           423.841       8.894
 141.2953           397.733       8.484
 141.3953           379.030       8.209
 141.4953           368.319       8.125
 141.5953           394.267       8.364
 141.6953           445.445       8.920
 141.7953           474.008       9.203
 141.8953           538.986       9.768
 141.9953           568.094       9.994
 142.0953           597.486      10.303
 142.1953           622.754      10.526
 142.2953           599.781      10.312
 142.3953           629.306      10.502
 142.4953           574.554      10.117
 142.5953           528.650       9.679
 142.6953           510.444       9.490
 142.7953           480.190       9.197
 142.8953           467.508       9.099
 142.9953           478.537       9.206
 143.0953           499.112       9.364
 143.1953           473.509       9.164
 143.2953           464.375       9.062
 143.3953           454.387       8.968
 143.4953           420.584       8.612
 143.5953           392.570       8.337
 143.6953           377.193       8.227
 143.7953           351.033       7.984
 143.8953           323.491       7.322
 143.9953           318.505       7.669
 144.0953           317.793       7.501
 144.1953           316.589       7.594
 144.2953           287.068       7.268
 144.3953           309.298       7.610
 144.4953           304.846       7.453
 144.5953           292.908       7.239
 144.6953           288.802       7.173
 144.7953           306.595       7.401
 144.8953           299.389       7.289
 144.9953           308.458       7.405
 145.0953           319.941       7.529
 145.1953           321.424       7.568
 145.2953           329.838       7.613
 145.3953           341.638       7.789
 145.4953           359.609       7.983
 145.5953           350.221       7.268
 145.6953           431.518      10.643
 145.7953           368.252       7.477
 145.8953           377.846       8.164
 145.9953           404.712       8.444
 146.0953           399.274       8.404
 146.1953           383.669       8.248
 146.2953           398.440       8.398
 146.3953           403.303       8.382
 146.4953           396.612       8.427
 146.5953           384.208       8.235
 146.6953           363.514       8.013
 146.7953           344.184       7.841
 146.8953           338.556       7.751
 146.9953           330.952       7.676
 147.0953           338.256       7.760
 147.1953           320.750       7.558
 147.2953           312.513       7.464
 147.3953           312.013       7.508
 147.4953           304.986       7.547
 147.5953           302.655       7.485
 147.6953           300.691       7.403
 147.7953           308.661       7.410
 147.8953           306.558       7.426
 147.9953           292.963       7.197
 148.0953           291.268       7.223
 148.1953           283.888       7.073
 148.2953           288.528       7.195
 148.3953           304.082       7.332
 148.4953           306.032       7.464
 148.5953           309.411       7.174
 148.6953           336.646       7.867
 148.7953           360.513       8.210
 148.8953           342.510       7.371
 148.9953           339.046       7.760
 149.0953           352.058       8.045
 149.1953           339.111       7.575
 149.2953           349.992       7.795
 149.3953           323.573       7.539
 149.4953           340.319       7.656
 149.5953           334.961       7.556
 149.6953           333.070       7.812
 149.7953           331.676       7.641
 149.8953           316.090       7.227
 149.9953           325.513       7.970
 150.0953           346.222       7.327
 150.1953           368.355       8.900
 150.2953           375.448       7.748
 150.3953           408.272       8.579
 150.4953           413.947       8.585
 150.5953           435.117       8.845
 150.6953           448.850       8.270
 150.7953             0.000       0.000
 150.8953             0.000       0.000
