XYDATA  Co2SiO4 8mmV 1.87A HiRes FullBeam 500K CF ROC 
INTER        1       1       0     0.100000
TEMP       220.032      227.793      227.707
! d20 23-Apr-08 09:22:09 User Sazono   L.C.Hansen  Run 594842*d20_2008_04_5880
! d20 23-Apr-08 09:22:09 User Sazono   L.C.Hansen  Run 594842*d20_2008_04_5880
! Monitor/counts, Counting time/sec:       100000.      62.5111
   0.0953          4109.812      28.022
   0.1953          4280.830      29.066
   0.2953          4263.067      29.269
   0.3953          4151.064      28.696
   0.4953          3835.415      27.382
   0.5953          3457.454      25.789
   0.6953          3043.904      24.130
   0.7953          2614.817      22.424
   0.8953          2262.698      20.791
   0.9953          1934.505      19.273
   1.0953          1603.612      17.493
   1.1953          1338.613      15.951
   1.2953          1057.399      14.203
   1.3953           783.153      12.211
   1.4953           554.135      10.265
   1.5953           424.363       8.960
   1.6953           361.004       8.308
   1.7953           334.720       7.994
   1.8953           323.474       7.829
   1.9953           316.197       7.744
   2.0953           296.762       7.523
   2.1953           291.194       7.447
   2.2953           299.224       7.525
   2.3953           290.605       7.429
   2.4953           284.985       7.388
   2.5953           271.198       7.134
   2.6953           271.478       7.232
   2.7953           249.523       6.881
   2.8953           248.470       6.894
   2.9953           238.613       6.749
   3.0953           249.271       6.911
   3.1953           226.346       6.581
   3.2953           234.753       6.694
   3.3953           231.631       6.709
   3.4953           245.694       7.006
   3.5953           230.130       6.777
   3.6953           239.322       6.829
   3.7953           259.433       7.066
   3.8953           266.162       7.139
   3.9953           290.075       7.457
   4.0953           306.437       7.623
   4.1953           350.419       8.225
   4.2953           379.936       8.487
   4.3953           426.608       8.996
   4.4953           485.192       9.589
   4.5953           551.358      10.278
   4.6953           578.648      10.442
   4.7953           631.812      10.947
   4.8953           668.145      11.263
   4.9953           683.334      11.422
   5.0953           685.071      11.383
   5.1953           700.243      11.506
   5.2953           695.402      11.521
   5.3953           695.799      11.489
   5.4953           694.688      11.455
   5.5953           693.324      11.481
   5.6953           684.430      11.420
   5.7953           682.674      11.413
   5.8953           688.264      11.386
   5.9953           697.024      11.566
   6.0953           681.055      11.402
   6.1953           690.180      11.509
   6.2953           687.440      11.454
   6.3953           669.016      11.296
   6.4953           672.294      11.390
   6.5953           664.755      11.296
   6.6953           676.962      11.615
   6.7953           632.377      11.235
   6.8953           653.120      11.271
   6.9953           628.701      10.939
   7.0953           639.418      11.044
   7.1953           656.174      11.222
   7.2953           644.653      11.043
   7.3953           644.671      11.115
   7.4953           625.768      10.906
   7.5953           638.174      10.988
   7.6953           613.886      10.783
   7.7953           594.446      10.618
   7.8953           605.373      10.702
   7.9953           617.022      10.757
   8.0953           606.665      10.753
   8.1953           605.060      10.691
   8.2953           583.125      10.490
   8.3953           596.380      10.618
   8.4953           594.241      10.611
   8.5953           592.187      10.565
   8.6953           605.985      10.687
   8.7953           577.636      10.434
   8.8953           560.711      10.294
   8.9953           580.704      10.475
   9.0953           572.699      10.392
   9.1953           573.209      10.439
   9.2953           579.350      10.494
   9.3953           566.144      10.319
   9.4953           559.077      10.330
   9.5953           559.790      10.305
   9.6953           543.512      10.174
   9.7953           544.125      10.276
   9.8953           570.997      10.658
   9.9953           550.253      10.449
  10.0953           553.353      10.320
  10.1953           555.837      10.270
  10.2953           554.129      10.270
  10.3953           537.599      10.088
  10.4953           545.209      10.151
  10.5953           536.137      10.046
  10.6953           560.011      10.305
  10.7953           532.177       9.969
  10.8953           547.093      10.126
  10.9953           522.769       9.895
  11.0953           554.430      10.112
  11.1953           541.738      10.053
  11.2953           525.879      10.495
  11.3953           535.813       9.822
  11.4953           524.300       9.861
  11.5953           512.306       9.766
  11.6953           513.769       9.846
  11.7953           520.092       9.871
  11.8953           529.692       9.976
  11.9953           519.163       9.871
  12.0953           535.007      10.052
  12.1953           516.377       9.849
  12.2953           526.476       9.921
  12.3953           500.166       9.759
  12.4953           520.124       9.911
  12.5953           519.438       9.891
  12.6953           509.957       9.816
  12.7953           523.292      10.008
  12.8953           499.530       9.667
  12.9953           499.642       9.782
  13.0953           521.037      10.300
  13.1953           520.454       9.837
  13.2953           523.227      10.208
  13.3953           503.964       9.775
  13.4953           513.587       9.897
  13.5953           500.572       9.698
  13.6953           514.871       9.903
  13.7953           500.131       9.683
  13.8953           502.207       9.780
  13.9953           524.411       9.880
  14.0953           519.099       9.950
  14.1953           514.812       9.726
  14.2953           502.426       9.784
  14.3953           499.425       9.658
  14.4953           515.905       9.841
  14.5953           512.480       9.879
  14.6953           497.718       9.638
  14.7953           503.576       9.704
  14.8953           511.993       9.794
  14.9953           497.930       9.706
  15.0953           483.229       9.676
  15.1953           493.640       9.327
  15.2953           510.961       9.982
  15.3953           494.851       9.638
  15.4953           507.452       9.748
  15.5953           501.395       9.727
  15.6953           494.465       9.688
  15.7953           503.652       9.713
  15.8953           496.064       9.740
  15.9953           506.858       9.785
  16.0953           491.173       9.691
  16.1953           473.242       9.509
  16.2953           502.518       9.957
  16.3953           487.077       9.846
  16.4953           491.680       9.729
  16.5953           499.277       9.715
  16.6953           480.902       9.584
  16.7953           503.176       9.767
  16.8953           493.462       9.681
  16.9953           489.592       9.609
  17.0953           479.036       9.528
  17.1953           471.223       9.436
  17.2953           471.209       9.407
  17.3953           485.207       9.580
  17.4953           486.531       9.584
  17.5953           475.275       9.410
  17.6953           490.564       9.639
  17.7953           487.295       9.586
  17.8953           495.035       9.622
  17.9953           480.555       9.492
  18.0953           495.044       9.668
  18.1953           479.106       9.491
  18.2953           473.890       9.444
  18.3953           492.970       9.611
  18.4953           493.652       9.666
  18.5953           485.844       9.530
  18.6953           469.795       9.396
  18.7953           490.891       9.638
  18.8953           478.888       9.511
  18.9953           486.564       9.557
  19.0953           480.271       9.545
  19.1953           482.299       9.562
  19.2953           495.097       9.702
  19.3953           478.030       9.532
  19.4953           458.314       9.554
  19.5953           475.781       9.652
  19.6953           483.404       9.594
  19.7953           472.110       9.471
  19.8953           478.633       9.514
  19.9953           463.756       9.354
  20.0953           479.213       9.499
  20.1953           482.150       9.368
  20.2953           500.907      10.083
  20.3953           486.174       9.489
  20.4953           484.706       9.308
  20.5953           489.130       9.715
  20.6953           491.038       9.559
  20.7953           497.026       9.648
  20.8953           503.429       9.703
  20.9953           534.252      10.043
  21.0953           547.259      10.096
  21.1953           563.001      10.272
  21.2953           537.463      10.024
  21.3953           513.406       9.821
  21.4953           511.082       9.791
  21.5953           478.903       9.463
  21.6953           484.620       9.574
  21.7953           485.183       9.493
  21.8953           481.376       9.525
  21.9953           478.570       9.464
  22.0953           497.070       9.674
  22.1953           511.472       9.845
  22.2953           500.181       9.705
  22.3953           488.094       9.624
  22.4953           484.412       9.587
  22.5953           469.820       9.465
  22.6953           463.225       9.568
  22.7953           469.480       9.605
  22.8953           459.343       9.351
  22.9953           459.665       9.285
  23.0953           475.027       9.468
  23.1953           450.641       9.216
  23.2953           475.711       9.428
  23.3953           454.536       9.232
  23.4953           456.990       9.290
  23.5953           483.858       9.451
  23.6953           456.348       9.235
  23.7953           466.957       9.334
  23.8953           440.454       9.063
  23.9953           453.533       9.168
  24.0953           455.077       9.224
  24.1953           457.508       9.245
  24.2953           443.264       9.050
  24.3953           450.066       9.160
  24.4953           457.242       9.208
  24.5953           474.051       9.445
  24.6953           462.345       9.243
  24.7953           479.756       9.421
  24.8953           503.514       9.721
  24.9953           515.828       9.778
  25.0953           553.309      10.149
  25.1953           532.306       9.969
  25.2953           525.129       9.913
  25.3953           495.899       9.624
  25.4953           486.697       9.552
  25.5953           449.938       9.192
  25.6953           444.768       9.125
  25.7953           438.163       9.148
  25.8953           444.397       9.311
  25.9953           457.802       9.470
  26.0953           446.381       9.191
  26.1953           459.970       9.289
  26.2953           477.293       9.437
  26.3953           479.153       9.507
  26.4953           466.437       9.312
  26.5953           498.077       9.614
  26.6953           465.014       9.338
  26.7953           489.872       9.549
  26.8953           514.313       9.792
  26.9953           507.021       9.679
  27.0953           499.983       9.671
  27.1953           500.734       9.635
  27.2953           514.849       9.788
  27.3953           550.425      10.127
  27.4953           566.365      10.255
  27.5953           634.108      10.848
  27.6953           713.560      11.556
  27.7953           817.816      12.314
  27.8953           911.228      13.046
  27.9953           908.439      12.932
  28.0953           839.035      12.540
  28.1953           692.289      11.369
  28.2953           564.332      10.218
  28.3953           499.463       9.681
  28.4953           464.633       9.295
  28.5953           458.902       9.260
  28.6953           475.067       9.450
  28.7953           483.291       9.539
  28.8953           513.455       9.841
  28.9953           557.174      10.232
  29.0953           580.341      10.633
  29.1953           599.233      10.782
  29.2953           566.890      10.427
  29.3953           523.959       9.939
  29.4953           510.640       9.809
  29.5953           484.587       9.518
  29.6953           459.670       9.258
  29.7953           459.406       9.291
  29.8953           469.984       9.400
  29.9953           465.054       9.301
  30.0953           482.405       9.503
  30.1953           469.418       9.370
  30.2953           453.841       9.214
  30.3953           445.252       9.089
  30.4953           451.449       9.209
  30.5953           453.414       9.213
  30.6953           452.067       9.184
  30.7953           480.810       9.455
  30.8953           481.419       9.478
  30.9953           510.452       9.795
  31.0953           530.086       9.919
  31.1953           534.079       9.985
  31.2953           528.215       9.961
  31.3953           490.664       9.564
  31.4953           471.177       9.386
  31.5953           455.440       9.230
  31.6953           441.613       9.129
  31.7953           442.184       9.091
  31.8953           433.758       9.041
  31.9953           431.787       8.990
  32.0953           440.558       9.121
  32.1953           441.475       9.176
  32.2953           434.613       9.232
  32.3953           415.814       8.982
  32.4953           417.331       8.885
  32.5953           426.982       8.940
  32.6953           433.874       9.016
  32.7953           432.905       8.970
  32.8953           421.353       8.889
  32.9953           434.484       8.963
  33.0953           422.694       8.909
  33.1953           439.972       9.015
  33.2953           427.696       8.934
  33.3953           439.333       9.002
  33.4953           420.533       8.838
  33.5953           404.514       8.640
  33.6953           433.858       8.954
  33.7953           417.657       8.840
  33.8953           414.019       8.722
  33.9953           429.056       8.906
  34.0953           430.612       8.938
  34.1953           426.014       8.891
  34.2953           443.444       9.084
  34.3953           414.857       8.684
  34.4953           423.779       8.932
  34.5953           451.602       9.098
  34.6953           426.551       8.937
  34.7953           467.720       9.323
  34.8953           460.962       9.249
  34.9953           447.687       9.108
  35.0953           452.111       9.206
  35.1953           454.291       9.204
  35.2953           439.846       9.089
  35.3953           446.790       9.234
  35.4953           456.024       9.407
  35.5953           474.063       9.599
  35.6953           451.408       9.265
  35.7953           462.090       9.283
  35.8953           449.968       9.185
  35.9953           467.492       9.315
  36.0953           501.802       9.679
  36.1953           530.204       9.918
  36.2953           523.558       9.910
  36.3953           535.251       9.957
  36.4953           538.928      10.032
  36.5953           537.774       9.947
  36.6953           499.071       9.640
  36.7953           478.086       9.387
  36.8953           462.354       9.267
  36.9953           434.570       8.984
  37.0953           436.057       8.982
  37.1953           452.658       9.125
  37.2953           447.886       9.137
  37.3953           449.418       9.113
  37.4953           440.589       9.012
  37.5953           439.092       9.039
  37.6953           439.272       9.019
  37.7953           443.108       9.079
  37.8953           453.856       9.152
  37.9953           462.228       9.271
  38.0953           431.142       8.959
  38.1953           445.134       9.113
  38.2953           444.597       9.075
  38.3953           452.643       9.213
  38.4953           445.445       9.087
  38.5953           450.109       9.254
  38.6953           453.853       9.394
  38.7953           460.763       9.477
  38.8953           460.759       9.335
  38.9953           482.267       9.537
  39.0953           511.147       9.785
  39.1953           549.150      10.097
  39.2953           635.695      10.892
  39.3953           668.515      11.137
  39.4953           636.492      10.905
  39.5953           593.710      10.477
  39.6953           553.782      10.146
  39.7953           482.167       9.442
  39.8953           449.675       9.147
  39.9953           462.378       9.231
  40.0953           464.148       9.274
  40.1953           466.079       9.333
  40.2953           464.063       9.252
  40.3953           476.830       9.386
  40.4953           459.687       9.255
  40.5953           472.054       9.359
  40.6953           449.866       9.124
  40.7953           447.792       9.127
  40.8953           440.634       9.061
  40.9953           453.193       9.167
  41.0953           460.530       9.222
  41.1953           461.032       9.299
  41.2953           435.742       9.002
  41.3953           456.166       9.214
  41.4953           454.800       9.245
  41.5953           463.477       9.301
  41.6953           449.356       9.163
  41.7953           454.942       9.327
  41.8953           468.085       9.708
  41.9953           490.242       9.484
  42.0953           529.213      10.188
  42.1953           564.546      10.270
  42.2953           675.992      11.333
  42.3953           821.195      12.376
  42.4953           928.936      13.217
  42.5953           936.592      13.142
  42.6953           849.887      12.669
  42.7953           769.137      11.965
  42.8953           681.536      11.227
  42.9953           575.301      10.395
  43.0953           533.592       9.938
  43.1953           500.906       9.631
  43.2953           512.849       9.799
  43.3953           544.349      10.026
  43.4953           603.868      10.604
  43.5953           633.504      10.847
  43.6953           619.438      10.694
  43.7953           585.069      10.426
  43.8953           518.114       9.828
  43.9953           465.823       9.272
  44.0953           469.560       9.332
  44.1953           491.375       9.607
  44.2953           495.590       9.575
  44.3953           523.688       9.907
  44.4953           574.004      10.338
  44.5953           688.903      11.280
  44.6953           752.384      11.913
  44.7953           782.848      12.111
  44.8953           707.849      11.524
  44.9953           609.726      10.762
  45.0953           515.958      10.048
  45.1953           467.123       9.513
  45.2953           463.538       9.336
  45.3953           451.568       9.178
  45.4953           435.266       8.981
  45.5953           454.580       9.205
  45.6953           451.559       9.140
  45.7953           482.143       9.436
  45.8953           532.715       9.951
  45.9953           608.583      10.581
  46.0953           763.127      11.843
  46.1953           877.648      12.724
  46.2953           914.131      12.993
  46.3953           824.009      12.299
  46.4953           647.603      10.928
  46.5953           548.428      10.050
  46.6953           477.538       9.372
  46.7953           451.388       9.131
  46.8953           446.286       9.057
  46.9953           450.387       9.079
  47.0953           465.999       9.277
  47.1953           481.524       9.418
  47.2953           527.843       9.870
  47.3953           588.784      10.408
  47.4953           620.663      10.711
  47.5953           635.045      10.793
  47.6953           586.744      10.436
  47.7953           550.785      10.081
  47.8953           493.430       9.567
  47.9953           490.783       9.568
  48.0953           534.275       9.930
  48.1953           629.294      10.940
  48.2953           916.748      13.320
  48.3953          1299.528      15.911
  48.4953          2115.624      19.912
  48.5953          2926.156      23.384
  48.6953          3446.932      25.297
  48.7953          3458.122      25.424
  48.8953          3027.829      23.638
  48.9953          2410.743      21.128
  49.0953          1668.585      17.659
  49.1953          1037.718      13.807
  49.2953           693.199      11.311
  49.3953           528.203       9.885
  49.4953           486.640       9.477
  49.5953           484.446       9.452
  49.6953           478.569       9.369
  49.7953           455.926       9.219
  49.8953           457.278       9.140
  49.9953           459.773       9.192
  50.0953           461.887       9.256
  50.1953           457.394       9.190
  50.2953           462.061       9.230
  50.3953           474.053       9.355
  50.4953           459.820       9.211
  50.5953           433.935       8.974
  50.6953           463.149       9.237
  50.7953           503.676       9.670
  50.8953           531.631       9.925
  50.9953           625.910      10.779
  51.0953           770.461      11.973
  51.1953           808.881      12.273
  51.2953           819.022      12.358
  51.3953           691.453      11.349
  51.4953           573.163      10.585
  51.5953           490.698       9.731
  51.6953           463.091       9.348
  51.7953           460.748       9.260
  51.8953           467.700       9.306
  51.9953           479.822       9.403
  52.0953           493.856       9.574
  52.1953           502.298       9.644
  52.2953           537.162       9.910
  52.3953           522.212       9.825
  52.4953           522.348       9.786
  52.5953           532.477       9.878
  52.6953           482.491       9.417
  52.7953           474.871       9.327
  52.8953           459.876       9.210
  52.9953           445.406       9.011
  53.0953           455.521       9.160
  53.1953           426.702       8.834
  53.2953           442.294       9.011
  53.3953           429.547       8.882
  53.4953           438.354       8.985
  53.5953           440.847       8.969
  53.6953           445.021       9.056
  53.7953           425.456       8.852
  53.8953           452.093       9.078
  53.9953           445.230       9.079
  54.0953           436.076       8.971
  54.1953           444.777       9.045
  54.2953           447.049       9.086
  54.3953           463.444       9.286
  54.4953           515.781       9.763
  54.5953           570.247      10.341
  54.6953           591.618      10.693
  54.7953           573.620      10.554
  54.8953           551.381      10.143
  54.9953           503.351       9.694
  55.0953           476.471       9.373
  55.1953           470.684       9.345
  55.2953           491.039       9.489
  55.3953           466.635       9.283
  55.4953           459.048       9.201
  55.5953           448.234       9.052
  55.6953           455.547       9.183
  55.7953           439.536       8.996
  55.8953           447.945       9.065
  55.9953           446.923       9.051
  56.0953           458.858       9.175
  56.1953           448.472       9.081
  56.2953           444.612       9.034
  56.3953           435.106       8.913
  56.4953           448.416       9.104
  56.5953           443.602       9.040
  56.6953           444.405       9.021
  56.7953           451.499       9.105
  56.8953           428.810       8.895
  56.9953           451.942       9.081
  57.0953           462.128       9.239
  57.1953           472.928       9.327
  57.2953           465.158       9.286
  57.3953           452.886       9.161
  57.4953           451.543       9.084
  57.5953           423.046       8.891
  57.6953           433.887       8.977
  57.7953           425.776       8.917
  57.8953           425.783       9.134
  57.9953           447.983       9.247
  58.0953           434.670       9.034
  58.1953           424.744       8.882
  58.2953           418.835       8.793
  58.3953           428.788       8.933
  58.4953           421.807       8.788
  58.5953           422.168       8.839
  58.6953           425.884       8.832
  58.7953           417.882       8.761
  58.8953           433.919       8.930
  58.9953           434.255       8.975
  59.0953           423.152       8.688
  59.1953           428.548       8.916
  59.2953           439.923       8.993
  59.3953           473.527       9.314
  59.4953           446.837       9.035
  59.5953           451.762       9.088
  59.6953           448.058       9.060
  59.7953           449.031       9.124
  59.8953           439.748       8.906
  59.9953           447.129       9.084
  60.0953           446.256       9.071
  60.1953           463.754       9.202
  60.2953           432.527       8.881
  60.3953           440.069       9.019
  60.4953           427.891       8.842
  60.5953           427.353       8.859
  60.6953           462.577       9.237
  60.7953           475.271       9.364
  60.8953           482.385       9.473
  60.9953           541.234      10.078
  61.0953           521.235       9.992
  61.1953           529.474      10.102
  61.2953           500.719       9.635
  61.3953           465.159       9.250
  61.4953           436.547       8.926
  61.5953           434.193       8.932
  61.6953           426.561       8.822
  61.7953           435.740       8.917
  61.8953           438.663       8.982
  61.9953           456.266       9.096
  62.0953           456.244       9.080
  62.1953           467.465       9.279
  62.2953           456.871       9.083
  62.3953           462.797       9.167
  62.4953           473.666       9.263
  62.5953           484.260       9.436
  62.6953           478.062       9.281
  62.7953           452.756       9.070
  62.8953           433.759       8.871
  62.9953           425.619       8.791
  63.0953           426.450       8.784
  63.1953           434.693       8.868
  63.2953           428.221       8.883
  63.3953           437.749       8.882
  63.4953           434.334       8.864
  63.5953           437.437       8.952
  63.6953           423.358       8.793
  63.7953           418.746       8.699
  63.8953           449.854       9.090
  63.9953           468.512       9.235
  64.0953           573.824      10.262
  64.1953           874.072      12.710
  64.2953          1410.805      16.160
  64.3953          2018.704      20.077
  64.4953          2278.344      20.293
  64.5953          2160.923      20.097
  64.6953           789.824      11.515
  64.7953           945.379      12.675
  64.8953           646.875      11.948
  64.9953           573.821      11.890
  65.0953           565.972      10.394
  65.1953           637.858       9.946
  65.2953           720.602      11.361
  65.3953           693.053      11.196
  65.4953           602.989      10.490
  65.5953           491.837       9.410
  65.6953           459.599       9.188
  65.7953           449.710       9.049
  65.8953           431.719       8.849
  65.9953           438.056       8.936
  66.0953           431.363       8.895
  66.1953           440.744       8.954
  66.2953           431.628       8.866
  66.3953           455.967       9.108
  66.4953           435.959       8.985
  66.5953           457.672       9.094
  66.6953           421.325       8.785
  66.7953           445.681       9.062
  66.8953           420.139       8.797
  66.9953           431.582       8.869
  67.0953           432.404       8.935
  67.1953           425.572       8.835
  67.2953           452.250       9.167
  67.3953           462.148       9.271
  67.4953           521.799      10.027
  67.5953           582.001      10.544
  67.6953           668.265      11.115
  67.7953           653.732      10.957
  67.8953           580.554      10.305
  67.9953           473.386       9.302
  68.0953           452.078       9.043
  68.1953           442.782       8.964
  68.2953           431.821       8.883
  68.3953           435.963       8.862
  68.4953           437.943       8.904
  68.5953           418.597       8.696
  68.6953           433.622       8.857
  68.7953           452.883       9.038
  68.8953           501.472       9.482
  68.9953           616.999      10.599
  69.0953           780.238      11.788
  69.1953           834.160      12.278
  69.2953           766.556      11.783
  69.3953           607.055      10.502
  69.4953           515.573       9.589
  69.5953           477.436       9.299
  69.6953           434.704       8.860
  69.7953           420.911       8.720
  69.8953           420.176       8.688
  69.9953           432.766       8.873
  70.0953           435.364       8.907
  70.1953           454.629       9.062
  70.2953           522.574       9.772
  70.3953           569.364      10.192
  70.4953           540.136       9.898
  70.5953           483.664       9.464
  70.6953           510.680       9.857
  70.7953           502.575       9.741
  70.8953           540.474       9.970
  70.9953           521.250       9.750
  71.0953           468.203       9.265
  71.1953           438.452       8.896
  71.2953           438.820       8.930
  71.3953           458.085       9.105
  71.4953           429.688       8.817
  71.5953           427.580       8.790
  71.6953           405.438       8.542
  71.7953           417.021       8.667
  71.8953           422.301       8.749
  71.9953           437.600       8.879
  72.0953           404.523       8.564
  72.1953           412.965       8.620
  72.2953           411.149       8.605
  72.3953           446.049       8.953
  72.4953           487.484       9.370
  72.5953           588.961      10.366
  72.6953           686.488      11.064
  72.7953           722.073      11.367
  72.8953           680.436      11.057
  72.9953           558.039       9.946
  73.0953           533.470       9.794
  73.1953           468.725       9.042
  73.2953           434.232       8.630
  73.3953           431.667       7.614
  73.4953           445.647      17.077
  73.5953           490.638       9.027
  73.6953           591.806       9.619
  73.7953           621.355       9.754
  73.8953           566.010      13.724
  73.9953           520.992       9.421
  74.0953           451.397       9.081
  74.1953           437.891       8.903
  74.2953           410.422       8.629
  74.3953           404.300       8.581
  74.4953           421.756       8.717
  74.5953           412.104       8.696
  74.6953           424.920       8.786
  74.7953           442.811       8.974
  74.8953           437.922       8.873
  74.9953           426.565       8.824
  75.0953           406.603       8.599
  75.1953           414.786       8.653
  75.2953           426.399       8.792
  75.3953           409.369       8.636
  75.4953           409.644       8.596
  75.5953           410.373       8.613
  75.6953           424.994       8.784
  75.7953           441.830       8.945
  75.8953           466.398       9.195
  75.9953           489.299       9.432
  76.0953           540.260       9.882
  76.1953           607.053      10.528
  76.2953           700.889      11.223
  76.3953           772.790      11.890
  76.4953           849.067      12.409
  76.5953           824.210      12.227
  76.6953           709.884      11.407
  76.7953           581.076      10.309
  76.8953           614.002      10.612
  76.9953           824.220      12.363
  77.0953          1211.381      15.215
  77.1953          1877.208      18.963
  77.2953          2043.193      19.508
  77.3953          1628.806      17.319
  77.4953          1023.443      13.700
  77.5953           855.553      12.588
  77.6953          1309.552      15.394
  77.7953          2020.177      19.227
  77.8953          2413.167      21.045
  77.9953          2025.051      19.219
  78.0953          1190.106      14.702
  78.1953           646.367      10.888
  78.2953           480.096       9.349
  78.3953           437.288       8.926
  78.4953           431.174       8.864
  78.5953           420.113       8.766
  78.6953           450.072       9.056
  78.7953           446.218       9.017
  78.8953           481.439       9.399
  78.9953           529.349       9.835
  79.0953           565.010      10.159
  79.1953           546.082       9.970
  79.2953           495.912       9.544
  79.3953           455.293       9.108
  79.4953           422.189       8.731
  79.5953           416.647       8.764
  79.6953           417.995       8.752
  79.7953           409.756       8.652
  79.8953           418.272       8.791
  79.9953           425.972       8.855
  80.0953           409.345       8.694
  80.1953           413.609       8.790
  80.2953           405.022       8.855
  80.3953           410.134       8.810
  80.4953           404.104       8.687
  80.5953           413.253       8.704
  80.6953           415.661       8.765
  80.7953           421.523       8.774
  80.8953           445.716       9.044
  80.9953           461.520       9.148
  81.0953           486.272       9.432
  81.1953           479.592       9.332
  81.2953           439.115       8.958
  81.3953           430.306       8.813
  81.4953           438.925       8.939
  81.5953           434.977       8.890
  81.6953           460.534       9.143
  81.7953           433.799       8.896
  81.8953           444.066       8.955
  81.9953           442.548       8.946
  82.0953           448.232       9.032
  82.1953           469.650       9.266
  82.2953           480.930       9.311
  82.3953           470.739       9.239
  82.4953           456.093       9.124
  82.5953           451.459       9.053
  82.6953           454.282       9.041
  82.7953           424.531       8.844
  82.8953           425.180       8.799
  82.9953           416.499       8.704
  83.0953           424.268       8.812
  83.1953           461.542       9.203
  83.2953           539.435       9.949
  83.3953           704.276      11.413
  83.4953           831.567      12.629
  83.5953           829.753      12.566
  83.6953           677.763      11.242
  83.7953           532.593       9.868
  83.8953           498.930       9.593
  83.9953           463.223       9.213
  84.0953           475.317       9.324
  84.1953           526.200       9.790
  84.2953           621.540      10.666
  84.3953           594.773      10.351
  84.4953           507.096       9.630
  84.5953           459.891       9.145
  84.6953           411.032       8.631
  84.7953           399.276       8.507
  84.8953           418.503       8.837
  84.9953           428.616       8.626
  85.0953           440.752       9.038
  85.1953           421.477       8.728
  85.2953           417.938       8.713
  85.3953           408.091       8.632
  85.4953           395.637       8.466
  85.5953           410.775       8.610
  85.6953           404.051       8.579
  85.7953           414.697       8.677
  85.8953           404.253       8.557
  85.9953           432.862       8.933
  86.0953           423.125       8.732
  86.1953           454.749       9.144
  86.2953           443.359       8.966
  86.3953           401.479       8.581
  86.4953           424.959       8.888
  86.5953           419.568       8.766
  86.6953           443.519       9.210
  86.7953           515.738       9.946
  86.8953           799.625      12.186
  86.9953          1484.155      16.493
  87.0953          2463.273      21.245
  87.1953          2971.496      23.308
  87.2953          2753.564      22.356
  87.3953          2004.546      19.130
  87.4953          1277.659      15.279
  87.5953           737.408      11.545
  87.6953           507.555       9.587
  87.7953           434.737       8.900
  87.8953           420.076       8.731
  87.9953           428.699       8.787
  88.0953           410.687       8.643
  88.1953           422.934       8.771
  88.2953           407.455       8.569
  88.3953           412.201       8.633
  88.4953           409.531       8.632
  88.5953           420.732       8.735
  88.6953           414.216       8.656
  88.7953           397.379       8.513
  88.8953           407.250       8.570
  88.9953           404.869       8.599
  89.0953           406.053       8.560
  89.1953           411.066       8.683
  89.2953           399.919       8.505
  89.3953           403.824       8.580
  89.4953           398.150       8.545
  89.5953           402.485       8.537
  89.6953           400.604       8.594
  89.7953           408.724       8.669
  89.8953           486.691       9.625
  89.9953           614.123      10.824
  90.0953           742.193      11.726
  90.1953           798.294      12.112
  90.2953           713.992      11.434
  90.3953           522.925       9.748
  90.4953           451.154       9.000
  90.5953           397.933       8.509
  90.6953           394.620       8.450
  90.7953           402.247       8.539
  90.8953           380.404       8.285
  90.9953           383.861       8.333
  91.0953           387.331       8.398
  91.1953           387.100       8.331
  91.2953           416.655       8.701
  91.3953           395.397       8.432
  91.4953           445.264       8.994
  91.5953           496.900       9.476
  91.6953           671.101      11.025
  91.7953           866.840      12.563
  91.8953           921.771      12.825
  91.9953           749.860      11.695
  92.0953           522.214       9.699
  92.1953           452.996       9.074
  92.2953           451.161       9.025
  92.3953           483.180       9.391
  92.4953           479.359       9.345
  92.5953           424.046       8.772
  92.6953           402.607       8.555
  92.7953           410.308       8.689
  92.8953           408.233       8.627
  92.9953           407.652       8.709
  93.0953           434.535       9.112
  93.1953           468.201       9.455
  93.2953           450.650       9.210
  93.3953           434.417       8.950
  93.4953           390.584       8.481
  93.5953           405.318       8.632
  93.6953           409.221       8.674
  93.7953           384.158       8.391
  93.8953           400.798       8.584
  93.9953           386.447       8.423
  94.0953           375.860       8.259
  94.1953           389.977       8.450
  94.2953           412.556       8.694
  94.3953           415.401       8.688
  94.4953           453.209       9.102
  94.5953           498.635       9.547
  94.6953           561.274      10.130
  94.7953           646.949      10.852
  94.8953           646.259      10.879
  94.9953           567.378      10.225
  95.0953           486.199       9.367
  95.1953           488.548       9.514
  95.2953           664.173      11.001
  95.3953           896.011      12.801
  95.4953           976.234      13.359
  95.5953           796.860      12.096
  95.6953           653.933      10.961
  95.7953           651.789      10.939
  95.8953           695.546      11.229
  95.9953           699.033      11.495
  96.0953           653.991      10.894
  96.1953           583.843      10.468
  96.2953           531.878      10.102
  96.3953           484.187       9.603
  96.4953           526.753       9.948
  96.5953           699.684      11.356
  96.6953          1068.870      14.064
  96.7953          1351.175      15.829
  96.8953          1332.908      15.605
  96.9953           948.002      13.211
  97.0953           638.881      10.849
  97.1953           631.887      10.705
  97.2953           690.541      11.266
  97.3953           690.188      11.253
  97.4953           660.316      11.001
  97.5953           693.761      11.248
  97.6953           659.879      10.989
  97.7953           526.783       9.813
  97.8953           447.767       9.035
  97.9953           416.620       8.710
  98.0953           432.426       8.896
  98.1953           465.628       9.248
  98.2953           508.782       9.593
  98.3953           581.174      10.340
  98.4953           625.513      10.732
  98.5953           601.876      10.439
  98.6953           523.374       9.775
  98.7953           517.080       9.761
  98.8953           519.418       9.776
  98.9953           571.260      10.217
  99.0953           536.255       9.953
  99.1953           470.227       9.272
  99.2953           462.835       9.288
  99.3953           467.665       9.320
  99.4953           437.436       9.191
  99.5953           413.936       8.882
  99.6953           400.853       8.651
  99.7953           379.905       8.324
  99.8953           388.027       8.427
  99.9953           394.471       8.496
 100.0953           394.224       8.471
 100.1953           433.249       8.873
 100.2953           460.337       9.168
 100.3953           516.880       9.662
 100.4953           504.615       9.574
 100.5953           453.689       9.068
 100.6953           421.923       8.747
 100.7953           385.561       8.344
 100.8953           390.992       8.419
 100.9953           396.604       8.465
 101.0953           415.222       8.673
 101.1953           398.439       8.479
 101.2953           379.732       8.298
 101.3953           404.264       8.557
 101.4953           374.995       8.238
 101.5953           378.806       8.312
 101.6953           379.981       8.292
 101.7953           377.012       8.253
 101.8953           395.310       8.492
 101.9953           383.143       8.339
 102.0953           385.508       8.379
 102.1953           385.148       8.355
 102.2953           388.885       8.436
 102.3953           385.567       8.392
 102.4953           386.421       8.369
 102.5953           406.943       8.692
 102.6953           447.018       9.217
 102.8953           798.416      12.228
 102.9953           919.572      13.003
 103.0953           791.576      12.064
 103.1953           580.372      10.334
 103.2953           455.706       9.112
 103.3953           430.762       8.884
 103.4953           422.698       8.783
 103.5953           417.503       8.689
 103.6953           400.840       8.540
 103.7953           404.347       8.584
 103.8953           414.104       8.676
 103.9953           406.861       8.602
 104.0953           391.366       8.431
 104.1953           404.287       8.598
 104.2953           397.620       8.485
 104.3953           388.371       8.405
 104.4953           400.183       8.526
 104.5953           399.542       8.530
 104.6953           378.285       8.283
 104.7953           382.744       8.354
 104.8953           392.542       8.456
 104.9953           396.625       8.518
 105.0953           382.271       8.306
 105.1953           389.669       8.475
 105.2953           400.091       8.532
 105.3953           412.514       8.698
 105.4953           438.886       8.966
 105.5953           433.818       8.911
 105.6953           471.580       9.261
 105.7953           542.980      10.059
 105.8953           672.148      11.448
 105.9953           660.661      10.979
 106.0953           707.199      11.607
 106.1953           689.938      11.229
 106.2953           743.510      11.725
 106.3953           719.795      11.431
 106.4953           587.918      10.362
 106.5953           496.932       9.509
 106.6953           498.749       9.544
 106.7953           591.649      10.337
 106.8953           672.462      10.876
 106.9953           671.816      11.474
 107.0953           618.923      10.400
 107.1953           499.166       9.486
 107.2953           434.067       8.909
 107.3953           404.678       8.537
 107.4953           373.017       8.227
 107.5953           383.326       8.327
 107.6953           448.807       9.025
 107.7953           513.681       9.671
 107.8953           635.988      10.733
 107.9953           661.760      10.987
 108.0953           603.476      10.451
 108.1953           473.509       9.302
 108.2953           409.813       8.622
 108.3953           373.411       8.259
 108.4953           378.872       8.289
 108.5953           407.357       8.628
 108.6953           431.116       8.888
 108.7953           516.508       9.723
 108.8953           618.402      10.593
 108.9953           692.615      11.396
 109.0953           743.719      11.883
 109.1953           764.294      12.060
 109.2953           752.556      11.866
 109.3953           663.756      11.023
 109.4953           550.459      10.062
 109.5953           462.356       9.255
 109.6953           439.384       8.923
 109.7953           411.406       8.691
 109.8953           414.252       8.674
 109.9953           419.150       8.740
 110.0953           467.733       9.207
 110.1953           580.330      10.265
 110.2953           617.676      10.592
 110.3953           618.729      10.588
 110.4953           519.229       9.682
 110.5953           420.232       8.782
 110.6953           376.028       8.235
 110.7953           378.354       8.288
 110.8953           410.014       8.619
 110.9953           514.521       9.680
 111.0953           592.019      10.345
 111.1953           630.571      10.694
 111.2953           539.457       9.897
 111.3953           445.548       9.012
 111.4953           385.845       8.349
 111.5953           398.130       8.549
 111.6953           388.934       8.386
 111.7953           377.973       8.348
 111.8953           394.545       8.433
 111.9953           363.457       8.218
 112.0953           367.332       8.169
 112.1953           349.416       8.080
 112.2953           341.618       8.063
 112.3953           339.027       8.022
 112.4953           365.906       8.217
 112.5953           399.358       8.516
 112.6953           509.544       9.647
 112.7953           651.420      10.857
 112.8953           783.234      11.900
 112.9953           751.787      11.639
 113.0953           609.568      10.538
 113.1953           468.891       9.192
 113.2953           388.205       8.351
 113.3953           365.879       8.151
 113.4953           354.947       8.001
 113.5953           355.324       8.026
 113.6953           350.875       7.927
 113.7953           354.068       7.985
 113.8953           400.031       8.492
 113.9953           427.941       8.761
 114.0953           465.983       9.139
 114.1953           484.247       9.426
 114.2953           453.984       9.001
 114.3953           405.572       8.556
 114.4953           369.001       8.164
 114.5953           369.584       8.151
 114.6953           364.782       8.155
 114.7953           349.044       7.870
 114.8953           351.849       8.051
 114.9953           353.243       7.975
 115.0953           359.505       8.094
 115.1953           350.420       7.974
 115.2953           362.832       8.160
 115.3953           375.354       8.290
 115.4953           428.514       9.044
 115.5953           545.141      10.127
 115.6953           639.208      10.868
 115.7953           659.793      10.942
 115.8953           607.345      10.515
 115.9953           530.208       9.839
 116.0953           454.971       9.069
 116.1953           411.139       8.641
 116.2953           388.938       8.400
 116.3953           400.182       8.503
 116.4953           402.537       8.586
 116.5953           406.574       8.483
 116.6953           399.454       8.520
 116.7953           365.731       8.113
 116.8953           351.894       7.975
 116.9953           324.924       7.667
 117.0953           328.372       7.678
 117.1953           343.218       7.884
 117.2953           365.284       8.113
 117.3953           354.863       8.007
 117.4953           342.661       7.867
 117.5953           341.953       7.849
 117.6953           343.416       7.876
 117.7953           338.237       7.822
 117.8953           336.813       7.774
 117.9953           329.546       7.804
 118.0953           335.499       7.675
 118.1953           347.566       8.007
 118.2953           358.175       8.049
 118.3953           377.414       8.295
 118.4953           404.436       8.570
 118.5953           428.654       8.896
 118.6953           457.541       9.266
 118.7953           470.202       9.496
 118.8953           461.793       9.166
 118.9953           439.886       8.981
 119.0953           445.138       8.951
 119.1953           483.078       9.379
 119.2953           611.325      10.512
 119.3953           747.566      11.620
 119.4953           797.781      11.997
 119.5953           796.764      12.010
 119.6953           638.985      10.681
 119.7953           546.090       9.945
 119.8953           441.092       8.908
 119.9953           368.552       8.128
 120.0953           341.596       7.808
 120.1953           323.526       7.774
 120.2953           320.181       7.324
 120.3953           318.420       7.687
 120.4953           321.424       7.595
 120.5953           315.702       7.568
 120.6953           316.072       7.479
 120.7953           331.896       7.746
 120.8953           313.252       7.486
 120.9953           322.297       7.620
 121.0953           298.124       7.306
 121.1953           315.531       7.551
 121.2953           316.807       7.569
 121.3953           311.805       7.490
 121.4953           318.787       7.586
 121.5953           328.936       7.794
 121.6953           334.307       7.666
 121.7953           373.864       8.432
 121.8953           398.007       8.592
 121.9953           450.325       9.233
 122.0953           462.023       9.231
 122.1953           502.033       9.540
 122.2953           497.840       9.547
 122.3953           516.281       9.679
 122.4953           466.453       9.239
 122.5953           451.653       9.046
 122.6953           393.595       8.483
 122.7953           349.104       7.940
 122.8953           342.703       7.858
 122.9953           328.846       7.753
 123.0953           357.871       8.045
 123.1953           359.586       8.045
 123.2953           371.588       8.213
 123.3953           386.953       8.359
 123.4953           375.480       8.229
 123.5953           357.799       8.037
 123.6953           338.820       7.852
 123.7953           328.088       7.703
 123.8953           318.207       7.576
 123.9953           317.341       7.571
 124.0953           332.904       7.769
 124.1953           340.258       7.852
 124.2953           373.945       8.233
 124.3953           384.094       8.356
 124.4953           389.515       8.434
 124.5953           364.332       8.118
 124.6953           364.571       8.185
 124.7953           334.311       7.725
 124.8953           323.792       7.712
 124.9953           335.786       7.882
 125.0953           319.946       7.735
 125.1953           314.091       7.711
 125.2953           315.261       7.639
 125.3953           347.047       8.019
 125.4953           373.518       8.200
 125.5953           414.073       8.659
 125.6953           461.373       9.135
 125.7953           491.262       9.383
 125.8953           514.533       9.633
 125.9953           441.768       8.907
 126.0953           403.747       8.482
 126.1953           358.781       8.031
 126.2953           332.534       7.731
 126.3953           319.205       7.538
 126.4953           305.780       7.440
 126.5953           307.029       7.401
 126.6953           317.012       7.533
 126.7953           341.943       7.816
 126.8953           364.825       8.087
 126.9953           400.439       8.501
 127.0953           440.923       8.856
 127.1953           452.521       8.990
 127.2953           443.094       8.917
 127.3953           422.612       8.755
 127.4953           394.352       8.379
 127.5953           360.112       8.052
 127.6953           342.157       7.831
 127.7953           318.211       7.594
 127.8953           318.689       7.564
 127.9953           310.901       7.525
 128.0953           302.177       7.355
 128.1953           294.882       7.381
 128.2953           324.307       7.804
 128.3953           309.245       7.634
 128.4953           302.238       7.454
 128.5953           309.117       7.497
 128.6953           303.180       7.412
 128.7953           322.559       7.654
 128.8953           329.311       7.696
 128.9953           344.587       7.905
 129.0953           374.814       8.252
 129.1953           431.313       8.786
 129.2953           461.903       9.108
 129.3953           481.036       9.336
 129.4953           482.803       9.304
 129.5953           468.638       9.178
 129.6953           409.974       8.592
 129.7953           380.971       8.302
 129.8953           345.352       7.867
 129.9953           336.629       7.791
 130.0953           330.181       7.685
 130.1953           322.269       7.624
 130.2953           318.686       7.571
 130.3953           316.188       7.535
 130.4953           317.845       7.572
 130.5953           321.764       7.614
 130.6953           336.628       7.778
 130.7953           318.118       7.589
 130.8953           338.168       7.818
 130.9953           356.944       8.026
 131.0953           390.721       8.413
 131.1953           398.609       8.516
 131.2953           404.883       8.545
 131.3953           405.795       8.650
 131.4953           391.744       8.573
 131.5953           386.178       8.567
 131.6953           360.720       8.137
 131.7953           349.622       7.962
 131.8953           338.003       7.804
 131.9953           335.324       7.815
 132.0953           333.760       7.739
 132.1953           320.017       7.626
 132.2953           320.312       7.605
 132.3953           305.842       7.394
 132.4953           313.296       7.517
 132.5953           316.205       7.516
 132.6953           313.541       7.534
 132.7953           318.117       7.532
 132.8953           328.865       7.679
 132.9953           322.683       7.610
 133.0953           329.292       7.679
 133.1953           316.539       7.412
 133.2953           329.702       7.931
 133.3953           329.147       7.575
 133.4953           326.498       7.641
 133.5953           348.861       7.910
 133.6953           362.486       8.061
 133.7953           363.110       8.085
 133.8953           351.371       7.898
 133.9953           366.603       8.145
 134.0953           377.027       8.237
 134.1953           375.537       8.195
 134.2953           353.496       7.999
 134.3953           352.221       7.982
 134.4953           341.377       7.846
 134.5953           325.467       7.734
 134.6953           327.373       7.880
 134.7953           309.838       7.598
 134.8953           307.374       7.519
 134.9953           302.553       7.371
 135.0953           303.652       7.382
 135.1953           276.836       7.068
 135.2953           284.617       7.151
 135.3953           311.376       7.471
 135.4953           291.584       7.249
 135.5953           308.449       7.409
 135.6953           301.248       7.352
 135.7953           307.007       7.390
 135.8953           331.509       7.722
 135.9953           347.386       7.879
 136.0953           381.864       8.261
 136.1953           444.164       8.932
 136.2953           555.859       9.944
 136.3953           660.043      10.869
 136.4953           746.767      11.573
 136.5953           797.903      11.972
 136.6953           815.011      12.031
 136.7953           753.314      11.617
 136.8953           699.830      11.203
 136.9953           597.608      10.301
 137.0953           480.384       9.285
 137.1953           406.634       8.559
 137.2953           380.811       8.261
 137.3953           393.699       8.392
 137.4953           430.831       8.798
 137.5953           477.006       9.270
 137.6953           501.738       9.518
 137.7953           522.895       9.749
 137.8953           549.674      10.160
 137.9953           542.116      10.081
 138.0953           499.196       9.563
 138.1953           486.335       9.322
 138.2953           454.611       9.078
 138.3953           390.252       8.354
 138.4953           377.378       8.219
 138.5953           344.578       7.850
 138.6953           316.913       7.518
 138.7953           319.057       7.522
 138.8953           305.688       7.362
 138.9953           288.734       7.178
 139.0953           289.632       7.169
 139.1953           288.382       7.125
 139.2953           284.507       7.142
 139.3953           286.861       7.105
 139.4953           293.526       7.241
 139.5953           290.951       7.139
 139.6953           294.341       7.251
 139.7953           314.572       7.494
 139.8953           337.155       7.715
 139.9953           340.305       7.772
 140.0953           394.929       8.372
 140.1953           405.734       8.520
 140.2953           441.889       8.834
 140.3953           461.373       9.097
 140.4953           474.353       9.197
 140.5953           460.041       9.066
 140.6953           453.521       9.033
 140.7953           456.270       9.035
 140.8953           441.048       8.900
 140.9953           452.504       9.109
 141.0953           460.316       9.268
 141.1953           510.761       9.770
 141.2953           512.445       9.636
 141.3953           498.129       9.417
 141.4953           514.588       9.610
 141.5953           519.732       9.610
 141.6953           481.801       9.283
 141.7953           453.501       9.007
 141.8953           421.249       8.640
 141.9953           391.839       8.305
 142.0953           412.658       8.567
 142.1953           432.159       8.774
 142.2953           469.505       9.129
 142.3953           554.644       9.865
 142.4953           548.707       9.893
 142.5953           595.187      10.277
 142.6953           603.531      10.326
 142.7953           590.027      10.202
 142.8953           568.687      10.042
 142.9953           559.338       9.960
 143.0953           517.176       9.538
 143.1953           504.140       9.462
 143.2953           485.699       9.274
 143.3953           490.967       9.329
 143.4953           468.821       9.099
 143.5953           490.990       9.331
 143.6953           483.559       9.322
 143.7953           495.208       9.490
 143.8953           475.153       8.880
 143.9953           453.770       9.160
 144.0953           417.353       8.602
 144.1953           386.893       8.401
 144.2953           346.806       7.994
 144.3953           327.892       7.840
 144.4953           337.552       7.848
 144.5953           316.053       7.525
 144.6953           311.487       7.454
 144.7953           302.874       7.361
 144.8953           289.640       7.174
 144.9953           280.357       7.064
 145.0953           283.970       7.097
 145.1953           293.992       7.242
 145.2953           292.237       7.171
 145.3953           304.722       7.360
 145.4953           287.809       7.146
 145.5953           293.562       6.658
 145.6953           363.174       9.769
 145.7953           284.338       6.574
 145.8953           335.393       7.696
 145.9953           328.634       7.614
 146.0953           334.575       7.698
 146.1953           345.268       7.829
 146.2953           360.300       7.991
 146.3953           355.483       7.874
 146.4953           392.639       8.390
 146.5953           380.814       8.203
 146.6953           385.925       8.262
 146.7953           395.803       8.414
 146.8953           399.965       8.430
 146.9953           400.044       8.445
 147.0953           390.058       8.339
 147.1953           377.010       8.200
 147.2953           378.106       8.216
 147.3953           369.251       8.173
 147.4953           364.322       8.254
 147.5953           332.534       7.851
 147.6953           322.076       7.666
 147.7953           313.515       7.473
 147.8953           301.365       7.368
 147.9953           280.410       7.046
 148.0953           295.592       7.281
 148.1953           282.488       7.060
 148.2953           282.608       7.126
 148.3953           281.980       7.065
 148.4953           287.640       7.241
 148.5953           278.145       6.806
 148.6953           272.427       7.081
 148.7953           279.116       7.228
 148.8953           290.667       6.795
 148.9953           304.076       7.353
 149.0953           298.548       7.413
 149.1953           318.697       7.348
 149.2953           320.703       7.466
 149.3953           322.582       7.533
 149.4953           332.476       7.572
 149.5953           332.148       7.529
 149.6953           340.291       7.901
 149.7953           334.749       7.682
 149.8953           331.892       7.410
 149.9953           325.347       7.973
 150.0953           312.188       6.962
 150.1953           298.166       8.012
 150.2953           300.810       6.940
 150.3953           298.835       7.343
 150.4953           310.147       7.435
 150.5953           300.778       7.358
 150.6953           289.344       6.643
 150.7953             0.000       0.000
 150.8953             0.000       0.000
