XYDATA  Co2SiO4 8mmV 1.87A HiRes FullBeam 500K CF ROC 
INTER        1       1       0     0.100000
TEMP       159.229      166.236      166.203
! d20 23-Apr-08 09:22:09 User Sazono   L.C.Hansen  Run 594842*d20_2008_04_5880
! d20 23-Apr-08 09:22:09 User Sazono   L.C.Hansen  Run 594842*d20_2008_04_5880
! Monitor/counts, Counting time/sec:       100000.      62.5111
   0.0953          4105.333      28.027
   0.1953          4294.636      29.134
   0.2953          4262.898      29.289
   0.3953          4145.249      28.697
   0.4953          3821.282      27.351
   0.5953          3466.971      25.843
   0.6953          3099.532      24.367
   0.7953          2632.915      22.518
   0.8953          2285.159      20.909
   0.9953          1930.235      19.266
   1.0953          1624.891      17.621
   1.1953          1298.700      15.722
   1.2953          1064.304      14.259
   1.3953           779.155      12.189
   1.4953           559.904      10.326
   1.5953           437.309       9.103
   1.6953           376.862       8.495
   1.7953           354.154       8.229
   1.8953           325.659       7.861
   1.9953           318.373       7.777
   2.0953           295.096       7.508
   2.1953           300.592       7.572
   2.2953           295.681       7.486
   2.3953           272.760       7.203
   2.4953           272.928       7.235
   2.5953           286.644       7.340
   2.6953           249.864       6.943
   2.7953           271.380       7.181
   2.8953           260.913       7.070
   2.9953           249.869       6.912
   3.0953           246.757       6.881
   3.1953           241.253       6.799
   3.2953           236.629       6.725
   3.3953           248.332       6.952
   3.4953           248.257       7.047
   3.5953           239.671       6.922
   3.6953           233.813       6.755
   3.7953           256.149       7.026
   3.8953           257.534       7.027
   3.9953           274.555       7.260
   4.0953           308.598       7.655
   4.1953           360.607       8.350
   4.2953           382.394       8.521
   4.3953           425.145       8.987
   4.4953           462.360       9.368
   4.5953           532.209      10.105
   4.6953           566.285      10.337
   4.7953           618.680      10.841
   4.8953           690.620      11.460
   4.9953           660.431      11.237
   5.0953           683.047      11.375
   5.1953           707.333      11.572
   5.2953           680.936      11.409
   5.3953           714.495      11.651
   5.4953           704.981      11.548
   5.5953           691.487      11.474
   5.6953           697.271      11.535
   5.7953           717.508      11.709
   5.8953           695.881      11.457
   5.9953           694.589      11.554
   6.0953           693.147      11.511
   6.1953           682.735      11.456
   6.2953           667.421      11.294
   6.3953           699.039      11.555
   6.4953           680.628      11.469
   6.5953           664.386      11.301
   6.6953           673.765      11.596
   6.7953           659.704      11.484
   6.8953           661.095      11.348
   6.9953           644.308      11.082
   7.0953           643.798      11.090
   7.1953           642.527      11.113
   7.2953           623.809      10.871
   7.3953           646.387      11.138
   7.4953           626.498      10.921
   7.5953           625.087      10.883
   7.6953           626.364      10.900
   7.7953           620.593      10.858
   7.8953           618.772      10.827
   7.9953           636.153      10.931
   8.0953           618.249      10.863
   8.1953           607.842      10.723
   8.2953           598.350      10.634
   8.3953           641.000      11.016
   8.4953           601.948      10.688
   8.5953           611.561      10.744
   8.6953           585.162      10.510
   8.7953           576.597      10.432
   8.8953           568.919      10.377
   8.9953           582.505      10.499
   9.0953           572.408      10.397
   9.1953           569.862      10.416
   9.2953           588.009      10.580
   9.3953           581.486      10.466
   9.4953           568.504      10.425
   9.5953           572.965      10.433
   9.6953           557.285      10.309
   9.7953           570.782      10.532
   9.8953           577.617      10.728
   9.9953           560.804      10.557
  10.0953           554.552      10.339
  10.1953           556.084      10.280
  10.2953           535.874      10.107
  10.3953           533.459      10.056
  10.4953           551.123      10.213
  10.5953           558.425      10.261
  10.6953           542.596      10.151
  10.7953           525.851       9.916
  10.8953           549.212      10.153
  10.9953           534.609      10.014
  11.0953           538.431       9.973
  11.1953           534.125       9.989
  11.2953           538.403      10.627
  11.3953           536.962       9.840
  11.4953           545.323      10.064
  11.5953           525.928       9.902
  11.6953           526.622       9.975
  11.7953           521.796       9.895
  11.8953           518.988       9.882
  11.9953           523.875       9.923
  12.0953           531.254      10.024
  12.1953           522.217       9.912
  12.2953           526.127       9.925
  12.3953           511.583       9.877
  12.4953           500.454       9.729
  12.5953           508.692       9.795
  12.6953           522.821       9.946
  12.7953           529.047      10.070
  12.8953           510.949       9.784
  12.9953           542.203      10.198
  13.0953           539.959      10.493
  13.1953           516.562       9.808
  13.2953           514.219      10.128
  13.3953           521.232       9.949
  13.4953           515.871       9.926
  13.5953           516.368       9.858
  13.6953           507.231       9.837
  13.7953           515.516       9.838
  13.8953           510.196       9.864
  13.9953           524.995       9.893
  14.0953           534.001      10.099
  14.1953           505.078       9.640
  14.2953           518.435       9.946
  14.3953           513.444       9.800
  14.4953           511.773       9.809
  14.5953           520.102       9.960
  14.6953           511.538       9.778
  14.7953           502.256       9.698
  14.8953           491.162       9.599
  14.9953           488.996       9.625
  15.0953           492.481       9.776
  15.1953           506.725       9.457
  15.2953           501.748       9.899
  15.3953           499.905       9.695
  15.4953           499.381       9.677
  15.5953           512.531       9.842
  15.6953           499.376       9.743
  15.7953           482.439       9.513
  15.8953           512.504       9.907
  15.9953           507.225       9.796
  16.0953           517.754       9.957
  16.1953           494.802       9.730
  16.2953           510.768      10.046
  16.3953           519.303      10.175
  16.4953           501.083       9.829
  16.5953           496.791       9.698
  16.6953           488.880       9.670
  16.7953           483.023       9.577
  16.8953           498.374       9.737
  16.9953           480.865       9.530
  17.0953           514.672       9.883
  17.1953           494.821       9.676
  17.2953           482.815       9.529
  17.3953           498.808       9.721
  17.4953           494.434       9.669
  17.5953           480.454       9.468
  17.6953           494.132       9.681
  17.7953           480.454       9.526
  17.8953           484.896       9.530
  17.9953           490.466       9.597
  18.0953           492.746       9.652
  18.1953           484.332       9.550
  18.2953           488.352       9.594
  18.3953           492.381       9.612
  18.4953           498.550       9.721
  18.5953           495.735       9.634
  18.6953           506.445       9.763
  18.7953           502.041       9.754
  18.8953           486.028       9.589
  18.9953           483.894       9.538
  19.0953           502.071       9.766
  19.1953           491.366       9.659
  19.2953           501.730       9.774
  19.3953           485.588       9.614
  19.4953           486.328       9.849
  19.5953           469.615       9.596
  19.6953           497.468       9.739
  19.7953           464.429       9.400
  19.8953           482.557       9.560
  19.9953           488.822       9.611
  20.0953           489.162       9.604
  20.1953           494.530       9.494
  20.2953           461.178       9.682
  20.3953           482.064       9.456
  20.4953           479.510       9.264
  20.5953           481.924       9.650
  20.6953           505.742       9.708
  20.7953           491.565       9.602
  20.8953           520.282       9.871
  20.9953           530.877      10.018
  21.0953           548.437      10.115
  21.1953           551.062      10.170
  21.2953           553.611      10.181
  21.3953           526.017       9.948
  21.4953           513.149       9.818
  21.5953           505.461       9.729
  21.6953           480.595       9.542
  21.7953           508.600       9.727
  21.8953           509.275       9.805
  21.9953           506.275       9.741
  22.0953           497.612       9.687
  22.1953           506.149       9.801
  22.2953           484.125       9.555
  22.3953           478.925       9.540
  22.4953           476.950       9.520
  22.5953           482.355       9.597
  22.6953           466.679       9.611
  22.7953           473.124       9.650
  22.8953           464.215       9.407
  22.9953           469.735       9.393
  23.0953           471.376       9.439
  23.1953           471.132       9.430
  23.2953           461.623       9.294
  23.3953           462.344       9.318
  23.4953           462.959       9.357
  23.5953           464.410       9.266
  23.6953           457.956       9.258
  23.7953           465.401       9.325
  23.8953           457.730       9.246
  23.9953           443.615       9.074
  24.0953           469.046       9.372
  24.1953           456.122       9.238
  24.2953           452.987       9.155
  24.3953           452.222       9.189
  24.4953           458.844       9.231
  24.5953           462.870       9.340
  24.6953           467.283       9.299
  24.7953           481.389       9.444
  24.8953           495.606       9.651
  24.9953           527.728       9.897
  25.0953           517.193       9.820
  25.1953           530.470       9.959
  25.2953           539.401      10.055
  25.3953           493.073       9.604
  25.4953           480.463       9.498
  25.5953           482.020       9.521
  25.6953           463.802       9.325
  25.7953           444.357       9.220
  25.8953           447.787       9.353
  25.9953           441.008       9.301
  26.0953           463.341       9.370
  26.1953           452.941       9.225
  26.2953           462.666       9.298
  26.3953           461.715       9.339
  26.4953           448.498       9.138
  26.5953           475.942       9.405
  26.6953           486.550       9.559
  26.7953           477.912       9.438
  26.8953           515.443       9.810
  26.9953           508.137       9.697
  27.0953           492.098       9.601
  27.1953           494.041       9.577
  27.2953           525.113       9.892
  27.3953           521.741       9.867
  27.4953           571.849      10.312
  27.5953           600.277      10.562
  27.6953           707.673      11.516
  27.7953           804.904      12.225
  27.8953           898.537      12.964
  27.9953           901.478      12.891
  28.0953           811.547      12.342
  28.1953           699.479      11.436
  28.2953           548.294      10.080
  28.3953           493.055       9.625
  28.4953           459.914       9.254
  28.5953           455.459       9.232
  28.6953           484.241       9.548
  28.7953           481.173       9.525
  28.8953           513.454       9.849
  28.9953           538.603      10.068
  29.0953           559.922      10.452
  29.1953           582.041      10.634
  29.2953           583.862      10.589
  29.3953           550.041      10.191
  29.4953           518.187       9.889
  29.5953           486.798       9.547
  29.6953           466.698       9.336
  29.7953           457.069       9.274
  29.8953           433.572       9.035
  29.9953           454.556       9.202
  30.0953           454.045       9.226
  30.1953           453.058       9.212
  30.2953           474.750       9.431
  30.3953           454.829       9.193
  30.4953           464.159       9.345
  30.5953           465.522       9.342
  30.6953           462.265       9.294
  30.7953           460.282       9.258
  30.8953           473.153       9.403
  30.9953           500.470       9.706
  31.0953           523.242       9.862
  31.1953           522.334       9.882
  31.2953           518.454       9.876
  31.3953           510.436       9.762
  31.4953           476.366       9.445
  31.5953           453.674       9.218
  31.6953           438.103       9.100
  31.7953           459.499       9.274
  31.8953           421.748       8.921
  31.9953           448.174       9.166
  32.0953           436.098       9.081
  32.1953           436.775       9.133
  32.2953           428.375       9.173
  32.3953           433.145       9.174
  32.4953           420.788       8.929
  32.5953           430.986       8.989
  32.6953           435.639       9.041
  32.7953           441.549       9.066
  32.8953           433.433       9.022
  32.9953           419.007       8.808
  33.0953           424.068       8.930
  33.1953           420.078       8.815
  33.2953           435.243       9.019
  33.3953           430.371       8.916
  33.4953           417.244       8.810
  33.5953           434.508       8.961
  33.6953           423.759       8.855
  33.7953           435.895       9.038
  33.8953           426.412       8.859
  33.9953           438.207       9.007
  34.0953           447.231       9.116
  34.1953           445.230       9.096
  34.2953           441.299       9.069
  34.3953           424.392       8.790
  34.4953           443.830       9.148
  34.5953           449.695       9.085
  34.6953           432.994       9.011
  34.7953           457.424       9.226
  34.8953           449.555       9.140
  34.9953           436.649       9.002
  35.0953           469.678       9.390
  35.1953           458.322       9.252
  35.2953           452.723       9.228
  35.3953           453.948       9.315
  35.4953           469.721       9.554
  35.5953           449.055       9.349
  35.6953           456.072       9.319
  35.7953           448.010       9.147
  35.8953           471.292       9.407
  35.9953           472.828       9.374
  36.0953           496.742       9.637
  36.1953           504.221       9.679
  36.2953           522.449       9.907
  36.3953           548.470      10.086
  36.4953           556.184      10.199
  36.5953           547.043      10.040
  36.6953           522.566       9.872
  36.7953           483.036       9.442
  36.8953           465.826       9.309
  36.9953           437.070       9.016
  37.0953           445.967       9.090
  37.1953           428.446       8.884
  37.2953           446.490       9.129
  37.3953           428.602       8.906
  37.4953           443.269       9.046
  37.5953           447.008       9.126
  37.6953           433.053       8.962
  37.7953           459.602       9.253
  37.8953           460.811       9.229
  37.9953           430.309       8.951
  38.0953           433.454       8.989
  38.1953           447.471       9.144
  38.2953           449.705       9.134
  38.3953           451.054       9.203
  38.4953           453.344       9.174
  38.5953           460.110       9.363
  38.6953           453.352       9.396
  38.7953           470.228       9.581
  38.8953           462.005       9.355
  38.9953           487.322       9.594
  39.0953           513.213       9.812
  39.1953           567.626      10.273
  39.2953           618.120      10.749
  39.3953           663.364      11.102
  39.4953           650.342      11.031
  39.5953           605.326      10.587
  39.6953           543.236      10.056
  39.7953           474.356       9.372
  39.8953           473.263       9.390
  39.9953           468.043       9.294
  40.0953           453.507       9.173
  40.1953           446.731       9.144
  40.2953           461.789       9.236
  40.3953           460.688       9.232
  40.4953           450.096       9.165
  40.5953           452.671       9.172
  40.6953           459.798       9.231
  40.7953           456.651       9.224
  40.8953           443.709       9.099
  40.9953           453.488       9.177
  41.0953           455.472       9.178
  41.1953           462.650       9.322
  41.2953           453.711       9.193
  41.3953           454.227       9.201
  41.4953           451.892       9.222
  41.5953           469.021       9.364
  41.6953           470.795       9.386
  41.7953           467.490       9.462
  41.8953           459.091       9.621
  41.9953           488.941       9.478
  42.0953           515.253      10.061
  42.1953           554.521      10.185
  42.2953           679.651      11.372
  42.3953           790.643      12.152
  42.4953           914.669      13.124
  42.5953           925.594      13.074
  42.6953           900.514      13.051
  42.7953           792.830      12.157
  42.8953           686.984      11.280
  42.9953           606.065      10.677
  43.0953           539.198       9.997
  43.1953           508.878       9.715
  43.2953           503.849       9.720
  43.3953           554.399      10.125
  43.4953           617.255      10.729
  43.5953           635.924      10.876
  43.6953           647.353      10.941
  43.7953           586.860      10.450
  43.8953           532.324       9.970
  43.9953           481.670       9.435
  44.0953           458.917       9.232
  44.1953           488.146       9.583
  44.2953           477.600       9.406
  44.3953           530.467       9.979
  44.4953           579.511      10.395
  44.5953           670.860      11.139
  44.6953           739.509      11.819
  44.7953           773.864      12.051
  44.8953           728.436      11.699
  44.9953           610.242      10.774
  45.0953           533.770      10.227
  45.1953           467.422       9.523
  45.2953           452.916       9.235
  45.3953           455.223       9.221
  45.4953           443.889       9.076
  45.5953           444.232       9.106
  45.6953           461.676       9.248
  45.7953           476.007       9.382
  45.8953           511.340       9.756
  45.9953           581.280      10.349
  46.0953           729.636      11.589
  46.1953           908.502      12.955
  46.2953           909.186      12.967
  46.3953           839.195      12.421
  46.4953           707.112      11.427
  46.5953           556.983      10.135
  46.6953           485.059       9.453
  46.7953           478.513       9.408
  46.8953           462.964       9.232
  46.9953           445.182       9.033
  47.0953           479.082       9.414
  47.1953           482.047       9.430
  47.2953           514.752       9.754
  47.3953           580.987      10.347
  47.4953           635.833      10.849
  47.5953           629.364      10.752
  47.6953           605.645      10.611
  47.7953           569.340      10.257
  47.8953           516.456       9.795
  47.9953           491.879       9.586
  48.0953           508.437       9.694
  48.1953           599.166      10.682
  48.2953           851.410      12.846
  48.3953          1211.880      15.376
  48.4953          1976.648      19.261
  48.5953          2840.813      23.057
  48.6953          3452.187      25.334
  48.7953          3562.611      25.824
  48.8953          3203.063      24.331
  48.9953          2544.480      21.722
  49.0953          1806.190      18.387
  49.1953          1147.622      14.530
  49.2953           729.716      11.614
  49.3953           525.829       9.870
  49.4953           488.835       9.505
  49.5953           486.821       9.482
  49.6953           463.653       9.229
  49.7953           471.910       9.386
  49.8953           478.633       9.358
  49.9953           478.124       9.380
  50.0953           476.319       9.407
  50.1953           471.017       9.333
  50.2953           463.664       9.253
  50.3953           464.208       9.264
  50.4953           453.287       9.152
  50.5953           474.925       9.396
  50.6953           493.362       9.541
  50.7953           509.252       9.731
  50.8953           534.269       9.957
  50.9953           609.166      10.641
  51.0953           744.383      11.777
  51.1953           832.827      12.462
  51.2953           829.006      12.443
  51.3953           750.129      11.830
  51.4953           596.136      10.803
  51.5953           508.045       9.908
  51.6953           458.668       9.310
  51.7953           460.680       9.266
  51.8953           480.631       9.440
  51.9953           498.804       9.594
  52.0953           515.779       9.791
  52.1953           518.617       9.806
  52.2953           514.507       9.706
  52.3953           507.239       9.690
  52.4953           533.953       9.902
  52.5953           520.043       9.769
  52.6953           500.694       9.600
  52.7953           484.196       9.425
  52.8953           470.902       9.327
  52.9953           440.764       8.971
  53.0953           457.852       9.190
  53.1953           439.791       8.975
  53.2953           440.553       9.000
  53.3953           447.106       9.068
  53.4953           454.315       9.154
  53.5953           442.592       8.993
  53.6953           432.199       8.931
  53.7953           451.732       9.128
  53.8953           454.402       9.108
  53.9953           449.038       9.124
  54.0953           453.913       9.159
  54.1953           446.353       9.068
  54.2953           469.907       9.322
  54.3953           477.546       9.433
  54.4953           498.581       9.606
  54.5953           535.769      10.031
  54.6953           578.934      10.586
  54.7953           598.197      10.786
  54.8953           554.622      10.180
  54.9953           495.113       9.622
  55.0953           481.606       9.431
  55.1953           486.246       9.505
  55.2953           479.086       9.379
  55.3953           480.087       9.423
  55.4953           465.266       9.270
  55.5953           457.867       9.156
  55.6953           449.726       9.131
  55.7953           449.591       9.105
  55.8953           454.669       9.139
  55.9953           434.541       8.932
  56.0953           439.314       8.984
  56.1953           447.289       9.076
  56.2953           450.416       9.100
  56.3953           446.905       9.040
  56.4953           463.335       9.261
  56.5953           454.775       9.160
  56.6953           441.023       8.993
  56.7953           450.323       9.100
  56.8953           456.801       9.188
  56.9953           464.854       9.216
  57.0953           461.512       9.239
  57.1953           464.593       9.251
  57.2953           466.028       9.302
  57.3953           440.742       9.044
  57.4953           456.235       9.138
  57.5953           439.581       9.070
  57.6953           446.435       9.113
  57.7953           450.538       9.179
  57.8953           430.139       9.187
  57.9953           422.251       8.984
  58.0953           450.735       9.206
  58.1953           423.322       8.873
  58.2953           440.165       9.021
  58.3953           436.317       9.018
  58.4953           432.699       8.907
  58.5953           432.061       8.949
  58.6953           428.529       8.866
  58.7953           427.698       8.870
  58.8953           424.061       8.835
  58.9953           415.750       8.788
  59.0953           431.997       8.785
  59.1953           444.978       9.093
  59.2953           443.517       9.036
  59.3953           454.220       9.128
  59.4953           475.314       9.325
  59.5953           472.759       9.304
  59.6953           459.361       9.180
  59.7953           455.264       9.194
  59.8953           459.370       9.109
  59.9953           443.904       9.057
  60.0953           452.270       9.139
  60.1953           445.229       9.023
  60.2953           441.932       8.984
  60.3953           446.456       9.091
  60.4953           448.290       9.057
  60.5953           441.045       9.007
  60.6953           437.203       8.986
  60.7953           453.050       9.149
  60.8953           484.772       9.504
  60.9953           492.959       9.625
  61.0953           537.738      10.157
  61.1953           555.549      10.356
  61.2953           511.484       9.745
  61.3953           465.659       9.261
  61.4953           453.279       9.102
  61.5953           457.844       9.179
  61.6953           436.876       8.934
  61.7953           438.940       8.956
  61.8953           450.365       9.108
  61.9953           452.940       9.070
  62.0953           460.717       9.131
  62.1953           474.427       9.355
  62.2953           470.207       9.222
  62.3953           471.664       9.261
  62.4953           467.285       9.207
  62.5953           487.919       9.478
  62.6953           495.916       9.460
  62.7953           473.263       9.280
  62.8953           436.578       8.906
  62.9953           426.609       8.808
  63.0953           443.391       8.963
  63.1953           430.620       8.832
  63.2953           441.774       9.029
  63.3953           427.921       8.788
  63.4953           444.759       8.976
  63.5953           429.271       8.874
  63.6953           438.254       8.953
  63.7953           418.637       8.705
  63.8953           447.203       9.070
  63.9953           475.401       9.309
  64.0953           542.313       9.983
  64.1953           790.932      12.100
  64.2953          1237.128      15.143
  64.3953          1934.278      19.667
  64.4953          2266.127      20.253
  64.5953          2350.184      20.975
  64.6953           871.530      12.105
  64.7953          1023.369      13.197
  64.8953           693.815      12.384
  64.9953           579.108      11.954
  65.0953           532.957      10.094
  65.1953           616.115       9.782
  65.2953           701.207      11.215
  65.3953           727.227      11.477
  65.4953           639.527      10.812
  65.5953           517.811       9.662
  65.6953           475.918       9.357
  65.7953           447.088       9.029
  65.8953           443.440       8.975
  65.9953           447.285       9.037
  66.0953           441.736       9.008
  66.1953           434.467       8.896
  66.2953           443.941       8.998
  66.3953           449.528       9.050
  66.4953           450.145       9.137
  66.5953           444.769       8.971
  66.6953           439.931       8.984
  66.7953           428.062       8.887
  66.8953           435.890       8.967
  66.9953           437.877       8.940
  67.0953           435.814       8.977
  67.1953           436.306       8.953
  67.2953           448.262       9.133
  67.3953           448.481       9.139
  67.4953           493.996       9.763
  67.5953           575.203      10.489
  67.6953           669.989      11.137
  67.7953           678.975      11.174
  67.8953           605.779      10.534
  67.9953           520.959       9.765
  68.0953           434.981       8.877
  68.1953           452.524       9.069
  68.2953           431.174       8.883
  68.3953           416.570       8.669
  68.4953           426.435       8.793
  68.5953           419.937       8.717
  68.6953           432.628       8.853
  68.7953           442.707       8.942
  68.8953           503.467       9.508
  68.9953           582.889      10.309
  69.0953           746.776      11.541
  69.1953           878.831      12.611
  69.2953           801.432      12.057
  69.3953           659.096      10.952
  69.4953           538.307       9.805
  69.5953           467.614       9.210
  69.6953           466.103       9.182
  69.7953           426.055       8.779
  69.8953           427.273       8.767
  69.9953           422.467       8.773
  70.0953           439.108       8.952
  70.1953           469.051       9.211
  70.2953           487.099       9.441
  70.3953           551.377      10.037
  70.4953           545.837       9.957
  70.5953           500.144       9.631
  70.6953           504.378       9.803
  70.7953           517.311       9.890
  70.8953           526.714       9.849
  70.9953           519.458       9.741
  71.0953           510.950       9.685
  71.1953           451.394       9.033
  71.2953           440.740       8.956
  71.3953           431.378       8.842
  71.4953           441.921       8.948
  71.5953           429.114       8.813
  71.6953           441.914       8.924
  71.7953           413.664       8.639
  71.8953           436.359       8.900
  71.9953           433.912       8.848
  72.0953           422.195       8.756
  72.1953           416.097       8.659
  72.2953           416.445       8.667
  72.3953           427.260       8.769
  72.4953           468.536       9.192
  72.5953           540.294       9.936
  72.6953           638.200      10.675
  72.7953           718.654      11.349
  72.8953           707.356      11.282
  72.9953           603.967      10.355
  73.0953           568.299      10.116
  73.1953           482.522       9.181
  73.2953           450.334       8.795
  73.3953           427.458       7.583
  73.4953           463.367      17.427
  73.5953           465.402       8.798
  73.6953           559.315       9.358
  73.7953           603.403       9.619
  73.8953           579.847      13.901
  73.9953           545.483       9.647
  74.0953           456.819       9.142
  74.1953           412.963       8.652
  74.2953           429.386       8.833
  74.3953           421.682       8.770
  74.4953           417.503       8.679
  74.5953           411.056       8.691
  74.6953           416.262       8.702
  74.7953           440.183       8.954
  74.8953           444.690       8.948
  74.9953           437.982       8.948
  75.0953           420.501       8.751
  75.1953           433.480       8.852
  75.2953           415.038       8.681
  75.3953           412.526       8.676
  75.4953           416.029       8.669
  75.5953           424.742       8.769
  75.6953           438.351       8.927
  75.7953           449.918       9.033
  75.8953           472.350       9.260
  75.9953           487.651       9.423
  76.0953           533.269       9.825
  76.1953           594.595      10.427
  76.2953           624.148      10.599
  76.3953           737.823      11.627
  76.4953           856.855      12.475
  76.5953           891.740      12.727
  76.6953           780.515      11.970
  76.7953           613.629      10.602
  76.8953           553.911      10.086
  76.9953           680.740      11.243
  77.0953          1014.095      13.931
  77.1953          1627.682      17.670
  77.2953          2045.265      19.532
  77.3953          1888.313      18.661
  77.4953          1273.655      15.294
  77.5953           915.627      13.033
  77.6953          1111.204      14.190
  77.7953          1806.886      18.197
  77.8953          2387.307      20.947
  77.9953          2272.467      20.375
  78.0953          1534.752      16.708
  78.1953           818.932      12.265
  78.2953           497.400       9.523
  78.3953           446.328       9.025
  78.4953           421.584       8.772
  78.5953           434.474       8.921
  78.6953           428.462       8.842
  78.7953           467.502       9.236
  78.8953           459.354       9.187
  78.9953           517.497       9.731
  79.0953           570.782      10.219
  79.1953           581.350      10.295
  79.2953           535.099       9.921
  79.3953           472.573       9.286
  79.4953           415.935       8.673
  79.5953           414.858       8.752
  79.6953           398.964       8.557
  79.7953           410.907       8.670
  79.8953           410.928       8.719
  79.9953           442.091       9.028
  80.0953           412.352       8.732
  80.1953           411.222       8.771
  80.2953           434.133       9.175
  80.3953           420.977       8.933
  80.4953           408.815       8.744
  80.5953           426.168       8.846
  80.6953           413.865       8.752
  80.7953           408.053       8.639
  80.8953           435.157       8.942
  80.9953           468.376       9.223
  81.0953           494.868       9.522
  81.1953           493.943       9.478
  81.2953           476.194       9.335
  81.3953           445.768       8.977
  81.4953           437.382       8.930
  81.5953           430.520       8.851
  81.6953           437.751       8.921
  81.7953           440.834       8.974
  81.8953           456.118       9.082
  81.9953           446.460       8.992
  82.0953           443.057       8.986
  82.1953           464.297       9.220
  82.2953           478.568       9.295
  82.3953           475.065       9.288
  82.4953           457.313       9.143
  82.5953           466.126       9.205
  82.6953           448.821       8.993
  82.7953           449.155       9.104
  82.8953           430.913       8.865
  82.9953           426.222       8.811
  83.0953           441.213       8.993
  83.1953           445.858       9.052
  83.2953           534.714       9.912
  83.3953           674.373      11.176
  83.4953           843.356      12.727
  83.5953           868.338      12.865
  83.6953           718.358      11.582
  83.7953           550.961      10.044
  83.8953           479.337       9.410
  83.9953           475.654       9.343
  84.0953           492.506       9.498
  84.1953           504.895       9.597
  84.2953           581.018      10.320
  84.3953           599.798      10.402
  84.4953           560.238      10.129
  84.5953           478.786       9.338
  84.6953           429.976       8.834
  84.7953           407.490       8.600
  84.8953           414.258       8.798
  84.9953           424.029       8.586
  85.0953           428.587       8.919
  85.1953           415.216       8.669
  85.2953           414.731       8.686
  85.3953           418.204       8.745
  85.4953           388.233       8.392
  85.5953           424.580       8.760
  85.6953           380.735       8.334
  85.7953           416.034       8.698
  85.8953           403.759       8.558
  85.9953           419.461       8.800
  86.0953           436.386       8.874
  86.1953           439.942       9.001
  86.2953           441.468       8.954
  86.3953           451.868       9.111
  86.4953           431.172       8.959
  86.5953           432.111       8.902
  86.6953           428.458       9.059
  86.7953           491.133       9.713
  86.8953           688.075      11.312
  86.9953          1190.245      14.780
  87.0953          2108.139      19.668
  87.1953          2944.739      23.220
  87.2953          2989.930      23.313
  87.3953          2331.868      20.648
  87.4953          1462.721      16.360
  87.5953           877.175      12.601
  87.6953           561.453      10.091
  87.7953           451.075       9.072
  87.8953           425.785       8.796
  87.9953           425.721       8.763
  88.0953           415.665       8.701
  88.1953           423.556       8.784
  88.2953           414.555       8.650
  88.3953           416.792       8.687
  88.4953           417.607       8.723
  88.5953           414.810       8.680
  88.6953           439.291       8.921
  88.7953           415.322       8.709
  88.8953           408.029       8.585
  88.9953           401.439       8.568
  89.0953           404.119       8.546
  89.1953           410.568       8.685
  89.2953           406.487       8.581
  89.3953           414.464       8.699
  89.4953           402.962       8.603
  89.5953           405.798       8.578
  89.6953           397.499       8.567
  89.7953           428.116       8.879
  89.8953           460.329       9.367
  89.9953           562.085      10.363
  90.0953           697.073      11.373
  90.1953           800.756      12.140
  90.2953           747.877      11.711
  90.3953           599.236      10.442
  90.4953           459.372       9.088
  90.5953           403.622       8.576
  90.6953           412.060       8.641
  90.7953           403.929       8.563
  90.8953           395.247       8.452
  90.9953           404.363       8.559
  91.0953           409.430       8.641
  91.1953           398.987       8.464
  91.2953           396.514       8.494
  91.3953           407.508       8.566
  91.4953           407.333       8.608
  91.5953           480.434       9.324
  91.6953           590.980      10.354
  91.7953           787.686      11.984
  91.8953           943.144      12.982
  91.9953           871.556      12.618
  92.0953           633.967      10.695
  92.1953           495.914       9.502
  92.2953           446.941       8.989
  92.3953           459.933       9.169
  92.4953           480.064       9.359
  92.5953           464.118       9.184
  92.6953           402.107       8.555
  92.7953           414.229       8.737
  92.8953           390.017       8.439
  92.9953           397.066       8.601
  93.0953           419.666       8.962
  93.1953           426.229       9.028
  93.2953           452.256       9.234
  93.3953           435.980       8.973
  93.4953           420.496       8.806
  93.5953           388.602       8.458
  93.6953           395.272       8.531
  93.7953           398.496       8.553
  93.8953           387.203       8.443
  93.9953           386.279       8.427
  94.0953           399.325       8.519
  94.1953           398.989       8.553
  94.2953           386.732       8.423
  94.3953           415.466       8.695
  94.4953           441.970       8.995
  94.5953           474.831       9.323
  94.6953           545.982       9.998
  94.7953           606.507      10.515
  94.8953           665.738      11.050
  94.9953           632.271      10.802
  95.0953           531.936       9.805
  95.1953           496.505       9.598
  95.2953           622.802      10.661
  95.3953           809.208      12.174
  95.4953           951.117      13.196
  95.5953           890.911      12.799
  95.6953           709.194      11.424
  95.7953           657.714      10.997
  95.8953           713.820      11.384
  95.9953           716.536      11.647
  96.0953           661.497      10.964
  96.1953           624.371      10.833
  96.2953           558.611      10.361
  96.3953           519.249       9.952
  96.4953           488.006       9.582
  96.5953           590.482      10.440
  96.6953           869.514      12.694
  96.7953          1242.643      15.192
  96.8953          1458.199      16.334
  96.9953          1201.130      14.882
  97.0953           809.603      12.222
  97.1953           643.899      10.815
  97.2953           667.437      11.084
  97.3953           681.462      11.190
  97.4953           686.439      11.224
  97.5953           700.445      11.311
  97.6953           691.463      11.257
  97.7953           602.819      10.505
  97.8953           492.447       9.482
  97.9953           434.564       8.902
  98.0953           433.796       8.916
  98.1953           455.087       9.149
  98.2953           493.222       9.452
  98.3953           565.626      10.208
  98.4953           623.851      10.726
  98.5953           620.900      10.611
  98.6953           572.791      10.233
  98.7953           530.578       9.895
  98.8953           517.970       9.770
  98.9953           560.750      10.130
  99.0953           561.842      10.195
  99.1953           511.765       9.680
  99.2953           462.022       9.287
  99.3953           455.141       9.201
  99.4953           435.563       9.178
  99.5953           422.565       8.981
  99.6953           391.902       8.560
  99.7953           382.109       8.354
  99.8953           396.299       8.523
  99.9953           395.051       8.508
 100.0953           391.704       8.450
 100.1953           416.225       8.704
 100.2953           444.549       9.016
 100.3953           500.090       9.510
 100.4953           519.551       9.722
 100.5953           499.938       9.527
 100.6953           450.337       9.043
 100.7953           400.422       8.510
 100.8953           405.733       8.582
 100.9953           392.300       8.425
 101.0953           400.767       8.527
 101.1953           409.331       8.601
 101.2953           408.271       8.611
 101.3953           404.859       8.570
 101.4953           389.690       8.404
 101.5953           395.993       8.505
 101.6953           377.458       8.270
 101.7953           384.082       8.336
 101.8953           392.419       8.467
 101.9953           376.797       8.276
 102.0953           383.156       8.359
 102.1953           383.354       8.342
 102.2953           384.690       8.397
 102.3953           385.036       8.392
 102.4953           385.900       8.369
 102.5953           388.755       8.502
 102.6953           432.062       9.068
 102.8953           703.535      11.487
 102.9953           896.244      12.847
 103.0953           860.889      12.591
 103.1953           665.284      11.073
 103.2953           502.744       9.578
 103.3953           436.169       8.946
 103.4953           413.811       8.697
 103.5953           412.139       8.639
 103.6953           401.065       8.549
 103.7953           419.364       8.748
 103.8953           426.370       8.810
 103.9953           430.238       8.853
 104.0953           409.774       8.633
 104.1953           391.874       8.471
 104.2953           379.338       8.294
 104.3953           410.267       8.645
 104.4953           406.232       8.597
 104.5953           405.056       8.595
 104.6953           384.656       8.358
 104.7953           377.277       8.300
 104.8953           372.678       8.245
 104.9953           377.045       8.311
 105.0953           391.333       8.410
 105.1953           366.417       8.224
 105.2953           418.362       8.731
 105.3953           407.607       8.653
 105.4953           401.360       8.580
 105.5953           414.833       8.720
 105.6953           449.134       9.044
 105.7953           516.338       9.816
 105.8953           597.540      10.802
 105.9953           643.539      10.844
 106.0953           668.352      11.292
 106.1953           648.661      10.896
 106.2953           706.076      11.435
 106.3953           756.860      11.730
 106.4953           726.921      11.531
 106.5953           587.716      10.349
 106.6953           501.129       9.574
 106.7953           530.644       9.797
 106.8953           614.599      10.405
 106.9953           676.534      11.523
 107.0953           666.921      10.803
 107.1953           578.642      10.221
 107.2953           486.181       9.436
 107.3953           424.220       8.747
 107.4953           394.471       8.466
 107.5953           396.214       8.472
 107.6953           414.011       8.674
 107.7953           471.749       9.275
 107.8953           585.752      10.308
 107.9953           676.986      11.121
 108.0953           660.938      10.946
 108.1953           520.528       9.761
 108.2953           433.136       8.871
 108.3953           379.635       8.334
 108.4953           366.163       8.155
 108.5953           388.364       8.431
 108.6953           417.616       8.754
 108.7953           470.877       9.290
 108.8953           543.874       9.941
 108.9953           647.429      11.026
 109.0953           737.205      11.840
 109.1953           781.431      12.204
 109.2953           757.411      11.913
 109.3953           708.192      11.394
 109.4953           633.812      10.805
 109.5953           509.803       9.725
 109.6953           453.101       9.067
 109.7953           426.358       8.854
 109.8953           413.587       8.673
 109.9953           415.384       8.707
 110.0953           412.683       8.654
 110.1953           499.327       9.529
 110.2953           594.933      10.402
 110.3953           647.046      10.835
 110.4953           589.988      10.328
 110.5953           503.770       9.622
 110.6953           416.516       8.674
 110.7953           378.729       8.298
 110.8953           392.828       8.443
 110.9953           466.377       9.223
 111.0953           546.350       9.945
 111.1953           623.323      10.640
 111.2953           594.458      10.397
 111.3953           512.869       9.677
 111.4953           421.706       8.735
 111.5953           378.853       8.345
 111.6953           397.477       8.484
 111.7953           401.252       8.608
 111.8953           397.654       8.472
 111.9953           392.291       8.544
 112.0953           375.335       8.264
 112.1953           345.998       8.046
 112.2953           340.976       8.062
 112.3953           363.492       8.313
 112.4953           352.023       8.065
 112.5953           363.735       8.133
 112.6953           449.732       9.069
 112.7953           557.394      10.050
 112.8953           732.045      11.513
 112.9953           773.290      11.813
 113.0953           707.920      11.365
 113.1953           553.712       9.997
 113.2953           431.073       8.807
 113.3953           376.606       8.276
 113.4953           366.493       8.136
 113.5953           344.948       7.914
 113.6953           348.878       7.911
 113.7953           356.755       8.022
 113.8953           384.183       8.328
 113.9953           399.639       8.472
 114.0953           436.503       8.851
 114.1953           488.452       9.474
 114.2953           482.006       9.281
 114.3953           443.603       8.955
 114.4953           405.738       8.567
 114.5953           376.432       8.232
 114.6953           354.907       8.049
 114.7953           372.316       8.134
 114.8953           354.951       8.092
 114.9953           364.947       8.112
 115.0953           352.913       8.025
 115.1953           354.390       8.025
 115.2953           347.000       7.986
 115.3953           379.759       8.345
 115.4953           384.394       8.572
 115.5953           478.666       9.496
 115.6953           590.721      10.456
 115.7953           634.587      10.739
 115.8953           657.299      10.947
 115.9953           557.693      10.098
 116.0953           488.962       9.408
 116.1953           424.298       8.784
 116.2953           410.049       8.631
 116.3953           399.504       8.502
 116.4953           406.799       8.638
 116.5953           420.472       8.633
 116.6953           409.328       8.631
 116.7953           390.615       8.391
 116.8953           361.104       8.085
 116.9953           340.449       7.854
 117.0953           339.109       7.809
 117.1953           369.493       8.187
 117.2953           361.488       8.077
 117.3953           365.342       8.131
 117.4953           374.115       8.227
 117.5953           356.357       8.019
 117.6953           345.913       7.911
 117.7953           331.304       7.747
 117.8953           332.633       7.731
 117.9953           317.807       7.670
 118.0953           337.399       7.702
 118.1953           342.347       7.953
 118.2953           354.352       8.012
 118.3953           359.153       8.098
 118.4953           377.919       8.290
 118.5953           395.622       8.552
 118.6953           443.548       9.130
 118.7953           457.253       9.371
 118.8953           504.035       9.584
 118.9953           460.925       9.200
 119.0953           433.890       8.844
 119.1953           464.999       9.208
 119.2953           546.674       9.948
 119.3953           660.375      10.929
 119.4953           751.245      11.650
 119.5953           838.377      12.329
 119.6953           747.950      11.565
 119.7953           631.268      10.701
 119.8953           508.786       9.574
 119.9953           413.816       8.619
 120.0953           366.419       8.093
 120.1953           334.297       7.908
 120.2953           332.068       7.465
 120.3953           332.648       7.862
 120.4953           318.121       7.561
 120.5953           303.258       7.423
 120.6953           318.665       7.515
 120.7953           321.698       7.631
 120.8953           315.684       7.521
 120.9953           306.344       7.434
 121.0953           327.270       7.661
 121.1953           323.782       7.655
 121.2953           309.663       7.488
 121.3953           294.054       7.279
 121.4953           319.798       7.603
 121.5953           316.465       7.651
 121.6953           320.533       7.511
 121.7953           355.360       8.226
 121.8953           377.966       8.379
 121.9953           424.436       8.970
 122.0953           445.703       9.073
 122.1953           463.719       9.176
 122.2953           478.945       9.371
 122.3953           501.405       9.546
 122.4953           502.339       9.595
 122.5953           494.972       9.477
 122.6953           440.882       8.984
 122.7953           399.382       8.499
 122.8953           363.247       8.096
 122.9953           323.102       7.691
 123.0953           337.017       7.812
 123.1953           336.672       7.790
 123.2953           369.406       8.195
 123.3953           394.216       8.443
 123.4953           395.186       8.448
 123.5953           373.881       8.222
 123.6953           367.945       8.189
 123.7953           341.256       7.862
 123.8953           326.989       7.686
 123.9953           333.373       7.765
 124.0953           320.857       7.633
 124.1953           345.842       7.922
 124.2953           369.228       8.187
 124.3953           386.116       8.384
 124.4953           397.406       8.525
 124.5953           381.000       8.308
 124.6953           371.551       8.269
 124.7953           350.541       7.916
 124.8953           324.268       7.723
 124.9953           336.279       7.893
 125.0953           314.420       7.673
 125.1953           323.280       7.829
 125.2953           328.339       7.802
 125.3953           327.135       7.791
 125.4953           340.160       7.831
 125.5953           395.272       8.466
 125.6953           415.303       8.673
 125.7953           478.697       9.269
 125.8953           495.957       9.464
 125.9953           496.033       9.445
 126.0953           471.642       9.174
 126.1953           419.283       8.688
 126.2953           354.636       7.990
 126.3953           340.903       7.796
 126.4953           318.384       7.598
 126.5953           319.279       7.553
 126.6953           321.244       7.589
 126.7953           334.569       7.737
 126.8953           334.825       7.753
 126.9953           371.737       8.196
 127.0953           408.248       8.527
 127.1953           413.110       8.595
 127.2953           457.950       9.072
 127.3953           442.860       8.969
 127.4953           417.051       8.623
 127.5953           384.095       8.322
 127.6953           352.897       7.959
 127.7953           335.022       7.798
 127.8953           337.149       7.786
 127.9953           312.271       7.547
 128.0953           309.259       7.446
 128.1953           307.906       7.548
 128.2953           320.456       7.763
 128.3953           304.601       7.582
 128.4953           317.789       7.649
 128.5953           315.220       7.576
 128.6953           307.621       7.472
 128.7953           309.203       7.499
 128.8953           310.152       7.474
 128.9953           336.734       7.820
 129.0953           365.717       8.157
 129.1953           393.755       8.401
 129.2953           458.084       9.077
 129.3953           474.664       9.280
 129.4953           501.295       9.487
 129.5953           479.593       9.292
 129.6953           426.812       8.773
 129.7953           406.000       8.576
 129.8953           365.075       8.095
 129.9953           358.804       8.049
 130.0953           332.997       7.723
 130.1953           320.755       7.611
 130.2953           316.632       7.552
 130.3953           335.005       7.761
 130.4953           321.566       7.622
 130.5953           327.472       7.687
 130.6953           328.298       7.687
 130.7953           339.995       7.852
 130.8953           327.799       7.703
 130.9953           347.524       7.925
 131.0953           363.528       8.121
 131.1953           383.154       8.355
 131.2953           387.951       8.371
 131.3953           405.838       8.656
 131.4953           415.442       8.835
 131.5953           390.554       8.622
 131.6953           381.300       8.373
 131.7953           350.136       7.974
 131.8953           329.654       7.712
 131.9953           335.270       7.820
 132.0953           338.926       7.804
 132.1953           333.234       7.788
 132.2953           326.392       7.682
 132.3953           308.800       7.435
 132.4953           309.238       7.474
 132.5953           318.640       7.550
 132.6953           307.109       7.462
 132.7953           307.149       7.406
 132.8953           325.396       7.644
 132.9953           299.779       7.340
 133.0953           323.855       7.621
 133.1953           325.873       7.526
 133.2953           348.158       8.156
 133.3953           339.588       7.700
 133.4953           332.532       7.717
 133.5953           356.024       7.997
 133.6953           342.363       7.840
 133.7953           359.315       8.049
 133.8953           364.519       8.051
 133.9953           363.516       8.116
 134.0953           362.615       8.084
 134.1953           360.859       8.039
 134.2953           356.192       8.035
 134.3953           352.195       7.988
 134.4953           343.505       7.876
 134.5953           331.102       7.806
 134.6953           332.036       7.942
 134.7953           330.457       7.852
 134.8953           315.936       7.629
 134.9953           308.755       7.451
 135.0953           297.265       7.309
 135.1953           293.882       7.288
 135.2953           309.164       7.459
 135.3953           308.062       7.437
 135.4953           301.945       7.382
 135.5953           305.336       7.377
 135.6953           293.600       7.263
 135.7953           315.836       7.501
 135.8953           324.968       7.651
 135.9953           318.533       7.550
 136.0953           338.562       7.784
 136.1953           385.796       8.330
 136.2953           452.077       8.974
 136.3953           545.018       9.883
 136.4953           666.486      10.941
 136.5953           747.796      11.598
 136.6953           808.382      11.991
 136.7953           823.870      12.158
 136.8953           804.524      12.021
 136.9953           702.356      11.175
 137.0953           587.880      10.279
 137.1953           492.252       9.425
 137.2953           416.743       8.648
 137.3953           399.117       8.456
 137.4953           398.524       8.468
 137.5953           450.997       9.020
 137.6953           476.792       9.285
 137.7953           527.123       9.795
 137.8953           525.272       9.939
 137.9953           556.622      10.222
 138.0953           557.925      10.117
 138.1953           528.757       9.727
 138.2953           479.070       9.326
 138.3953           441.180       8.890
 138.4953           408.067       8.554
 138.5953           376.440       8.211
 138.6953           371.884       8.150
 138.7953           334.632       7.710
 138.8953           326.748       7.617
 138.9953           308.829       7.429
 139.0953           303.040       7.339
 139.1953           302.567       7.304
 139.2953           283.308       7.132
 139.3953           307.388       7.361
 139.4953           288.229       7.181
 139.5953           301.735       7.275
 139.6953           301.217       7.340
 139.7953           303.586       7.367
 139.8953           308.290       7.382
 139.9953           331.556       7.677
 140.0953           347.671       7.861
 140.1953           400.236       8.468
 140.2953           430.860       8.730
 140.3953           436.711       8.857
 140.4953           470.585       9.167
 140.5953           473.963       9.209
 140.6953           466.984       9.172
 140.7953           461.423       9.093
 140.8953           458.969       9.085
 140.9953           425.983       8.844
 141.0953           419.679       8.855
 141.1953           464.143       9.320
 141.2953           482.519       9.357
 141.3953           506.887       9.507
 141.4953           519.480       9.663
 141.5953           530.643       9.717
 141.6953           536.978       9.807
 141.7953           509.550       9.555
 141.8953           486.853       9.296
 141.9953           455.731       8.964
 142.0953           444.273       8.896
 142.1953           413.520       8.589
 142.2953           420.935       8.650
 142.3953           518.546       9.546
 142.4953           518.956       9.628
 142.5953           559.620       9.973
 142.6953           600.348      10.307
 142.7953           604.501      10.334
 142.8953           604.696      10.363
 142.9953           597.291      10.300
 143.0953           587.900      10.177
 143.1953           548.646       9.878
 143.2953           504.330       9.457
 143.3953           470.913       9.143
 143.4953           485.963       9.270
 143.5953           483.540       9.266
 143.6953           498.313       9.470
 143.7953           491.564       9.462
 143.8953           491.481       9.038
 143.9953           474.816       9.377
 144.0953           462.020       9.057
 144.1953           443.023       8.996
 144.2953           404.371       8.639
 144.3953           383.229       8.483
 144.4953           371.689       8.241
 144.5953           336.985       7.776
 144.6953           317.844       7.536
 144.7953           312.820       7.486
 144.8953           314.461       7.481
 144.9953           292.185       7.217
 145.0953           308.205       7.399
 145.1953           296.034       7.272
 145.2953           277.681       6.995
 145.3953           290.384       7.190
 145.4953           292.145       7.205
 145.5953           286.125       6.578
 145.6953           330.787       9.330
 145.7953           284.451       6.580
 145.8953           307.925       7.380
 145.9953           322.578       7.549
 146.0953           340.747       7.774
 146.1953           351.646       7.907
 146.2953           340.408       7.773
 146.3953           344.471       7.757
 146.4953           373.457       8.189
 146.5953           365.793       8.046
 146.6953           363.101       8.020
 146.7953           397.819       8.441
 146.8953           390.762       8.339
 146.9953           402.598       8.478
 147.0953           392.061       8.366
 147.1953           385.963       8.303
 147.2953           395.655       8.411
 147.3953           397.710       8.489
 147.4953           383.784       8.478
 147.5953           364.041       8.221
 147.6953           346.686       7.960
 147.7953           338.787       7.774
 147.8953           309.571       7.473
 147.9953           310.625       7.421
 148.0953           297.644       7.312
 148.1953           303.060       7.318
 148.2953           275.822       7.045
 148.3953           276.895       7.006
 148.4953           292.630       7.309
 148.5953           287.734       6.928
 148.6953           277.624       7.154
 148.7953           275.212       7.183
 148.8953           277.884       6.648
 148.9953           285.101       7.125
 149.0953           288.474       7.292
 149.1953           303.208       7.173
 149.2953           316.646       7.424
 149.3953           327.992       7.601
 149.4953           325.190       7.494
 149.5953           337.596       7.597
 149.6953           339.872       7.902
 149.7953           328.529       7.616
 149.8953           325.749       7.347
 149.9953           339.727       8.154
 150.0953           336.446       7.232
 150.1953           309.392       8.167
 150.2953           320.822       7.172
 150.3953           298.370       7.343
 150.4953           304.709       7.375
 150.5953           311.141       7.489
 150.6953           311.930       6.903
 150.7953             0.000       0.000
 150.8953             0.000       0.000
