XYDATA  Co2SiO4 8mmV 1.87A HiRes FullBeam 500K CF ROC 
INTER        1       1       0     0.100000
TEMP       476.980      485.156      485.216
! d20 23-Apr-08 09:22:09 User Sazono   L.C.Hansen  Run 594842*d20_2008_04_5880
! d20 23-Apr-08 09:22:09 User Sazono   L.C.Hansen  Run 594842*d20_2008_04_5880
! Monitor/counts, Counting time/sec:       100000.      62.5111
   0.0953          4140.762      28.116
   0.1953          4253.018      28.960
   0.2953          4252.290      29.221
   0.3953          4142.449      28.656
   0.4953          3793.122      27.220
   0.5953          3429.720      25.676
   0.6953          3027.893      24.057
   0.7953          2619.804      22.437
   0.8953          2260.645      20.774
   0.9953          1947.084      19.328
   1.0953          1630.460      17.632
   1.1953          1308.942      15.767
   1.2953          1034.502      14.043
   1.3953           770.966      12.112
   1.4953           556.007      10.279
   1.5953           443.342       9.155
   1.6953           384.251       8.569
   1.7953           332.564       7.966
   1.8953           317.172       7.750
   1.9953           315.584       7.734
   2.0953           285.863       7.381
   2.1953           296.882       7.517
   2.2953           293.137       7.446
   2.3953           289.441       7.412
   2.4953           274.816       7.252
   2.5953           274.564       7.176
   2.6953           261.258       7.092
   2.7953           257.309       6.985
   2.8953           245.609       6.852
   2.9953           260.390       7.048
   3.0953           242.764       6.817
   3.1953           242.826       6.814
   3.2953           244.123       6.823
   3.3953           226.407       6.630
   3.4953           244.713       6.989
   3.5953           236.348       6.866
   3.6953           248.110       6.951
   3.7953           248.656       6.915
   3.8953           247.775       6.885
   3.9953           298.296       7.560
   4.0953           312.847       7.699
   4.1953           361.742       8.354
   4.2953           406.760       8.779
   4.3953           442.601       9.159
   4.4953           491.275       9.646
   4.5953           552.291      10.282
   4.6953           614.948      10.760
   4.7953           651.632      11.113
   4.8953           689.666      11.439
   4.9953           696.952      11.531
   5.0953           677.948      11.320
   5.1953           705.206      11.542
   5.2953           692.790      11.496
   5.3953           707.421      11.580
   5.4953           719.095      11.650
   5.5953           714.474      11.650
   5.6953           698.209      11.530
   5.7953           714.018      11.668
   5.8953           714.302      11.595
   5.9953           715.116      11.711
   6.0953           695.243      11.516
   6.1953           698.111      11.571
   6.2953           681.401      11.400
   6.3953           688.728      11.457
   6.4953           694.750      11.574
   6.5953           688.248      11.490
   6.6953           679.649      11.634
   6.7953           658.049      11.457
   6.8953           684.716      11.536
   6.9953           660.772      11.211
   7.0953           652.674      11.154
   7.1953           649.550      11.161
   7.2953           664.786      11.210
   7.3953           667.373      11.305
   7.4953           639.936      11.025
   7.5953           626.356      10.882
   7.6953           632.745      10.944
   7.7953           632.116      10.946
   7.8953           644.070      11.034
   7.9953           617.878      10.761
   8.0953           623.553      10.898
   8.1953           597.438      10.620
   8.2953           634.380      10.938
   8.3953           631.650      10.923
   8.4953           595.507      10.619
   8.5953           612.096      10.737
   8.6953           611.002      10.728
   8.7953           600.004      10.630
   8.8953           592.600      10.579
   8.9953           585.942      10.519
   9.0953           594.330      10.583
   9.1953           576.967      10.470
   9.2953           593.932      10.621
   9.3953           580.391      10.444
   9.4953           586.330      10.575
   9.5953           585.733      10.537
   9.6953           594.129      10.633
   9.7953           578.446      10.591
   9.8953           575.747      10.699
   9.9953           565.914      10.593
  10.0953           561.794      10.395
  10.1953           549.166      10.205
  10.2953           565.517      10.372
  10.3953           553.475      10.232
  10.4953           545.562      10.150
  10.5953           566.979      10.327
  10.6953           559.597      10.298
  10.7953           567.622      10.292
  10.8953           554.370      10.190
  10.9953           562.826      10.264
  11.0953           568.586      10.237
  11.1953           553.646      10.159
  11.2953           551.452      10.743
  11.3953           548.375       9.933
  11.4953           537.817       9.984
  11.5953           519.557       9.831
  11.6953           533.382      10.028
  11.7953           529.259       9.954
  11.8953           543.200      10.099
  11.9953           551.051      10.166
  12.0953           535.934      10.057
  12.1953           522.568       9.904
  12.2953           512.818       9.788
  12.3953           531.961      10.060
  12.4953           534.843      10.047
  12.5953           536.563      10.049
  12.6953           531.678      10.019
  12.7953           521.949       9.991
  12.8953           529.085       9.946
  12.9953           516.120       9.938
  13.0953           535.307      10.436
  13.1953           523.229       9.860
  13.2953           516.867      10.142
  13.3953           532.591      10.045
  13.4953           542.948      10.172
  13.5953           512.599       9.811
  13.6953           528.962      10.034
  13.7953           526.371       9.930
  13.8953           525.443      10.000
  13.9953           524.582       9.878
  14.0953           519.669       9.951
  14.1953           522.880       9.798
  14.2953           524.339       9.991
  14.3953           500.176       9.662
  14.4953           504.452       9.728
  14.5953           494.777       9.703
  14.6953           518.431       9.833
  14.7953           511.242       9.774
  14.8953           506.371       9.736
  14.9953           511.556       9.834
  15.0953           502.047       9.859
  15.1953           530.976       9.670
  15.2953           527.740      10.141
  15.3953           501.054       9.695
  15.4953           518.683       9.852
  15.5953           515.550       9.860
  15.6953           498.274       9.722
  15.7953           510.957       9.779
  15.8953           509.844       9.871
  15.9953           511.394       9.825
  16.0953           478.196       9.558
  16.1953           514.911       9.915
  16.2953           496.230       9.891
  16.3953           513.183      10.103
  16.4953           500.170       9.809
  16.5953           495.696       9.677
  16.6953           512.430       9.889
  16.7953           480.631       9.542
  16.8953           516.642       9.903
  16.9953           510.346       9.807
  17.0953           504.444       9.773
  17.1953           501.662       9.732
  17.2953           501.088       9.697
  17.3953           480.688       9.532
  17.4953           498.439       9.697
  17.5953           494.666       9.597
  17.6953           503.267       9.760
  17.7953           481.845       9.529
  17.8953           502.147       9.687
  17.9953           504.191       9.719
  18.0953           480.335       9.520
  18.1953           485.519       9.551
  18.2953           493.107       9.630
  18.3953           500.098       9.676
  18.4953           508.047       9.803
  18.5953           501.182       9.676
  18.6953           513.970       9.824
  18.7953           484.475       9.572
  18.8953           492.509       9.642
  18.9953           487.518       9.563
  19.0953           498.878       9.724
  19.1953           492.367       9.658
  19.2953           491.691       9.665
  19.3953           503.708       9.781
  19.4953           487.246       9.848
  19.5953           494.025       9.831
  19.6953           494.848       9.703
  19.7953           497.590       9.719
  19.8953           474.498       9.469
  19.9953           504.719       9.755
  20.0953           495.800       9.659
  20.1953           495.440       9.493
  20.2953           529.550      10.363
  20.3953           479.890       9.424
  20.4953           507.038       9.516
  20.5953           519.438      10.008
  20.6953           520.436       9.837
  20.7953           527.361       9.934
  20.8953           526.986       9.924
  20.9953           532.914      10.026
  21.0953           563.984      10.246
  21.1953           572.890      10.358
  21.2953           563.788      10.263
  21.3953           540.631      10.074
  21.4953           511.267       9.789
  21.5953           517.992       9.838
  21.6953           474.430       9.470
  21.7953           468.484       9.325
  21.8953           488.368       9.591
  21.9953           476.720       9.442
  22.0953           464.329       9.347
  22.1953           470.745       9.441
  22.2953           477.786       9.482
  22.3953           472.747       9.468
  22.4953           481.398       9.554
  22.5953           460.324       9.365
  22.6953           476.515       9.701
  22.7953           487.600       9.785
  22.8953           471.374       9.469
  22.9953           480.510       9.490
  23.0953           461.281       9.327
  23.1953           485.731       9.565
  23.2953           474.426       9.412
  23.3953           485.318       9.536
  23.4953           478.739       9.505
  23.5953           466.338       9.275
  23.6953           473.011       9.398
  23.7953           475.751       9.418
  23.8953           466.228       9.321
  23.9953           459.683       9.227
  24.0953           464.087       9.312
  24.1953           482.195       9.488
  24.2953           478.770       9.402
  24.3953           483.655       9.493
  24.4953           469.138       9.323
  24.5953           492.325       9.622
  24.6953           502.089       9.629
  24.7953           504.741       9.660
  24.8953           535.785      10.024
  24.9953           566.214      10.241
  25.0953           575.046      10.343
  25.1953           574.839      10.356
  25.2953           535.218      10.005
  25.3953           539.037      10.030
  25.4953           488.774       9.569
  25.5953           483.960       9.530
  25.6953           470.077       9.377
  25.7953           473.356       9.505
  25.8953           482.099       9.694
  25.9953           468.431       9.576
  26.0953           476.885       9.496
  26.1953           461.881       9.305
  26.2953           493.168       9.589
  26.3953           466.353       9.376
  26.4953           491.181       9.552
  26.5953           512.178       9.746
  26.6953           524.090       9.910
  26.7953           519.837       9.833
  26.8953           521.759       9.859
  26.9953           513.111       9.733
  27.0953           512.329       9.786
  27.1953           509.630       9.716
  27.2953           544.601      10.063
  27.3953           577.213      10.367
  27.4953           613.465      10.669
  27.5953           700.602      11.398
  27.6953           809.925      12.307
  27.7953           947.299      13.248
  27.8953           972.341      13.471
  27.9953           907.217      12.918
  28.0953           796.457      12.213
  28.1953           630.755      10.848
  28.2953           550.599      10.090
  28.3953           471.148       9.399
  28.4953           482.133       9.465
  28.5953           466.595       9.334
  28.6953           499.711       9.689
  28.7953           522.081       9.911
  28.8953           543.434      10.121
  28.9953           583.623      10.469
  29.0953           577.576      10.604
  29.1953           612.752      10.899
  29.2953           600.786      10.730
  29.3953           560.324      10.275
  29.4953           512.335       9.822
  29.5953           485.538       9.524
  29.6953           469.397       9.352
  29.7953           470.900       9.403
  29.8953           462.120       9.317
  29.9953           462.293       9.270
  30.0953           461.839       9.295
  30.1953           476.923       9.441
  30.2953           474.077       9.414
  30.3953           480.347       9.437
  30.4953           477.596       9.469
  30.5953           492.006       9.594
  30.6953           478.964       9.450
  30.7953           489.748       9.539
  30.8953           523.219       9.877
  30.9953           533.559      10.010
  31.0953           562.534      10.214
  31.1953           547.493      10.106
  31.2953           532.707      10.000
  31.3953           506.142       9.710
  31.4953           482.418       9.494
  31.5953           469.127       9.364
  31.6953           476.567       9.480
  31.7953           462.035       9.289
  31.8953           464.896       9.356
  31.9953           443.069       9.103
  32.0953           472.703       9.445
  32.1953           448.394       9.244
  32.2953           453.899       9.432
  32.3953           429.280       9.123
  32.4953           465.629       9.382
  32.5953           472.702       9.403
  32.6953           439.360       9.069
  32.7953           438.903       9.029
  32.8953           455.348       9.237
  32.9953           455.419       9.173
  33.0953           436.837       9.054
  33.1953           457.004       9.184
  33.2953           452.005       9.181
  33.3953           451.731       9.124
  33.4953           449.748       9.137
  33.5953           454.950       9.160
  33.6953           461.431       9.230
  33.7953           431.753       8.985
  33.8953           446.965       9.060
  33.9953           442.599       9.042
  34.0953           447.913       9.113
  34.1953           456.861       9.204
  34.2953           450.371       9.151
  34.3953           456.169       9.103
  34.4953           469.765       9.401
  34.5953           465.010       9.228
  34.6953           461.802       9.296
  34.7953           466.261       9.305
  34.8953           484.923       9.483
  34.9953           482.367       9.451
  35.0953           476.512       9.447
  35.1953           466.633       9.325
  35.2953           492.654       9.616
  35.3953           457.908       9.345
  35.4953           465.387       9.500
  35.5953           454.088       9.391
  35.6953           468.752       9.438
  35.7953           494.372       9.598
  35.8953           502.677       9.705
  35.9953           503.138       9.660
  36.0953           523.452       9.882
  36.1953           560.411      10.193
  36.2953           586.927      10.489
  36.3953           576.882      10.333
  36.4953           560.744      10.229
  36.5953           534.434       9.912
  36.6953           512.478       9.765
  36.7953           484.918       9.450
  36.8953           468.141       9.322
  36.9953           464.326       9.283
  37.0953           460.703       9.229
  37.1953           465.011       9.245
  37.2953           464.138       9.298
  37.3953           463.126       9.248
  37.4953           443.397       9.038
  37.5953           470.760       9.356
  37.6953           468.383       9.310
  37.7953           444.083       9.086
  37.8953           464.592       9.257
  37.9953           468.764       9.332
  38.0953           464.322       9.294
  38.1953           469.610       9.357
  38.2953           465.750       9.285
  38.3953           477.426       9.458
  38.4953           469.022       9.321
  38.5953           457.003       9.321
  38.6953           450.408       9.355
  38.7953           469.775       9.565
  38.8953           496.534       9.688
  38.9953           520.185       9.902
  39.0953           576.301      10.386
  39.1953           652.295      11.001
  39.2953           678.320      11.248
  39.3953           687.865      11.293
  39.4953           651.335      11.027
  39.5953           588.281      10.426
  39.6953           512.864       9.760
  39.7953           484.028       9.456
  39.8953           474.265       9.390
  39.9953           472.906       9.332
  40.0953           470.474       9.333
  40.1953           490.955       9.575
  40.2953           470.358       9.311
  40.3953           471.861       9.333
  40.4953           490.455       9.556
  40.5953           468.923       9.325
  40.6953           474.138       9.364
  40.7953           472.196       9.369
  40.8953           473.835       9.393
  40.9953           473.620       9.368
  41.0953           464.805       9.261
  41.1953           469.880       9.384
  41.2953           478.367       9.429
  41.3953           475.365       9.403
  41.4953           479.639       9.491
  41.5953           466.867       9.332
  41.6953           468.636       9.354
  41.7953           501.060       9.785
  41.8953           507.791      10.107
  41.9953           542.518       9.973
  42.0953           614.704      10.977
  42.1953           737.793      11.736
  42.2953           857.232      12.758
  42.3953           968.787      13.437
  42.4953           962.456      13.448
  42.5953           882.268      12.750
  42.6953           781.870      12.147
  42.7953           683.358      11.274
  42.8953           611.524      10.631
  42.9953           551.596      10.175
  43.0953           511.367       9.725
  43.1953           519.603       9.806
  43.2953           559.263      10.229
  43.3953           628.298      10.767
  43.4953           643.998      10.947
  43.5953           671.279      11.162
  43.6953           621.564      10.709
  43.7953           557.708      10.176
  43.8953           493.504       9.588
  43.9953           482.452       9.433
  44.0953           481.449       9.446
  44.1953           508.099       9.766
  44.2953           554.584      10.125
  44.3953           641.151      10.959
  44.4953           748.706      11.803
  44.5953           821.864      12.316
  44.6953           803.106      12.303
  44.7953           731.892      11.706
  44.8953           594.064      10.553
  44.9953           527.823      10.009
  45.0953           479.588       9.683
  45.1953           465.616       9.494
  45.2953           465.828       9.356
  45.3953           454.591       9.205
  45.4953           457.544       9.204
  45.5953           467.101       9.327
  45.6953           481.554       9.435
  45.7953           532.550       9.913
  45.8953           608.315      10.630
  45.9953           712.952      11.449
  46.0953           880.870      12.720
  46.1953           980.611      13.444
  46.2953           914.748      12.992
  46.3953           752.032      11.745
  46.4953           602.152      10.533
  46.5953           510.470       9.692
  46.6953           472.956       9.324
  46.7953           483.734       9.449
  46.8953           457.166       9.163
  46.9953           491.035       9.476
  47.0953           509.044       9.693
  47.1953           538.069       9.952
  47.2953           591.840      10.448
  47.3953           661.365      11.027
  47.4953           675.445      11.169
  47.5953           633.476      10.776
  47.6953           587.610      10.440
  47.7953           527.876       9.866
  47.8953           525.887       9.873
  47.9953           574.706      10.350
  48.0953           723.339      11.550
  48.1953          1010.157      13.856
  48.2953          1609.507      17.643
  48.3953          2348.715      21.383
  48.4953          3143.563      24.263
  48.5953          3535.200      25.693
  48.6953          3382.422      25.049
  48.7953          2981.128      23.597
  48.8953          2382.152      20.959
  48.9953          1742.973      17.958
  49.0953          1166.232      14.758
  49.1953           762.108      11.827
  49.2953           543.082      10.007
  49.3953           489.346       9.511
  49.4953           509.156       9.690
  49.5953           493.490       9.536
  49.6953           485.367       9.432
  49.7953           493.788       9.590
  49.8953           485.065       9.410
  49.9953           487.724       9.464
  50.0953           487.136       9.502
  50.1953           473.116       9.343
  50.2953           475.912       9.364
  50.3953           477.209       9.382
  50.4953           485.305       9.460
  50.5953           470.909       9.346
  50.6953           490.800       9.505
  50.7953           558.608      10.180
  50.8953           644.784      10.927
  50.9953           786.866      12.081
  51.0953           876.077      12.763
  51.1953           860.954      12.657
  51.2953           733.798      11.693
  51.3953           613.860      10.689
  51.4953           514.118      10.021
  51.5953           491.493       9.735
  51.6953           485.764       9.571
  51.7953           488.869       9.534
  51.8953           518.255       9.792
  51.9953           529.570       9.875
  52.0953           518.537       9.806
  52.1953           529.874       9.901
  52.2953           537.679       9.911
  52.3953           557.859      10.151
  52.4953           538.090       9.929
  52.5953           493.986       9.510
  52.6953           481.583       9.405
  52.7953           456.389       9.141
  52.8953           450.869       9.116
  52.9953           452.732       9.082
  53.0953           461.261       9.214
  53.1953           439.369       8.961
  53.2953           450.777       9.094
  53.3953           465.581       9.243
  53.4953           449.815       9.099
  53.5953           470.437       9.262
  53.6953           465.509       9.258
  53.7953           469.148       9.292
  53.8953           460.324       9.157
  53.9953           447.122       9.095
  54.0953           468.408       9.294
  54.1953           486.007       9.452
  54.2953           506.343       9.666
  54.3953           551.816      10.129
  54.4953           595.389      10.486
  54.5953           623.622      10.810
  54.6953           574.373      10.532
  54.7953           554.368      10.372
  54.8953           519.266       9.840
  54.9953           510.445       9.759
  55.0953           493.077       9.532
  55.1953           504.462       9.671
  55.2953           481.512       9.393
  55.3953           488.442       9.494
  55.4953           475.855       9.365
  55.5953           466.908       9.235
  55.6953           463.353       9.258
  55.7953           461.117       9.211
  55.8953           476.221       9.343
  55.9953           460.887       9.188
  56.0953           474.660       9.329
  56.1953           456.780       9.161
  56.2953           465.938       9.245
  56.3953           450.117       9.062
  56.4953           455.846       9.176
  56.5953           483.606       9.435
  56.6953           463.114       9.205
  56.7953           487.692       9.459
  56.8953           493.054       9.535
  56.9953           472.584       9.282
  57.0953           483.574       9.447
  57.1953           470.556       9.300
  57.2953           462.406       9.256
  57.3953           462.370       9.253
  57.4953           454.316       9.108
  57.5953           449.446       9.161
  57.6953           448.793       9.127
  57.7953           467.093       9.336
  57.8953           462.099       9.512
  57.9953           456.430       9.330
  58.0953           462.317       9.314
  58.1953           439.655       9.033
  58.2953           465.767       9.269
  58.3953           450.611       9.154
  58.4953           432.660       8.897
  58.5953           447.575       9.098
  58.6953           448.093       9.057
  58.7953           450.259       9.091
  58.8953           445.357       9.044
  58.9953           462.677       9.261
  59.0953           457.259       9.029
  59.1953           469.590       9.330
  59.2953           481.683       9.407
  59.3953           494.785       9.517
  59.4953           484.675       9.406
  59.5953           460.567       9.173
  59.6953           435.824       8.932
  59.7953           455.928       9.191
  59.8953           461.962       9.125
  59.9953           493.286       9.538
  60.0953           466.020       9.267
  60.1953           444.794       9.008
  60.2953           456.816       9.124
  60.3953           452.123       9.138
  60.4953           440.908       8.972
  60.5953           471.834       9.305
  60.6953           521.052       9.800
  60.7953           567.322      10.227
  60.8953           558.834      10.193
  60.9953           547.400      10.132
  61.0953           510.701       9.887
  61.1953           485.539       9.670
  61.2953           477.741       9.407
  61.3953           476.399       9.357
  61.4953           446.076       9.019
  61.5953           443.241       9.021
  61.6953           454.334       9.101
  61.7953           468.617       9.244
  61.8953           491.845       9.508
  61.9953           493.999       9.462
  62.0953           464.036       9.153
  62.1953           467.120       9.272
  62.2953           487.944       9.384
  62.3953           495.125       9.478
  62.4953           515.143       9.656
  62.5953           483.535       9.425
  62.6953           457.355       9.075
  62.7953           447.155       9.010
  62.8953           436.885       8.899
  62.9953           442.913       8.965
  63.0953           447.659       8.996
  63.1953           452.817       9.047
  63.2953           454.430       9.147
  63.3953           450.938       9.012
  63.4953           451.554       9.035
  63.5953           457.440       9.151
  63.6953           467.048       9.233
  63.7953           479.142       9.302
  63.8953           536.561       9.924
  63.9953           716.533      11.417
  64.0953          1152.303      14.537
  64.1953          1779.551      18.130
  64.2953          2229.983      20.310
  64.3953          2166.274      20.790
  64.4953          1725.740      17.655
  64.5953          1354.249      15.904
  64.6953           499.315       9.151
  64.7953           675.646      10.711
  64.8953           628.748      11.775
  64.9953           698.766      13.117
  65.0953           768.956      12.111
  65.1953           751.937      10.795
  65.2953           635.209      10.663
  65.3953           530.930       9.795
  65.4953           480.685       9.362
  65.5953           456.022       9.057
  65.6953           463.299       9.222
  65.7953           459.752       9.146
  65.8953           473.833       9.268
  65.9953           459.237       9.146
  66.0953           462.580       9.208
  66.1953           463.512       9.179
  66.2953           450.608       9.056
  66.3953           472.546       9.269
  66.4953           475.812       9.384
  66.5953           474.854       9.259
  66.6953           453.061       9.107
  66.7953           455.666       9.159
  66.8953           456.288       9.164
  66.9953           465.699       9.210
  67.0953           461.985       9.232
  67.1953           470.735       9.289
  67.2953           497.795       9.614
  67.3953           585.624      10.433
  67.4953           685.138      11.486
  67.5953           713.313      11.669
  67.6953           664.446      11.079
  67.7953           569.735      10.224
  67.8953           482.128       9.387
  67.9953           448.005       9.046
  68.0953           463.318       9.152
  68.1953           447.716       9.010
  68.2953           450.136       9.066
  68.3953           451.309       9.014
  68.4953           452.822       9.051
  68.5953           458.383       9.097
  68.6953           503.107       9.537
  68.7953           567.578      10.114
  68.8953           720.468      11.362
  68.9953           876.045      12.625
  69.0953           875.606      12.483
  69.1953           721.382      11.413
  69.2953           584.043      10.281
  69.3953           513.255       9.653
  69.4953           490.948       9.354
  69.5953           464.953       9.173
  69.6953           449.368       9.005
  69.7953           452.204       9.035
  69.8953           470.149       9.187
  69.9953           493.367       9.470
  70.0953           534.330       9.865
  70.1953           577.075      10.206
  70.2953           531.321       9.849
  70.3953           498.190       9.530
  70.4953           507.465       9.590
  70.5953           535.321       9.953
  70.6953           535.980      10.095
  70.7953           562.219      10.299
  70.8953           508.273       9.664
  70.9953           493.336       9.482
  71.0953           463.825       9.218
  71.1953           464.293       9.151
  71.2953           464.835       9.187
  71.3953           465.888       9.179
  71.4953           471.513       9.233
  71.5953           471.165       9.224
  71.6953           459.469       9.090
  71.7953           458.493       9.085
  71.8953           469.279       9.219
  71.9953           441.419       8.914
  72.0953           450.085       9.031
  72.1953           474.002       9.232
  72.2953           524.810       9.719
  72.3953           627.349      10.615
  72.4953           704.044      11.256
  72.5953           716.189      11.427
  72.6953           646.594      10.733
  72.7953           613.864      10.477
  72.8953           587.085      10.267
  72.9953           473.992       9.163
  73.0953           495.513       9.435
  73.1953           448.674       8.844
  73.2953           481.057       9.080
  73.3953           532.305       8.452
  73.4953           583.498      19.537
  73.5953           618.282      10.130
  73.6953           644.193      10.032
  73.7953           555.087       9.216
  73.8953           471.771      12.524
  73.9953           478.543       9.026
  74.0953           453.620       9.100
  74.1953           433.044       8.851
  74.2953           429.890       8.829
  74.3953           429.309       8.839
  74.4953           445.578       8.956
  74.5953           447.202       9.055
  74.6953           461.836       9.157
  74.7953           455.028       9.093
  74.8953           467.252       9.162
  74.9953           438.658       8.945
  75.0953           448.660       9.029
  75.1953           444.072       8.950
  75.2953           442.033       8.949
  75.3953           435.475       8.904
  75.4953           447.210       8.978
  75.5953           466.095       9.176
  75.6953           487.838       9.408
  75.7953           532.737       9.818
  75.8953           591.627      10.352
  75.9953           626.349      10.668
  76.0953           699.579      11.241
  76.1953           767.746      11.835
  76.2953           862.396      12.445
  76.3953           859.992      12.539
  76.4953           778.477      11.877
  76.5953           669.867      11.019
  76.6953           780.625      11.957
  76.7953          1177.199      14.669
  76.8953          1731.209      17.813
  76.9953          2108.882      19.769
  77.0953          1796.058      18.520
  77.1953          1117.185      14.623
  77.2953           736.339      11.706
  77.3953           744.420      11.703
  77.4953          1221.727      14.963
  77.5953          1986.979      19.178
  77.6953          2508.483      21.298
  77.7953          2120.177      19.690
  77.8953          1252.461      15.155
  77.9953           699.796      11.293
  78.0953           510.213       9.622
  78.1953           459.255       9.174
  78.2953           465.910       9.207
  78.3953           475.033       9.300
  78.4953           461.280       9.165
  78.5953           475.569       9.323
  78.6953           531.892       9.841
  78.7953           585.958      10.329
  78.8953           606.352      10.544
  78.9953           586.128      10.345
  79.0953           503.058       9.582
  79.1953           452.336       9.070
  79.2953           446.156       9.049
  79.3953           453.500       9.086
  79.4953           447.330       8.984
  79.5953           444.537       9.050
  79.6953           447.180       9.049
  79.7953           448.718       9.051
  79.8953           438.095       8.993
  79.9953           449.213       9.090
  80.0953           427.871       8.885
  80.1953           440.944       9.073
  80.2953           469.950       9.535
  80.3953           439.916       9.121
  80.4953           440.397       9.065
  80.5953           474.532       9.324
  80.6953           496.282       9.574
  80.7953           517.431       9.718
  80.8953           492.347       9.502
  80.9953           490.003       9.423
  81.0953           447.691       9.047
  81.1953           444.022       8.976
  81.2953           435.868       8.921
  81.3953           454.889       9.058
  81.4953           461.350       9.161
  81.5953           474.797       9.285
  81.6953           481.425       9.345
  81.7953           466.304       9.220
  81.8953           472.803       9.237
  81.9953           483.985       9.352
  82.0953           518.306       9.709
  82.1953           504.209       9.597
  82.2953           481.476       9.313
  82.3953           483.080       9.356
  82.4953           459.770       9.157
  82.5953           444.411       8.978
  82.6953           433.083       8.824
  82.7953           452.400       9.127
  82.8953           444.161       8.990
  82.9953           471.283       9.255
  83.0953           522.030       9.772
  83.1953           704.644      11.368
  83.2953           883.661      12.729
  83.3953           892.682      12.845
  83.4953           766.355      12.119
  83.5953           581.863      10.519
  83.6953           529.473       9.932
  83.7953           490.896       9.470
  83.8953           486.023       9.465
  83.9953           541.280       9.956
  84.0953           608.790      10.548
  84.1953           648.160      10.862
  84.2953           541.319       9.950
  84.3953           486.486       9.357
  84.4953           445.666       9.024
  84.5953           449.372       9.036
  84.6953           440.442       8.931
  84.7953           459.318       9.121
  84.8953           459.043       9.251
  84.9953           450.513       8.840
  85.0953           442.650       9.054
  85.1953           434.897       8.863
  85.2953           441.416       8.951
  85.3953           441.742       8.978
  85.4953           441.163       8.937
  85.5953           443.129       8.940
  85.6953           444.365       8.994
  85.7953           434.538       8.879
  85.8953           445.419       8.979
  85.9953           464.610       9.252
  86.0953           458.302       9.085
  86.1953           460.479       9.199
  86.2953           450.102       9.031
  86.3953           427.219       8.849
  86.4953           460.141       9.245
  86.5953           547.415      10.009
  86.6953           899.192      13.110
  86.7953          1508.302      17.004
  86.8953          2524.986      21.648
  86.9953          3012.093      23.488
  87.0953          2653.347      22.041
  87.1953          1962.056      18.933
  87.2953          1363.976      15.728
  87.3953           802.759      12.101
  87.4953           531.539       9.850
  87.5953           464.085       9.154
  87.6953           446.543       8.989
  87.7953           440.973       8.960
  87.8953           441.534       8.948
  87.9953           434.865       8.847
  88.0953           433.112       8.872
  88.1953           447.899       9.023
  88.2953           448.771       8.990
  88.3953           437.561       8.891
  88.4953           437.602       8.920
  88.5953           433.474       8.863
  88.6953           432.897       8.846
  88.7953           427.350       8.825
  88.8953           428.045       8.783
  88.9953           439.441       8.955
  89.0953           430.831       8.815
  89.1953           418.465       8.758
  89.2953           429.460       8.810
  89.3953           425.944       8.809
  89.4953           440.942       8.989
  89.5953           456.851       9.092
  89.6953           551.069      10.076
  89.7953           719.243      11.496
  89.8953           875.435      12.905
  89.9953           871.875      12.893
  90.0953           663.129      11.080
  90.1953           498.129       9.564
  90.2953           455.753       9.132
  90.3953           417.922       8.710
  90.4953           423.183       8.713
  90.5953           422.014       8.760
  90.6953           420.919       8.724
  90.7953           422.610       8.749
  90.8953           418.550       8.688
  90.9953           423.545       8.750
  91.0953           439.294       8.941
  91.1953           438.616       8.865
  91.2953           477.020       9.307
  91.3953           602.544      10.406
  91.4953           832.664      12.296
  91.5953           946.465      13.074
  91.6953           888.226      12.680
  91.7953           647.830      10.856
  91.8953           511.281       9.547
  91.9953           488.964       9.440
  92.0953           518.767       9.663
  92.1953           483.190       9.369
  92.2953           458.949       9.099
  92.3953           433.555       8.893
  92.4953           430.740       8.855
  92.5953           417.747       8.703
  92.6953           436.654       8.906
  92.7953           425.824       8.848
  92.8953           452.589       9.081
  92.9953           453.480       9.182
  93.0953           496.108       9.733
  93.1953           454.494       9.312
  93.2953           427.736       8.970
  93.3953           435.755       8.960
  93.4953           420.121       8.793
  93.5953           433.502       8.924
  93.6953           413.697       8.718
  93.7953           419.971       8.770
  93.8953           431.013       8.899
  93.9953           437.184       8.956
  94.0953           426.386       8.794
  94.1953           477.364       9.346
  94.2953           538.802       9.932
  94.3953           640.172      10.782
  94.4953           687.170      11.205
  94.5953           668.559      11.051
  94.6953           539.478       9.928
  94.7953           460.518       9.152
  94.8953           477.930       9.351
  94.9953           578.195      10.318
  95.0953           803.720      12.040
  95.1953           988.783      13.531
  95.2953           958.187      13.209
  95.3953           769.766      11.861
  95.4953           671.841      11.078
  95.5953           674.417      11.123
  95.6953           691.100      11.265
  95.7953           726.734      11.547
  95.8953           682.531      11.119
  95.9953           561.912      10.302
  96.0953           550.123       9.987
  96.1953           606.486      10.665
  96.2953           875.963      12.961
  96.3953          1291.736      15.682
  96.4953          1442.761      16.459
  96.5953          1153.120      14.574
  96.6953           736.837      11.672
  96.7953           561.199      10.197
  96.8953           613.105      10.579
  96.9953           713.789      11.459
  97.0953           679.841      11.187
  97.1953           635.046      10.728
  97.2953           653.472      10.955
  97.3953           701.598      11.341
  97.4953           658.363      10.980
  97.5953           515.698       9.694
  97.6953           458.739       9.158
  97.7953           450.203       9.068
  97.8953           487.168       9.421
  97.9953           522.074       9.747
  98.0953           584.863      10.342
  98.1953           619.155      10.661
  98.2953           612.546      10.522
  98.3953           589.572      10.411
  98.4953           570.571      10.246
  98.5953           594.011      10.367
  98.6953           614.592      10.589
  98.7953           561.828      10.171
  98.8953           470.662       9.302
  98.9953           464.891       9.213
  99.0953           473.447       9.348
  99.1953           451.238       9.079
  99.2953           443.487       9.089
  99.3953           429.815       8.931
  99.4953           412.593       8.923
  99.5953           408.296       8.818
  99.6953           413.809       8.787
  99.7953           425.026       8.801
  99.8953           455.261       9.125
  99.9953           474.113       9.311
 100.0953           534.585       9.861
 100.1953           556.831      10.056
 100.2953           517.314       9.716
 100.3953           477.143       9.279
 100.4953           437.058       8.907
 100.5953           421.826       8.741
 100.6953           434.481       8.872
 100.7953           430.231       8.811
 100.8953           435.102       8.878
 100.9953           427.019       8.781
 101.0953           425.238       8.774
 101.1953           409.871       8.597
 101.2953           404.107       8.557
 101.3953           400.163       8.510
 101.4953           404.210       8.550
 101.5953           403.507       8.576
 101.6953           402.131       8.527
 101.7953           396.419       8.459
 101.8953           406.325       8.606
 101.9953           402.276       8.542
 102.0953           417.082       8.712
 102.1953           413.674       8.656
 102.2953           418.420       8.748
 102.3953           434.036       8.901
 102.4953           531.458       9.812
 102.5953           679.099      11.225
 102.6953           885.967      12.973
 102.8953           771.620      12.017
 102.9953           553.358      10.083
 103.0953           458.165       9.174
 103.1953           450.086       9.097
 103.2953           418.575       8.730
 103.3953           410.112       8.665
 103.4953           429.501       8.851
 103.5953           426.956       8.783
 103.6953           453.114       9.077
 103.7953           441.575       8.967
 103.8953           410.527       8.636
 103.9953           421.470       8.752
 104.0953           409.414       8.620
 104.1953           416.054       8.719
 104.2953           436.426       8.886
 104.3953           418.455       8.722
 104.4953           394.440       8.462
 104.5953           408.714       8.624
 104.6953           404.838       8.565
 104.7953           399.779       8.535
 104.8953           426.305       8.809
 104.9953           423.217       8.796
 105.0953           446.406       8.973
 105.1953           426.605       8.865
 105.2953           443.813       8.983
 105.3953           494.358       9.519
 105.4953           626.073      10.706
 105.5953           745.857      11.681
 105.6953           845.382      12.396
 105.7953           860.528      12.659
 105.8953           805.943      12.532
 105.9953           627.894      10.699
 106.0953           512.631       9.878
 106.1953           486.290       9.423
 106.2953           531.161       9.906
 106.3953           644.870      10.816
 106.4953           699.029      11.295
 106.5953           655.539      10.918
 106.6953           554.243      10.057
 106.7953           502.937       9.527
 106.8953           481.909       9.203
 106.9953           458.582       9.476
 107.0953           425.993       8.624
 107.1953           403.832       8.529
 107.2953           404.136       8.593
 107.3953           450.651       9.006
 107.4953           548.321       9.971
 107.5953           666.075      10.974
 107.6953           711.537      11.360
 107.7953           601.583      10.463
 107.8953           492.844       9.445
 107.9953           400.555       8.544
 108.0953           410.886       8.620
 108.1953           405.018       8.600
 108.2953           433.087       8.861
 108.3953           469.204       9.255
 108.4953           550.663       9.991
 108.5953           640.182      10.813
 108.6953           714.516      11.438
 108.7953           730.737      11.561
 108.8953           735.476      11.548
 108.9953           764.818      11.971
 109.0953           725.521      11.733
 109.1953           591.581      10.606
 109.2953           506.632       9.732
 109.3953           447.910       9.051
 109.4953           439.932       8.991
 109.5953           477.199       9.398
 109.6953           491.407       9.433
 109.7953           605.275      10.538
 109.8953           675.930      11.076
 109.9953           645.477      10.843
 110.0953           517.025       9.676
 110.1953           434.518       8.879
 110.2953           400.285       8.523
 110.3953           401.678       8.527
 110.4953           402.082       8.516
 110.5953           451.108       9.095
 110.6953           507.011       9.559
 110.7953           588.620      10.335
 110.8953           615.111      10.554
 110.9953           572.401      10.207
 111.0953           477.747       9.289
 111.1953           424.905       8.774
 111.2953           401.118       8.531
 111.3953           404.579       8.585
 111.4953           409.398       8.597
 111.5953           414.351       8.718
 111.6953           397.866       8.479
 111.7953           380.643       8.374
 111.8953           372.271       8.188
 111.9953           372.663       8.318
 112.0953           383.770       8.347
 112.1953           394.927       8.587
 112.2953           484.648       9.601
 112.3953           622.324      10.866
 112.4953           796.578      12.121
 112.5953           799.760      12.049
 112.6953           685.524      11.186
 112.7953           529.577       9.785
 112.8953           411.658       8.623
 112.9953           377.867       8.248
 113.0953           374.211       8.253
 113.1953           359.740       8.048
 113.2953           362.775       8.070
 113.3953           373.052       8.227
 113.4953           374.340       8.214
 113.5953           424.842       8.773
 113.6953           465.399       9.127
 113.7953           508.834       9.570
 113.8953           506.609       9.554
 113.9953           479.800       9.273
 114.0953           430.882       8.784
 114.1953           408.683       8.656
 114.2953           369.092       8.112
 114.3953           379.650       8.275
 114.4953           378.119       8.261
 114.5953           390.338       8.374
 114.6953           382.009       8.342
 114.7953           359.254       7.981
 114.8953           380.321       8.367
 114.9953           387.362       8.348
 115.0953           418.809       8.733
 115.1953           489.862       9.426
 115.2953           639.074      10.827
 115.3953           712.079      11.416
 115.4953           721.486      11.732
 115.5953           624.089      10.831
 115.6953           511.100       9.715
 115.7953           417.348       8.699
 115.8953           410.724       8.643
 115.9953           444.586       9.006
 116.0953           457.165       9.087
 116.1953           440.065       8.936
 116.2953           398.807       8.503
 116.3953           387.966       8.369
 116.4953           374.960       8.284
 116.5953           363.452       8.018
 116.6953           366.638       8.160
 116.7953           370.320       8.161
 116.8953           372.957       8.207
 116.9953           381.482       8.305
 117.0953           390.776       8.373
 117.1953           364.332       8.120
 117.2953           371.680       8.181
 117.3953           353.336       7.987
 117.4953           362.815       8.093
 117.5953           346.564       7.899
 117.6953           373.686       8.213
 117.7953           384.282       8.334
 117.8953           421.961       8.699
 117.9953           426.504       8.876
 118.0953           446.007       8.846
 118.1953           450.598       9.115
 118.2953           462.083       9.140
 118.3953           472.467       9.278
 118.4953           457.332       9.110
 118.5953           432.767       8.935
 118.6953           489.472       9.581
 118.7953           533.883      10.115
 118.8953           674.808      11.077
 118.9953           779.039      11.949
 119.0953           793.531      11.948
 119.1953           729.542      11.522
 119.2953           610.693      10.503
 119.3953           521.538       9.701
 119.4953           443.585       8.942
 119.5953           422.878       8.746
 119.6953           375.292       8.182
 119.7953           361.196       8.085
 119.8953           345.636       7.882
 119.9953           332.079       7.712
 120.0953           348.660       7.885
 120.1953           341.964       7.989
 120.2953           341.721       7.564
 120.3953           341.933       7.963
 120.4953           338.771       7.795
 120.5953           339.234       7.843
 120.6953           328.048       7.617
 120.7953           331.109       7.734
 120.8953           342.534       7.825
 120.9953           345.115       7.882
 121.0953           345.167       7.859
 121.1953           368.058       8.153
 121.2953           388.530       8.379
 121.3953           427.965       8.772
 121.4953           481.166       9.317
 121.5953           498.949       9.597
 121.6953           547.219       9.805
 121.7953           570.364      10.412
 121.8953           504.326       9.668
 121.9953           470.619       9.435
 122.0953           432.366       8.927
 122.1953           378.240       8.278
 122.2953           355.442       8.064
 122.3953           354.817       8.021
 122.4953           359.094       8.103
 122.5953           368.554       8.168
 122.6953           394.584       8.490
 122.7953           384.417       8.329
 122.8953           417.749       8.673
 122.9953           415.780       8.715
 123.0953           394.669       8.445
 123.1953           378.393       8.249
 123.2953           345.724       7.919
 123.3953           350.564       7.953
 123.4953           354.829       7.996
 123.5953           345.262       7.892
 123.6953           364.950       8.146
 123.7953           372.330       8.203
 123.8953           375.326       8.226
 123.9953           422.749       8.736
 124.0953           432.002       8.848
 124.1953           398.878       8.498
 124.2953           372.219       8.211
 124.3953           342.013       7.882
 124.4953           352.349       8.018
 124.5953           365.691       8.130
 124.6953           348.870       8.004
 124.7953           370.290       8.127
 124.8953           415.367       8.732
 124.9953           459.468       9.217
 125.0953           492.652       9.595
 125.1953           530.418      10.019
 125.2953           510.671       9.720
 125.3953           463.129       9.261
 125.4953           417.873       8.670
 125.5953           369.784       8.179
 125.6953           354.181       8.000
 125.7953           338.255       7.783
 125.8953           335.497       7.775
 125.9953           334.268       7.744
 126.0953           331.665       7.684
 126.1953           347.554       7.901
 126.2953           370.028       8.153
 126.3953           376.106       8.180
 126.4953           402.759       8.537
 126.5953           455.744       9.014
 126.6953           468.007       9.150
 126.7953           475.473       9.214
 126.8953           464.567       9.123
 126.9953           424.678       8.751
 127.0953           395.435       8.383
 127.1953           354.538       7.954
 127.2953           329.743       7.689
 127.3953           329.463       7.727
 127.4953           343.157       7.813
 127.5953           333.024       7.741
 127.6953           320.043       7.571
 127.7953           337.001       7.812
 127.8953           343.406       7.849
 127.9953           333.616       7.792
 128.0953           334.172       7.732
 128.1953           335.307       7.868
 128.2953           330.827       7.879
 128.3953           335.396       7.947
 128.4953           338.595       7.887
 128.5953           350.886       7.985
 128.6953           417.290       8.694
 128.7953           446.347       9.001
 128.8953           489.286       9.378
 128.9953           503.715       9.555
 129.0953           499.868       9.527
 129.1953           474.470       9.212
 129.2953           419.014       8.671
 129.3953           372.736       8.214
 129.4953           374.738       8.193
 129.5953           329.745       7.696
 129.6953           352.612       7.965
 129.7953           354.105       8.000
 129.8953           333.809       7.732
 129.9953           349.901       7.940
 130.0953           347.820       7.885
 130.1953           360.617       8.062
 130.2953           364.303       8.092
 130.3953           370.170       8.150
 130.4953           397.690       8.467
 130.5953           416.993       8.665
 130.6953           428.740       8.775
 130.7953           409.302       8.606
 130.8953           417.789       8.687
 130.9953           400.521       8.499
 131.0953           393.149       8.436
 131.1953           368.122       8.181
 131.2953           368.525       8.149
 131.3953           350.201       8.032
 131.4953           335.935       7.936
 131.5953           332.312       7.944
 131.6953           351.094       8.025
 131.7953           331.596       7.751
 131.8953           332.890       7.742
 131.9953           323.786       7.677
 132.0953           341.946       7.830
 132.1953           334.861       7.798
 132.2953           342.461       7.861
 132.3953           356.552       7.981
 132.4953           336.689       7.790
 132.5953           358.840       8.004
 132.6953           363.446       8.109
 132.7953           370.298       8.123
 132.8953           365.195       8.090
 132.9953           376.096       8.213
 133.0953           371.836       8.157
 133.1953           383.453       8.155
 133.2953           395.464       8.684
 133.3953           376.313       8.097
 133.4953           395.441       8.406
 133.5953           395.227       8.417
 133.6953           398.781       8.452
 133.7953           377.420       8.240
 133.8953           375.253       8.160
 133.9953           350.413       7.960
 134.0953           344.363       7.869
 134.1953           330.922       7.690
 134.2953           338.939       7.830
 134.3953           310.362       7.490
 134.4953           313.720       7.519
 134.5953           317.326       7.634
 134.6953           319.166       7.778
 134.7953           332.150       7.864
 134.8953           298.135       7.403
 134.9953           324.950       7.636
 135.0953           331.958       7.716
 135.1953           321.023       7.609
 135.2953           342.618       7.844
 135.3953           361.331       8.045
 135.4953           407.051       8.562
 135.5953           492.762       9.363
 135.6953           622.323      10.565
 135.7953           700.349      11.159
 135.8953           793.452      11.944
 135.9953           800.203      11.955
 136.0953           786.210      11.850
 136.1953           705.793      11.256
 136.2953           616.790      10.471
 136.3953           478.522       9.250
 136.4953           419.085       8.665
 136.5953           367.328       8.119
 136.6953           353.242       7.917
 136.7953           366.531       8.099
 136.8953           411.413       8.586
 136.9953           470.813       9.139
 137.0953           520.211       9.658
 137.1953           568.074      10.114
 137.2953           582.799      10.217
 137.3953           603.345      10.386
 137.4953           560.008      10.027
 137.5953           506.185       9.546
 137.6953           458.053       9.090
 137.7953           401.692       8.541
 137.8953           366.053       8.287
 137.9953           346.653       8.057
 138.0953           309.844       7.530
 138.1953           318.983       7.546
 138.2953           315.293       7.556
 138.3953           298.239       7.300
 138.4953           318.754       7.551
 138.5953           311.071       7.455
 138.6953           313.291       7.472
 138.7953           324.851       7.588
 138.8953           310.072       7.412
 138.9953           317.426       7.524
 139.0953           308.050       7.391
 139.1953           331.649       7.639
 139.2953           348.469       7.901
 139.3953           360.379       7.961
 139.4953           394.949       8.397
 139.5953           437.680       8.754
 139.6953           470.204       9.162
 139.7953           473.563       9.192
 139.8953           497.505       9.369
 139.9953           513.276       9.543
 140.0953           532.512       9.719
 140.1953           531.339       9.746
 140.2953           563.209       9.970
 140.3953           556.072       9.984
 140.4953           557.252       9.965
 140.5953           546.141       9.874
 140.6953           520.984       9.678
 140.7953           511.203       9.561
 140.8953           466.933       9.154
 140.9953           426.876       8.843
 141.0953           392.453       8.554
 141.1953           359.436       8.192
 141.2953           365.891       8.139
 141.3953           379.238       8.213
 141.4953           414.273       8.619
 141.5953           483.470       9.265
 141.6953           525.245       9.689
 141.7953           562.256      10.026
 141.8953           592.431      10.243
 141.9953           617.505      10.423
 142.0953           602.438      10.348
 142.1953           609.206      10.414
 142.2953           575.624      10.105
 142.3953           585.805      10.135
 142.4953           523.695       9.662
 142.5953           510.671       9.516
 142.6953           487.060       9.273
 142.7953           497.380       9.363
 142.8953           495.062       9.366
 142.9953           498.299       9.397
 143.0953           480.044       9.186
 143.1953           448.386       8.920
 143.2953           425.159       8.673
 143.3953           406.622       8.486
 143.4953           370.685       8.087
 143.5953           357.158       7.955
 143.6953           323.512       7.621
 143.7953           322.139       7.650
 143.8953           311.724       7.189
 143.9953           309.623       7.563
 144.0953           306.625       7.370
 144.1953           311.292       7.532
 144.2953           319.836       7.674
 144.3953           310.593       7.628
 144.4953           296.440       7.352
 144.5953           312.416       7.479
 144.6953           299.128       7.302
 144.7953           317.318       7.532
 144.8953           314.123       7.469
 144.9953           335.147       7.721
 145.0953           331.823       7.669
 145.1953           343.362       7.824
 145.2953           369.952       8.065
 145.3953           368.489       8.091
 145.4953           405.936       8.485
 145.5953           388.912       7.661
 145.6953           471.436      11.127
 145.7953           388.359       7.680
 145.8953           405.070       8.455
 145.9953           408.109       8.482
 146.0953           409.942       8.518
 146.1953           395.416       8.375
 146.2953           383.244       8.238
 146.3953           389.400       8.239
 146.4953           370.124       8.143
 146.5953           347.320       7.831
 146.6953           347.447       7.836
 146.7953           345.089       7.853
 146.8953           331.104       7.667
 146.9953           320.619       7.557
 147.0953           310.996       7.443
 147.1953           321.461       7.569
 147.2953           316.611       7.515
 147.3953           308.929       7.473
 147.4953           295.056       7.425
 147.5953           297.077       7.418
 147.6953           297.572       7.366
 147.7953           290.130       7.186
 147.8953           295.560       7.294
 147.9953           297.903       7.259
 148.0953           289.455       7.203
 148.1953           308.567       7.376
 148.2953           322.280       7.607
 148.3953           324.957       7.582
 148.4953           335.545       7.818
 148.5953           345.718       7.586
 148.6953           352.661       8.055
 148.7953           350.790       8.101
 148.8953           360.802       7.568
 148.9953           362.346       8.024
 149.0953           351.699       8.043
 149.1953           359.455       7.801
 149.2953           352.096       7.820
 149.3953           351.712       7.863
 149.4953           340.161       7.656
 149.5953           334.121       7.549
 149.6953           352.511       8.039
 149.7953           360.937       7.974
 149.8953           372.172       7.844
 149.9953           379.812       8.612
 150.0953           405.079       7.928
 150.1953           423.669       9.548
 150.2953           450.561       8.491
 150.3953           438.809       8.896
 150.4953           475.837       9.207
 150.5953           483.050       9.322
 150.6953           495.150       8.688
 150.7953             0.000       0.000
 150.8953             0.000       0.000
