XYDATA  Co2SiO4 8mmV 1.87A HiRes FullBeam 500K CF ROC 
INTER        1       1       0     0.100000
TEMP       340.723      348.084      348.308
! d20 23-Apr-08 09:22:09 User Sazono   L.C.Hansen  Run 594842*d20_2008_04_5880
! d20 23-Apr-08 09:22:09 User Sazono   L.C.Hansen  Run 594842*d20_2008_04_5880
! Monitor/counts, Counting time/sec:       100000.      62.5111
   0.0953          4137.678      28.151
   0.1953          4266.571      29.053
   0.2953          4260.805      29.297
   0.3953          4138.945      28.689
   0.4953          3879.092      27.571
   0.5953          3427.923      25.710
   0.6953          3075.320      24.284
   0.7953          2634.130      22.534
   0.8953          2250.804      20.762
   0.9953          1942.510      19.336
   1.0953          1621.308      17.610
   1.1953          1349.891      16.037
   1.2953          1045.258      14.138
   1.3953           774.378      12.158
   1.4953           561.021      10.342
   1.5953           429.386       9.024
   1.6953           379.339       8.527
   1.7953           351.627       8.204
   1.8953           330.918       7.929
   1.9953           315.639       7.747
   2.0953           312.410       7.729
   2.1953           297.828       7.541
   2.2953           273.188       7.199
   2.3953           281.027       7.315
   2.4953           265.509       7.140
   2.5953           266.025       7.075
   2.6953           252.814       6.988
   2.7953           247.278       6.858
   2.8953           245.048       6.855
   2.9953           243.793       6.830
   3.0953           250.073       6.930
   3.1953           243.024       6.827
   3.2953           234.370       6.696
   3.3953           228.298       6.669
   3.4953           238.679       6.913
   3.5953           237.502       6.894
   3.6953           249.488       6.982
   3.7953           234.968       6.733
   3.8953           247.028       6.886
   3.9953           275.784       7.280
   4.0953           317.078       7.764
   4.1953           363.863       8.392
   4.2953           390.373       8.613
   4.3953           440.587       9.153
   4.4953           478.776       9.537
   4.5953           544.254      10.224
   4.6953           605.193      10.692
   4.7953           661.317      11.214
   4.8953           671.112      11.302
   4.9953           693.812      11.524
   5.0953           669.678      11.268
   5.1953           702.525      11.539
   5.2953           703.228      11.600
   5.3953           695.219      11.498
   5.4953           711.728      11.609
   5.5953           709.698      11.630
   5.6953           692.792      11.503
   5.7953           686.448      11.458
   5.8953           700.525      11.501
   5.9953           701.808      11.620
   6.0953           696.119      11.541
   6.1953           690.906      11.530
   6.2953           700.796      11.579
   6.3953           686.525      11.456
   6.4953           674.519      11.423
   6.5953           691.019      11.531
   6.6953           675.420      11.616
   6.7953           677.160      11.641
   6.8953           654.913      11.300
   6.9953           667.076      11.282
   7.0953           650.737      11.155
   7.1953           654.700      11.223
   7.2953           655.524      11.149
   7.3953           628.953      10.992
   7.4953           637.592      11.022
   7.5953           636.510      10.987
   7.6953           633.621      10.969
   7.7953           616.442      10.826
   7.8953           611.028      10.765
   7.9953           629.815      10.882
   8.0953           624.394      10.922
   8.1953           623.020      10.862
   8.2953           600.447      10.658
   8.3953           615.467      10.799
   8.4953           578.593      10.484
   8.5953           614.236      10.773
   8.6953           588.189      10.542
   8.7953           607.774      10.716
   8.8953           594.678      10.614
   8.9953           594.442      10.612
   9.0953           600.385      10.653
   9.1953           570.036      10.423
   9.2953           585.532      10.563
   9.3953           563.568      10.308
   9.4953           569.440      10.438
   9.5953           586.839      10.564
   9.6953           565.085      10.386
   9.7953           557.716      10.416
   9.8953           560.224      10.570
   9.9953           567.320      10.623
  10.0953           566.287      10.453
  10.1953           551.107      10.239
  10.2953           558.539      10.324
  10.3953           556.568      10.277
  10.4953           543.700      10.149
  10.5953           559.535      10.276
  10.6953           548.259      10.209
  10.7953           562.877      10.265
  10.8953           535.839      10.034
  10.9953           554.289      10.202
  11.0953           544.505      10.034
  11.1953           555.410      10.191
  11.2953           525.696      10.506
  11.3953           532.610       9.804
  11.4953           534.137       9.965
  11.5953           534.467       9.987
  11.6953           510.296       9.824
  11.7953           517.419       9.858
  11.8953           505.738       9.760
  11.9953           526.644       9.954
  12.0953           537.452      10.087
  12.1953           522.726       9.921
  12.2953           503.954       9.718
  12.3953           521.437       9.976
  12.4953           527.457       9.993
  12.5953           515.043       9.861
  12.6953           536.594      10.081
  12.7953           521.885      10.007
  12.8953           519.514       9.871
  12.9953           516.612       9.959
  13.0953           525.375      10.355
  13.1953           529.932       9.939
  13.2953           509.127      10.082
  13.3953           509.380       9.840
  13.4953           514.843       9.921
  13.5953           505.942       9.762
  13.6953           529.883      10.059
  13.7953           525.981       9.942
  13.8953           518.523       9.950
  13.9953           520.840       9.859
  14.0953           502.201       9.798
  14.1953           510.913       9.700
  14.2953           520.660       9.972
  14.3953           528.741       9.950
  14.4953           519.049       9.884
  14.5953           486.041       9.633
  14.6953           498.000       9.652
  14.7953           516.247       9.837
  14.8953           494.271       9.634
  14.9953           517.550       9.907
  15.0953           492.377       9.779
  15.1953           509.869       9.491
  15.2953           513.384      10.018
  15.3953           500.015       9.700
  15.4953           507.003       9.755
  15.5953           490.700       9.635
  15.6953           495.103       9.706
  15.7953           510.144       9.787
  15.8953           505.908       9.848
  15.9953           502.794       9.758
  16.0953           498.701       9.777
  16.1953           512.911       9.911
  16.2953           516.608      10.108
  16.3953           490.265       9.891
  16.4953           494.620       9.770
  16.5953           499.929       9.734
  16.6953           494.144       9.727
  16.7953           467.713       9.428
  16.8953           491.812       9.677
  16.9953           488.898       9.614
  17.0953           487.239       9.621
  17.1953           499.850       9.730
  17.2953           502.873       9.730
  17.3953           493.223       9.671
  17.4953           489.425       9.624
  17.5953           501.100       9.674
  17.6953           494.614       9.691
  17.7953           492.269       9.647
  17.8953           493.995       9.623
  17.9953           490.380       9.601
  18.0953           484.138       9.572
  18.1953           514.785       9.851
  18.2953           510.155       9.811
  18.3953           484.780       9.542
  18.4953           499.795       9.738
  18.5953           510.840       9.784
  18.6953           477.163       9.481
  18.7953           495.508       9.695
  18.8953           501.278       9.743
  18.9953           496.037       9.661
  19.0953           496.854       9.720
  19.1953           493.936       9.689
  19.2953           485.440       9.619
  19.3953           490.827       9.671
  19.4953           483.006       9.821
  19.5953           481.069       9.717
  19.6953           492.033       9.691
  19.7953           475.170       9.513
  19.8953           484.165       9.580
  19.9953           481.162       9.540
  20.0953           478.875       9.507
  20.1953           492.091       9.476
  20.2953           488.088       9.965
  20.3953           496.464       9.601
  20.4953           492.703       9.395
  20.5953           489.166       9.727
  20.6953           493.359       9.593
  20.7953           512.327       9.807
  20.8953           521.539       9.888
  20.9953           538.967      10.099
  21.0953           552.707      10.159
  21.1953           567.574      10.326
  21.2953           546.839      10.123
  21.3953           541.035      10.094
  21.4953           503.304       9.728
  21.5953           502.765       9.708
  21.6953           489.979       9.639
  21.7953           473.889       9.394
  21.8953           488.035       9.603
  21.9953           472.608       9.416
  22.0953           487.145       9.589
  22.1953           472.625       9.475
  22.2953           483.086       9.550
  22.3953           485.482       9.610
  22.4953           478.746       9.543
  22.5953           473.646       9.515
  22.6953           481.799       9.770
  22.7953           462.351       9.544
  22.8953           481.276       9.583
  22.9953           465.867       9.359
  23.0953           467.293       9.402
  23.1953           474.426       9.468
  23.2953           460.948       9.292
  23.3953           457.905       9.278
  23.4953           464.547       9.378
  23.5953           446.720       9.092
  23.6953           455.965       9.242
  23.7953           466.977       9.345
  23.8953           457.802       9.251
  23.9953           469.884       9.344
  24.0953           448.878       9.172
  24.1953           465.933       9.341
  24.2953           454.540       9.176
  24.3953           458.459       9.257
  24.4953           450.365       9.149
  24.5953           475.588       9.472
  24.6953           493.868       9.565
  24.7953           501.525       9.645
  24.8953           533.352      10.017
  24.9953           534.562       9.966
  25.0953           553.915      10.167
  25.1953           546.714      10.116
  25.2953           542.553      10.089
  25.3953           502.732       9.702
  25.4953           489.579       9.592
  25.5953           485.691       9.562
  25.6953           457.308       9.264
  25.7953           471.416       9.501
  25.8953           475.418       9.642
  25.9953           456.761       9.471
  26.0953           461.515       9.357
  26.1953           473.888       9.440
  26.2953           478.086       9.456
  26.3953           463.678       9.364
  26.4953           497.781       9.632
  26.5953           495.759       9.603
  26.6953           509.965       9.791
  26.7953           501.149       9.670
  26.8953           509.963       9.762
  26.9953           522.900       9.842
  27.0953           522.215       9.895
  27.1953           510.325       9.739
  27.2953           522.453       9.872
  27.3953           538.132      10.026
  27.4953           585.068      10.436
  27.5953           640.683      10.917
  27.6953           757.901      11.924
  27.7953           878.747      12.780
  27.8953           974.129      13.505
  27.9953           897.188      12.867
  28.0953           782.084      12.121
  28.1953           653.920      11.063
  28.2953           555.508      10.151
  28.3953           487.138       9.572
  28.4953           453.836       9.197
  28.5953           480.824       9.490
  28.6953           489.238       9.602
  28.7953           503.543       9.749
  28.8953           525.493       9.968
  28.9953           557.783      10.251
  29.0953           584.105      10.680
  29.1953           610.425      10.895
  29.2953           580.777      10.567
  29.3953           541.501      10.117
  29.4953           513.023       9.844
  29.5953           472.836       9.414
  29.6953           468.835       9.362
  29.7953           464.298       9.352
  29.8953           454.732       9.257
  29.9953           467.311       9.335
  30.0953           459.368       9.284
  30.1953           445.997       9.144
  30.2953           454.576       9.233
  30.3953           450.807       9.156
  30.4953           463.104       9.339
  30.5953           493.386       9.623
  30.6953           467.393       9.350
  30.7953           483.291       9.491
  30.8953           494.947       9.622
  30.9953           541.290      10.099
  31.0953           552.787      10.142
  31.1953           554.854      10.190
  31.2953           507.656       9.777
  31.3953           504.390       9.709
  31.4953           474.205       9.428
  31.5953           470.434       9.392
  31.6953           452.346       9.251
  31.7953           455.261       9.235
  31.8953           447.102       9.190
  31.9953           462.876       9.319
  32.0953           422.319       8.941
  32.1953           445.424       9.228
  32.2953           448.855       9.394
  32.3953           434.734       9.196
  32.4953           440.930       9.144
  32.5953           436.099       9.046
  32.6953           447.523       9.168
  32.7953           415.509       8.799
  32.8953           434.796       9.041
  32.9953           449.824       9.131
  33.0953           406.025       8.742
  33.1953           436.047       8.985
  33.2953           438.848       9.060
  33.3953           430.235       8.919
  33.4953           436.465       9.015
  33.5953           431.599       8.936
  33.6953           459.195       9.223
  33.7953           443.075       9.117
  33.8953           443.414       9.038
  33.9953           439.931       9.029
  34.0953           435.386       8.999
  34.1953           444.361       9.091
  34.2953           463.377       9.297
  34.3953           443.402       8.989
  34.4953           460.877       9.326
  34.5953           474.028       9.332
  34.6953           444.870       9.138
  34.7953           463.088       9.288
  34.8953           463.951       9.290
  34.9953           457.516       9.219
  35.0953           465.624       9.354
  35.1953           470.925       9.383
  35.2953           471.057       9.417
  35.3953           459.750       9.379
  35.4953           441.960       9.272
  35.5953           467.036       9.539
  35.6953           465.288       9.418
  35.7953           480.425       9.477
  35.8953           465.734       9.356
  35.9953           510.511       9.746
  36.0953           506.961       9.740
  36.1953           515.130       9.788
  36.2953           550.610      10.176
  36.3953           557.176      10.171
  36.4953           568.898      10.320
  36.5953           551.635      10.087
  36.6953           525.689       9.906
  36.7953           472.047       9.339
  36.8953           470.006       9.355
  36.9953           455.934       9.213
  37.0953           450.297       9.139
  37.1953           452.105       9.130
  37.2953           461.318       9.284
  37.3953           438.471       9.012
  37.4953           451.835       9.138
  37.5953           460.318       9.266
  37.6953           448.704       9.127
  37.7953           440.088       9.059
  37.8953           446.822       9.092
  37.9953           457.206       9.231
  38.0953           450.679       9.171
  38.1953           442.294       9.095
  38.2953           466.677       9.309
  38.3953           463.904       9.338
  38.4953           468.100       9.327
  38.5953           470.670       9.474
  38.6953           456.913       9.437
  38.7953           455.830       9.437
  38.8953           473.268       9.473
  38.9953           504.820       9.770
  39.0953           545.643      10.122
  39.1953           594.987      10.523
  39.2953           659.521      11.108
  39.3953           697.686      11.392
  39.4953           668.022      11.185
  39.5953           592.196      10.477
  39.6953           538.545      10.018
  39.7953           482.975       9.461
  39.8953           453.201       9.194
  39.9953           463.509       9.254
  40.0953           458.780       9.231
  40.1953           470.592       9.389
  40.2953           470.932       9.331
  40.3953           461.878       9.249
  40.4953           495.008       9.616
  40.5953           478.047       9.430
  40.6953           454.121       9.178
  40.7953           451.499       9.176
  40.8953           470.113       9.370
  40.9953           459.509       9.242
  41.0953           454.805       9.175
  41.1953           468.556       9.386
  41.2953           463.106       9.292
  41.3953           475.760       9.421
  41.4953           469.860       9.408
  41.5953           473.783       9.416
  41.6953           466.757       9.350
  41.7953           474.274       9.535
  41.8953           495.680      10.002
  41.9953           504.505       9.633
  42.0953           550.374      10.403
  42.1953           650.038      11.033
  42.2953           762.042      12.047
  42.3953           885.103      12.864
  42.4953           949.686      13.380
  42.5953           919.839      13.040
  42.6953           822.425      12.478
  42.7953           728.837      11.662
  42.8953           631.091      10.817
  42.9953           560.135      10.269
  43.0953           521.720       9.839
  43.1953           510.302       9.733
  43.2953           531.566       9.989
  43.3953           569.752      10.270
  43.4953           613.561      10.702
  43.5953           659.637      11.082
  43.6953           636.875      10.857
  43.7953           563.211      10.242
  43.8953           513.773       9.799
  43.9953           481.028       9.434
  44.0953           485.959       9.505
  44.1953           487.491       9.581
  44.2953           522.218       9.841
  44.3953           549.027      10.157
  44.4953           655.315      11.059
  44.5953           741.517      11.717
  44.6953           807.557      12.357
  44.7953           782.696      12.125
  44.8953           690.581      11.396
  44.9953           573.885      10.453
  45.0953           500.149       9.904
  45.1953           470.986       9.564
  45.2953           472.970       9.442
  45.3953           449.119       9.164
  45.4953           437.818       9.018
  45.5953           453.449       9.204
  45.6953           483.460       9.469
  45.7953           498.692       9.608
  45.8953           544.829      10.076
  45.9953           642.909      10.889
  46.0953           816.227      12.263
  46.1953           957.288      13.305
  46.2953           948.215      13.249
  46.3953           791.423      12.068
  46.4953           636.429      10.846
  46.5953           539.797       9.983
  46.6953           469.298       9.303
  46.7953           469.162       9.320
  46.8953           459.360       9.200
  46.9953           474.614       9.331
  47.0953           488.810       9.513
  47.1953           512.813       9.731
  47.2953           561.708      10.194
  47.3953           609.598      10.604
  47.4953           654.801      11.015
  47.5953           643.588      10.879
  47.6953           596.183      10.533
  47.7953           516.421       9.773
  47.8953           505.240       9.693
  47.9953           495.912       9.630
  48.0953           574.075      10.306
  48.1953           759.174      12.031
  48.2953          1153.783      14.962
  48.3953          1701.136      18.227
  48.4953          2570.211      21.974
  48.5953          3341.708      25.020
  48.6953          3532.972      25.642
  48.7953          3329.979      24.979
  48.8953          2788.991      22.715
  48.9953          2104.583      19.765
  49.0953          1427.772      16.355
  49.1953           924.222      13.046
  49.2953           593.668      10.480
  49.3953           486.824       9.502
  49.4953           495.048       9.570
  49.5953           491.549       9.533
  49.6953           481.763       9.412
  49.7953           469.005       9.361
  49.8953           467.374       9.252
  49.9953           467.164       9.277
  50.0953           492.595       9.571
  50.1953           465.550       9.283
  50.2953           476.874       9.388
  50.3953           462.624       9.252
  50.4953           453.728       9.161
  50.5953           477.249       9.423
  50.6953           478.508       9.401
  50.7953           516.637       9.806
  50.8953           589.049      10.461
  50.9953           711.199      11.504
  51.0953           804.620      12.250
  51.1953           872.099      12.759
  51.2953           814.107      12.336
  51.3953           646.636      10.988
  51.4953           540.064      10.287
  51.5953           485.900       9.695
  51.6953           469.523       9.424
  51.7953           479.603       9.459
  51.8953           474.044       9.380
  51.9953           525.529       9.853
  52.0953           503.253       9.676
  52.1953           530.448       9.922
  52.2953           543.243       9.978
  52.3953           532.388       9.933
  52.4953           522.523       9.800
  52.5953           521.469       9.787
  52.6953           501.182       9.610
  52.7953           465.560       9.247
  52.8953           458.226       9.205
  52.9953           449.604       9.065
  53.0953           445.182       9.066
  53.1953           446.822       9.051
  53.2953           453.503       9.136
  53.3953           455.277       9.155
  53.4953           439.427       9.007
  53.5953           454.552       9.118
  53.6953           455.720       9.175
  53.7953           451.248       9.128
  53.8953           454.113       9.110
  53.9953           448.918       9.127
  54.0953           442.510       9.048
  54.1953           451.215       9.122
  54.2953           454.624       9.174
  54.3953           507.303       9.727
  54.4953           552.253      10.115
  54.5953           597.968      10.602
  54.6953           600.430      10.786
  54.7953           583.980      10.662
  54.8953           541.878      10.068
  54.9953           519.561       9.861
  55.0953           477.267       9.393
  55.1953           473.882       9.388
  55.2953           481.391       9.407
  55.3953           488.332       9.508
  55.4953           472.563       9.347
  55.5953           468.030       9.261
  55.6953           466.129       9.300
  55.7953           458.893       9.204
  55.8953           442.786       9.023
  55.9953           459.231       9.186
  56.0953           471.940       9.317
  56.1953           466.718       9.275
  56.2953           446.620       9.066
  56.3953           459.425       9.170
  56.4953           462.118       9.253
  56.5953           461.314       9.230
  56.6953           446.043       9.048
  56.7953           456.654       9.168
  56.8953           436.336       8.984
  56.9953           453.047       9.103
  57.0953           480.855       9.436
  57.1953           473.531       9.344
  57.2953           460.719       9.253
  57.3953           456.038       9.204
  57.4953           454.847       9.128
  57.5953           446.568       9.146
  57.6953           437.557       9.026
  57.7953           446.108       9.139
  57.8953           437.043       9.265
  57.9953           446.399       9.242
  58.0953           439.688       9.097
  58.1953           445.899       9.111
  58.2953           428.005       8.899
  58.3953           444.955       9.111
  58.4953           433.304       8.918
  58.5953           453.456       9.172
  58.6953           449.522       9.085
  58.7953           447.641       9.079
  58.8953           434.059       8.943
  58.9953           441.456       9.060
  59.0953           438.679       8.857
  59.1953           454.900       9.198
  59.2953           464.966       9.257
  59.3953           461.643       9.207
  59.4953           458.739       9.166
  59.5953           474.686       9.327
  59.6953           469.545       9.286
  59.7953           441.949       9.063
  59.8953           454.209       9.062
  59.9953           456.736       9.192
  60.0953           467.505       9.296
  60.1953           439.071       8.964
  60.2953           461.747       9.187
  60.3953           449.301       9.124
  60.4953           437.550       8.952
  60.5953           455.841       9.161
  60.6953           486.645       9.486
  60.7953           491.606       9.535
  60.8953           514.161       9.792
  60.9953           542.934      10.106
  61.0953           530.962      10.098
  61.1953           519.752      10.021
  61.2953           467.923       9.325
  61.3953           446.560       9.074
  61.4953           443.654       9.009
  61.5953           456.815       9.173
  61.6953           456.514       9.138
  61.7953           437.355       8.944
  61.8953           462.793       9.237
  61.9953           469.385       9.237
  62.0953           486.353       9.386
  62.1953           486.710       9.480
  62.2953           464.508       9.170
  62.3953           468.663       9.236
  62.4953           484.997       9.384
  62.5953           511.625       9.711
  62.6953           482.665       9.337
  62.7953           443.661       8.989
  62.8953           428.998       8.833
  62.9953           435.583       8.904
  63.0953           428.944       8.820
  63.1953           448.636       9.020
  63.2953           438.508       9.000
  63.3953           435.747       8.873
  63.4953           432.675       8.858
  63.5953           446.774       9.058
  63.6953           459.378       9.171
  63.7953           446.957       8.999
  63.8953           459.796       9.201
  63.9953           537.926       9.907
  64.0953           740.472      11.671
  64.1953          1229.066      15.091
  64.2953          1849.055      18.523
  64.3953          2247.846      21.212
  64.4953          2158.886      19.778
  64.5953          1825.162      18.493
  64.6953           710.796      10.937
  64.7953           789.743      11.599
  64.8953           630.309      11.809
  64.9953           597.709      12.150
  65.0953           634.544      11.019
  65.1953           735.673      10.695
  65.2953           742.122      11.544
  65.3953           615.318      10.562
  65.4953           542.975       9.967
  65.5953           458.919       9.100
  65.6953           467.355       9.277
  65.7953           452.088       9.084
  65.8953           450.603       9.052
  65.9953           449.183       9.060
  66.0953           447.132       9.067
  66.1953           456.781       9.126
  66.2953           460.994       9.174
  66.3953           458.360       9.143
  66.4953           448.540       9.125
  66.5953           437.954       8.906
  66.6953           436.685       8.955
  66.7953           442.521       9.040
  66.8953           455.525       9.171
  66.9953           437.938       8.945
  67.0953           439.757       9.022
  67.1953           445.009       9.046
  67.2953           450.189       9.157
  67.3953           508.226       9.734
  67.4953           584.136      10.622
  67.5953           671.533      11.340
  67.6953           726.250      11.601
  67.7953           633.787      10.801
  67.8953           532.269       9.879
  67.9953           462.080       9.201
  68.0953           446.653       9.000
  68.1953           440.953       8.956
  68.2953           438.009       8.958
  68.3953           442.630       8.941
  68.4953           434.475       8.880
  68.5953           442.631       8.953
  68.6953           446.293       8.996
  68.7953           500.836       9.516
  68.8953           590.976      10.306
  68.9953           757.253      11.756
  69.0953           872.325      12.480
  69.1953           829.134      12.256
  69.2953           701.050      11.282
  69.3953           550.966      10.018
  69.4953           490.367       9.363
  69.5953           464.437       9.183
  69.6953           438.665       8.912
  69.7953           430.818       8.833
  69.8953           443.002       8.932
  69.9953           447.872       9.037
  70.0953           467.315       9.240
  70.1953           514.429       9.651
  70.2953           562.147      10.147
  70.3953           538.194       9.921
  70.4953           513.084       9.659
  70.5953           506.573       9.697
  70.6953           546.656      10.211
  70.7953           540.156      10.111
  70.8953           536.632       9.946
  70.9953           493.628       9.500
  71.0953           475.783       9.351
  71.1953           458.894       9.113
  71.2953           437.343       8.925
  71.3953           425.627       8.788
  71.4953           447.614       9.010
  71.5953           444.938       8.978
  71.6953           448.842       8.998
  71.7953           437.733       8.891
  71.8953           440.420       8.945
  71.9953           441.381       8.928
  72.0953           438.427       8.927
  72.1953           447.180       8.981
  72.2953           446.291       8.976
  72.3953           502.109       9.511
  72.4953           580.958      10.241
  72.5953           672.915      11.094
  72.6953           718.026      11.329
  72.7953           685.441      11.089
  72.8953           630.033      10.653
  72.9953           528.830       9.694
  73.0953           522.334       9.703
  73.1953           442.407       8.796
  73.2953           421.707       8.515
  73.3953           472.050       7.972
  73.4953           478.929      17.726
  73.5953           559.626       9.653
  73.6953           610.343       9.781
  73.7953           619.958       9.755
  73.8953           516.997      13.132
  73.9953           502.620       9.265
  74.0953           456.898       9.147
  74.1953           426.981       8.802
  74.2953           430.350       8.847
  74.3953           426.293       8.822
  74.4953           425.136       8.762
  74.5953           445.867       9.056
  74.6953           441.628       8.968
  74.7953           462.861       9.186
  74.8953           452.695       9.032
  74.9953           451.222       9.086
  75.0953           440.059       8.957
  75.1953           422.860       8.747
  75.2953           421.624       8.753
  75.3953           438.142       8.945
  75.4953           435.429       8.873
  75.5953           432.770       8.856
  75.6953           461.900       9.169
  75.7953           492.487       9.455
  75.8953           524.436       9.762
  75.9953           579.661      10.279
  76.0953           603.026      10.453
  76.1953           673.712      11.104
  76.2953           767.295      11.757
  76.3953           868.787      12.623
  76.4953           872.781      12.596
  76.5953           757.844      11.739
  76.6953           643.068      10.870
  76.7953           652.375      10.937
  76.8953           897.051      12.843
  76.9953          1416.352      16.226
  77.0953          1965.789      19.406
  77.1953          2037.928      19.782
  77.2953          1503.513      16.754
  77.3953           944.522      13.204
  77.4953           806.232      12.174
  77.5953          1137.709      14.535
  77.6953          1929.584      18.709
  77.7953          2457.697      21.233
  77.8953          2174.919      20.003
  77.9953          1364.735      15.797
  78.0953           711.950      11.384
  78.1953           516.630       9.746
  78.2953           469.403       9.256
  78.3953           438.175       8.946
  78.4953           438.077       8.946
  78.5953           452.322       9.107
  78.6953           463.965       9.206
  78.7953           494.087       9.500
  78.8953           547.566      10.036
  78.9953           597.524      10.462
  79.0953           595.518      10.443
  79.1953           507.443       9.622
  79.2953           470.418       9.307
  79.3953           428.635       8.848
  79.4953           429.016       8.813
  79.5953           429.499       8.909
  79.6953           425.449       8.841
  79.7953           430.178       8.876
  79.8953           429.671       8.921
  79.9953           420.552       8.809
  80.0953           427.938       8.900
  80.1953           430.546       8.979
  80.2953           417.663       9.003
  80.3953           420.249       8.929
  80.4953           430.188       8.974
  80.5953           437.799       8.970
  80.6953           451.154       9.143
  80.7953           473.656       9.312
  80.8953           504.221       9.631
  80.9953           505.022       9.582
  81.0953           492.232       9.501
  81.1953           453.085       9.082
  81.2953           437.623       8.953
  81.3953           436.427       8.886
  81.4953           444.928       9.011
  81.5953           463.738       9.191
  81.6953           447.825       9.027
  81.7953           451.874       9.090
  81.8953           460.365       9.129
  81.9953           469.929       9.230
  82.0953           460.461       9.165
  82.1953           492.066       9.496
  82.2953           503.980       9.543
  82.3953           478.983       9.331
  82.4953           468.008       9.253
  82.5953           466.945       9.218
  82.6953           449.439       9.003
  82.7953           430.004       8.912
  82.8953           427.316       8.832
  82.9953           439.953       8.956
  83.0953           469.544       9.282
  83.1953           525.612       9.834
  83.2953           670.837      11.108
  83.3953           853.616      12.580
  83.4953           877.829      12.991
  83.5953           739.808      11.880
  83.6953           572.105      10.341
  83.7953           512.445       9.691
  83.8953           487.942       9.498
  83.9953           486.958       9.458
  84.0953           520.496       9.769
  84.1953           593.240      10.408
  84.2953           605.626      10.541
  84.3953           561.368      10.068
  84.4953           456.623       9.149
  84.5953           437.491       8.930
  84.6953           420.762       8.743
  84.7953           434.607       8.886
  84.8953           435.245       9.023
  84.9953           438.543       8.736
  85.0953           444.433       9.087
  85.1953           434.108       8.869
  85.2953           413.860       8.681
  85.3953           425.937       8.830
  85.4953           423.311       8.768
  85.5953           424.269       8.761
  85.6953           440.483       8.969
  85.7953           433.738       8.885
  85.8953           433.397       8.871
  85.9953           450.191       9.121
  86.0953           446.570       8.982
  86.1953           457.152       9.180
  86.2953           450.081       9.045
  86.3953           428.948       8.881
  86.4953           446.693       9.124
  86.5953           445.022       9.039
  86.6953           500.227       9.793
  86.7953           742.033      11.945
  86.8953          1371.345      15.978
  86.9953          2357.453      20.812
  87.0953          2987.663      23.426
  87.1953          2816.374      22.719
  87.2953          2111.620      19.601
  87.3953          1406.011      16.041
  87.4953           829.249      12.323
  87.5953           546.752       9.952
  87.6953           478.653       9.321
  87.7953           439.272       8.957
  87.8953           427.655       8.820
  87.9953           430.651       8.818
  88.0953           421.724       8.769
  88.1953           419.043       8.741
  88.2953           434.297       8.858
  88.3953           430.615       8.834
  88.4953           432.975       8.886
  88.5953           408.121       8.614
  88.6953           426.658       8.796
  88.7953           427.615       8.842
  88.8953           437.006       8.889
  88.9953           407.874       8.641
  89.0953           407.409       8.585
  89.1953           413.912       8.724
  89.2953           406.158       8.582
  89.3953           423.096       8.794
  89.4953           415.494       8.740
  89.5953           421.628       8.748
  89.6953           440.966       9.028
  89.7953           472.418       9.332
  89.8953           621.305      10.888
  89.9953           790.862      12.299
  90.0953           867.731      12.695
  90.1953           717.145      11.494
  90.2953           538.915       9.946
  90.3953           448.771       9.041
  90.4953           425.072       8.746
  90.5953           410.768       8.656
  90.6953           406.473       8.586
  90.7953           403.413       8.562
  90.8953           407.939       8.591
  90.9953           418.001       8.706
  91.0953           412.934       8.682
  91.1953           413.761       8.624
  91.2953           416.581       8.711
  91.3953           431.348       8.818
  91.4953           515.219       9.687
  91.5953           682.213      11.117
  91.6953           881.976      12.655
  91.7953           931.576      13.040
  91.8953           743.693      11.533
  91.9953           539.172       9.929
  92.0953           459.545       9.109
  92.1953           481.995       9.372
  92.2953           491.009       9.427
  92.3953           453.425       9.109
  92.4953           443.258       8.997
  92.5953           416.894       8.708
  92.6953           416.717       8.714
  92.7953           409.466       8.690
  92.8953           428.066       8.845
  92.9953           437.198       9.030
  93.0953           447.288       9.256
  93.1953           476.240       9.548
  93.2953           429.476       9.002
  93.3953           429.008       8.905
  93.4953           416.842       8.772
  93.5953           394.880       8.530
  93.6953           396.394       8.547
  93.7953           412.118       8.702
  93.8953           405.097       8.641
  93.9953           407.645       8.662
  94.0953           404.993       8.584
  94.1953           407.824       8.652
  94.2953           430.835       8.895
  94.3953           496.785       9.513
  94.4953           538.471       9.934
  94.5953           622.665      10.682
  94.6953           683.463      11.192
  94.7953           621.335      10.648
  94.8953           500.754       9.587
  94.9953           453.830       9.156
  95.0953           533.359       9.823
  95.1953           676.091      11.206
  95.2953           925.794      13.005
  95.3953           970.821      13.342
  95.4953           820.437      12.262
  95.5953           676.935      11.162
  95.6953           662.903      11.050
  95.7953           687.443      11.248
  95.8953           695.794      11.244
  95.9953           692.972      11.459
  96.0953           596.091      10.413
  96.1953           545.751      10.133
  96.2953           500.084       9.807
  96.3953           608.195      10.777
  96.4953           881.075      12.882
  96.5953          1248.466      15.189
  96.6953          1405.268      16.146
  96.7953          1150.518      14.625
  96.8953           739.426      11.636
  96.9953           618.964      10.688
  97.0953           663.165      11.067
  97.1953           695.266      11.243
  97.2953           666.981      11.086
  97.3953           635.952      10.815
  97.4953           695.193      11.301
  97.5953           638.768      10.806
  97.6953           563.875      10.170
  97.7953           464.285       9.223
  97.8953           436.613       8.933
  97.9953           467.675       9.240
  98.0953           475.695       9.342
  98.1953           536.579       9.940
  98.2953           601.076      10.440
  98.3953           632.037      10.797
  98.4953           581.437      10.360
  98.5953           553.235      10.021
  98.6953           555.592      10.083
  98.7953           590.414      10.444
  98.8953           594.493      10.472
  98.9953           537.107       9.919
  99.0953           479.772       9.425
  99.1953           441.859       8.999
  99.2953           458.359       9.255
  99.3953           458.006       9.234
  99.4953           405.579       8.861
  99.5953           419.727       8.955
  99.6953           394.343       8.591
  99.7953           415.406       8.715
  99.8953           418.530       8.763
  99.9953           408.464       8.656
 100.0953           444.838       9.009
 100.1953           493.906       9.486
 100.2953           541.853       9.959
 100.3953           535.169       9.843
 100.4953           484.901       9.397
 100.5953           416.808       8.702
 100.6953           412.044       8.654
 100.7953           402.442       8.536
 100.8953           405.401       8.583
 100.9953           429.649       8.822
 101.0953           416.237       8.694
 101.1953           410.816       8.621
 101.2953           402.849       8.558
 101.3953           386.907       8.381
 101.4953           391.340       8.426
 101.5953           396.927       8.519
 101.6953           408.313       8.606
 101.7953           398.588       8.496
 101.8953           388.227       8.426
 101.9953           399.007       8.520
 102.0953           392.660       8.466
 102.1953           399.724       8.522
 102.2953           404.520       8.615
 102.3953           433.587       8.910
 102.4953           406.998       8.599
 102.5953           473.477       9.387
 102.6953           614.319      10.819
 102.8953           936.331      13.259
 102.9953           806.594      12.193
 103.0953           615.414      10.650
 103.1953           465.913       9.270
 103.2953           447.136       9.037
 103.3953           414.543       8.726
 103.4953           416.044       8.725
 103.5953           415.079       8.674
 103.6953           445.616       9.016
 103.7953           441.337       8.979
 103.8953           443.375       8.989
 103.9953           407.127       8.616
 104.0953           411.630       8.657
 104.1953           421.964       8.795
 104.2953           415.844       8.688
 104.3953           423.620       8.789
 104.4953           410.635       8.647
 104.5953           387.187       8.407
 104.6953           389.031       8.410
 104.7953           398.493       8.535
 104.8953           404.463       8.594
 104.9953           402.916       8.596
 105.0953           403.842       8.548
 105.1953           426.856       8.881
 105.2953           445.045       9.010
 105.3953           435.597       8.950
 105.4953           434.816       8.935
 105.5953           498.394       9.563
 105.6953           613.533      10.577
 105.7953           699.025      11.427
 105.8953           732.451      11.966
 105.9953           745.154      11.674
 106.0953           813.807      12.467
 106.1953           742.756      11.666
 106.2953           590.144      10.459
 106.3953           491.474       9.457
 106.4953           498.883       9.557
 106.5953           582.997      10.312
 106.6953           653.073      10.935
 106.7953           690.165      11.178
 106.8953           600.382      10.289
 106.9953           526.466      10.170
 107.0953           466.598       9.040
 107.1953           431.873       8.834
 107.2953           384.153       8.391
 107.3953           395.373       8.449
 107.4953           397.585       8.504
 107.5953           464.636       9.180
 107.6953           587.679      10.340
 107.7953           682.384      11.161
 107.8953           675.143      11.072
 107.9953           575.587      10.259
 108.0953           449.948       9.035
 108.1953           395.862       8.516
 108.2953           394.805       8.473
 108.3953           410.786       8.674
 108.4953           413.995       8.676
 108.5953           474.336       9.322
 108.6953           557.486      10.119
 108.7953           639.460      10.832
 108.8953           719.625      11.441
 108.9953           768.572      12.019
 109.0953           757.152      12.005
 109.1953           751.088      11.970
 109.2953           669.783      11.208
 109.3953           548.640      10.033
 109.4953           469.551       9.304
 109.5953           444.167       9.082
 109.6953           435.008       8.889
 109.7953           425.853       8.853
 109.8953           472.819       9.278
 109.9953           561.635      10.130
 110.0953           665.515      10.996
 110.1953           652.944      10.902
 110.2953           554.901      10.051
 110.3953           446.924       9.009
 110.4953           406.442       8.576
 110.5953           394.943       8.523
 110.6953           388.886       8.385
 110.7953           450.110       9.051
 110.8953           540.936       9.913
 110.9953           608.379      10.540
 111.0953           634.615      10.724
 111.1953           545.553       9.959
 111.2953           450.101       9.051
 111.3953           396.545       8.513
 111.4953           389.869       8.402
 111.5953           392.845       8.502
 111.6953           408.382       8.604
 111.7953           401.828       8.618
 111.8953           391.172       8.407
 111.9953           366.023       8.257
 112.0953           367.866       8.185
 112.1953           366.575       8.286
 112.2953           362.497       8.316
 112.3953           386.122       8.572
 112.4953           464.146       9.266
 112.5953           602.688      10.476
 112.6953           756.022      11.766
 112.7953           813.953      12.151
 112.8953           681.817      11.116
 112.9953           524.159       9.730
 113.0953           414.680       8.702
 113.1953           372.994       8.208
 113.2953           376.182       8.231
 113.3953           375.515       8.268
 113.4953           365.403       8.128
 113.5953           370.194       8.202
 113.6953           372.392       8.177
 113.7953           391.602       8.408
 113.8953           460.312       9.121
 113.9953           501.115       9.492
 114.0953           491.747       9.399
 114.1953           461.325       9.212
 114.2953           410.713       8.571
 114.3953           386.653       8.364
 114.4953           385.483       8.354
 114.5953           360.392       8.059
 114.6953           369.331       8.215
 114.7953           352.746       7.921
 114.8953           369.893       8.265
 114.9953           351.398       7.964
 115.0953           359.105       8.099
 115.1953           396.961       8.498
 115.2953           433.666       8.933
 115.3953           505.920       9.637
 115.4953           602.421      10.737
 115.5953           684.555      11.362
 115.6953           679.500      11.220
 115.7953           607.366      10.511
 115.8953           507.876       9.627
 115.9953           442.341       8.997
 116.0953           415.117       8.673
 116.1953           405.953       8.597
 116.2953           419.727       8.737
 116.3953           446.097       8.989
 116.4953           403.889       8.611
 116.5953           381.296       8.225
 116.6953           357.599       8.071
 116.7953           354.171       7.994
 116.8953           353.299       8.001
 116.9953           348.220       7.947
 117.0953           354.386       7.986
 117.1953           370.761       8.205
 117.2953           370.877       8.185
 117.3953           369.322       8.179
 117.4953           357.268       8.043
 117.5953           348.572       7.934
 117.6953           344.981       7.904
 117.7953           339.427       7.845
 117.8953           358.514       8.031
 117.9953           360.940       8.178
 118.0953           371.888       8.090
 118.1953           394.859       8.546
 118.2953           414.025       8.665
 118.3953           431.367       8.880
 118.4953           441.123       8.962
 118.5953           462.842       9.255
 118.6953           462.989       9.333
 118.7953           454.622       9.348
 118.8953           439.932       8.958
 118.9953           508.449       9.668
 119.0953           602.912      10.431
 119.1953           720.181      11.466
 119.2953           799.149      12.034
 119.3953           787.064      11.938
 119.4953           663.519      10.954
 119.5953           589.777      10.345
 119.6953           456.332       9.037
 119.7953           399.581       8.517
 119.8953           379.932       8.277
 119.9953           339.969       7.816
 120.0953           334.198       7.732
 120.1953           347.363       8.065
 120.2953           351.212       7.681
 120.3953           332.041       7.859
 120.4953           319.510       7.582
 120.5953           341.589       7.882
 120.6953           329.626       7.647
 120.7953           331.983       7.756
 120.8953           328.553       7.676
 120.9953           315.496       7.548
 121.0953           315.735       7.528
 121.1953           330.985       7.744
 121.2953           312.322       7.524
 121.3953           330.614       7.722
 121.4953           347.088       7.925
 121.5953           382.722       8.418
 121.6953           429.968       8.704
 121.7953           475.292       9.519
 121.8953           485.659       9.503
 121.9953           522.994       9.962
 122.0953           530.111       9.900
 122.1953           504.534       9.576
 122.2953           466.191       9.250
 122.3953           432.014       8.865
 122.4953           378.406       8.331
 122.5953           347.381       7.942
 122.6953           337.904       7.869
 122.7953           329.671       7.725
 122.8953           356.372       8.023
 122.9953           392.170       8.477
 123.0953           408.623       8.607
 123.1953           399.274       8.488
 123.2953           388.700       8.410
 123.3953           384.097       8.338
 123.4953           370.610       8.185
 123.5953           337.490       7.815
 123.6953           328.333       7.739
 123.7953           325.806       7.686
 123.8953           349.382       7.949
 123.9953           361.415       8.090
 124.0953           374.274       8.248
 124.1953           405.965       8.587
 124.2953           415.400       8.688
 124.3953           389.044       8.420
 124.4953           371.420       8.246
 124.5953           350.709       7.975
 124.6953           339.476       7.908
 124.7953           337.635       7.773
 124.8953           332.137       7.820
 124.9953           334.380       7.875
 125.0953           364.618       8.268
 125.1953           372.210       8.405
 125.2953           412.216       8.747
 125.3953           455.871       9.202
 125.4953           492.503       9.428
 125.5953           497.522       9.503
 125.6953           478.644       9.316
 125.7953           420.391       8.691
 125.8953           363.513       8.106
 125.9953           348.660       7.922
 126.0953           332.543       7.707
 126.1953           334.059       7.758
 126.2953           336.052       7.782
 126.3953           342.485       7.818
 126.4953           326.866       7.702
 126.5953           332.116       7.707
 126.6953           369.854       8.147
 126.7953           403.522       8.501
 126.8953           447.168       8.965
 126.9953           452.636       9.049
 127.0953           479.102       9.243
 127.1953           415.841       8.628
 127.2953           389.826       8.374
 127.3953           371.622       8.220
 127.4953           325.681       7.624
 127.5953           334.627       7.772
 127.6953           333.287       7.738
 127.7953           321.534       7.643
 127.8953           312.625       7.501
 127.9953           325.545       7.710
 128.0953           322.309       7.605
 128.1953           318.955       7.686
 128.2953           330.186       7.884
 128.3953           322.477       7.805
 128.4953           315.886       7.630
 128.5953           321.364       7.654
 128.6953           323.553       7.667
 128.7953           346.484       7.943
 128.8953           379.363       8.271
 128.9953           432.560       8.868
 129.0953           464.289       9.196
 129.1953           495.545       9.429
 129.2953           507.517       9.559
 129.3953           471.311       9.252
 129.4953           421.059       8.699
 129.5953           385.778       8.337
 129.6953           368.362       8.154
 129.7953           365.031       8.136
 129.8953           340.445       7.821
 129.9953           347.760       7.928
 130.0953           325.607       7.641
 130.1953           321.067       7.619
 130.2953           340.932       7.840
 130.3953           332.810       7.740
 130.4953           328.393       7.706
 130.5953           347.307       7.920
 130.6953           365.392       8.114
 130.7953           378.281       8.286
 130.8953           415.314       8.675
 130.9953           421.525       8.733
 131.0953           408.391       8.612
 131.1953           398.307       8.523
 131.2953           394.117       8.441
 131.3953           370.362       8.273
 131.4953           360.902       8.239
 131.5953           357.388       8.251
 131.6953           340.982       7.921
 131.7953           333.562       7.787
 131.8953           327.265       7.688
 131.9953           317.327       7.612
 132.0953           330.617       7.712
 132.1953           318.612       7.618
 132.2953           310.229       7.493
 132.3953           320.934       7.583
 132.4953           316.414       7.564
 132.5953           329.522       7.682
 132.6953           323.024       7.656
 132.7953           328.553       7.664
 132.8953           318.698       7.569
 132.9953           353.713       7.977
 133.0953           341.233       7.826
 133.1953           334.719       7.631
 133.2953           355.004       8.240
 133.3953           366.672       8.005
 133.4953           363.344       8.070
 133.5953           367.884       8.133
 133.6953           371.104       8.167
 133.7953           373.928       8.215
 133.8953           374.846       8.168
 133.9953           381.656       8.320
 134.0953           371.632       8.188
 134.1953           359.776       8.031
 134.2953           357.447       8.053
 134.3953           328.044       7.713
 134.4953           316.709       7.566
 134.5953           299.167       7.424
 134.6953           297.354       7.519
 134.7953           310.222       7.612
 134.8953           298.347       7.417
 134.9953           315.540       7.536
 135.0953           313.575       7.511
 135.1953           303.400       7.409
 135.2953           310.547       7.479
 135.3953           304.227       7.394
 135.4953           327.004       7.686
 135.5953           328.841       7.660
 135.6953           344.457       7.871
 135.7953           380.014       8.232
 135.8953           427.939       8.785
 135.9953           542.517       9.859
 136.0953           646.600      10.763
 136.1953           745.687      11.588
 136.2953           787.670      11.852
 136.3953           812.761      12.076
 136.4953           750.571      11.616
 136.5953           677.923      11.048
 136.6953           603.850      10.368
 136.7953           483.379       9.316
 136.8953           414.703       8.634
 136.9953           365.673       8.067
 137.0953           344.254       7.869
 137.1953           398.594       8.485
 137.2953           443.390       8.925
 137.3953           515.213       9.612
 137.4953           547.018       9.926
 137.5953           561.993      10.074
 137.6953           562.170      10.087
 137.7953           546.227       9.976
 137.8953           511.660       9.814
 137.9953           471.071       9.408
 138.0953           421.423       8.797
 138.1953           372.318       8.166
 138.2953           356.290       8.046
 138.3953           326.095       7.646
 138.4953           301.815       7.359
 138.5953           314.036       7.503
 138.6953           309.818       7.442
 138.7953           300.626       7.311
 138.8953           299.855       7.301
 138.9953           305.729       7.395
 139.0953           303.692       7.350
 139.1953           293.678       7.199
 139.2953           306.242       7.419
 139.3953           306.804       7.357
 139.4953           304.458       7.384
 139.5953           314.152       7.427
 139.6953           345.223       7.862
 139.7953           376.763       8.212
 139.8953           408.797       8.506
 139.9953           440.844       8.858
 140.0953           478.313       9.226
 140.1953           475.441       9.234
 140.2953           491.854       9.332
 140.3953           492.903       9.415
 140.4953           464.784       9.115
 140.5953           497.716       9.441
 140.6953           493.418       9.433
 140.7953           523.240       9.688
 140.8953           530.553       9.773
 140.9953           538.559       9.949
 141.0953           523.005       9.891
 141.1953           512.198       9.796
 141.2953           487.350       9.409
 141.3953           447.217       8.934
 141.4953           413.433       8.624
 141.5953           398.058       8.420
 141.6953           395.638       8.422
 141.7953           400.072       8.470
 141.8953           438.808       8.829
 141.9953           471.004       9.117
 142.0953           535.146       9.769
 142.1953           585.601      10.227
 142.2953           598.463      10.320
 142.3953           640.984      10.618
 142.4953           610.689      10.450
 142.5953           595.042      10.288
 142.6953           574.713      10.089
 142.7953           532.748       9.706
 142.8953           509.798       9.519
 142.9953           495.442       9.385
 143.0953           496.215       9.354
 143.1953           495.224       9.389
 143.2953           500.027       9.421
 143.3953           495.189       9.380
 143.4953           483.426       9.251
 143.5953           473.343       9.173
 143.6953           441.854       8.921
 143.7953           394.291       8.478
 143.8953           379.621       7.947
 143.9953           343.803       7.982
 144.0953           328.227       7.637
 144.1953           323.078       7.686
 144.2953           311.799       7.589
 144.3953           315.719       7.703
 144.4953           311.293       7.546
 144.5953           294.722       7.275
 144.6953           304.912       7.384
 144.7953           312.407       7.485
 144.8953           293.201       7.227
 144.9953           304.254       7.368
 145.0953           302.101       7.329
 145.1953           308.669       7.430
 145.2953           308.658       7.378
 145.3953           320.981       7.564
 145.4953           329.272       7.653
 145.5953           311.697       6.869
 145.6953           396.224      10.217
 145.7953           338.382       7.180
 145.8953           351.447       7.888
 145.9953           360.224       7.981
 146.0953           366.126       8.063
 146.1953           373.531       8.153
 146.2953           395.308       8.381
 146.3953           402.187       8.386
 146.4953           413.199       8.618
 146.5953           403.899       8.459
 146.6953           384.385       8.255
 146.7953           393.184       8.396
 146.8953           370.650       8.125
 146.9953           372.059       8.154
 147.0953           348.818       7.895
 147.1953           340.193       7.798
 147.2953           317.262       7.535
 147.3953           321.345       7.634
 147.4953           312.128       7.649
 147.5953           311.224       7.604
 147.6953           299.985       7.408
 147.7953           285.873       7.145
 147.8953           293.972       7.286
 147.9953           288.909       7.160
 148.0953           278.864       7.081
 148.1953           296.630       7.244
 148.2953           290.328       7.231
 148.3953           292.435       7.204
 148.4953           291.818       7.302
 148.5953           292.191       6.985
 148.6953           301.345       7.457
 148.7953           320.736       7.758
 148.8953           328.816       7.236
 148.9953           336.925       7.750
 149.0953           342.666       7.952
 149.1953           336.810       7.564
 149.2953           344.850       7.752
 149.3953           338.543       7.726
 149.4953           343.840       7.710
 149.5953           333.646       7.556
 149.6953           339.651       7.903
 149.7953           340.341       7.755
 149.8953           319.927       7.284
 149.9953           318.106       7.894
 150.0953           331.791       7.186
 150.1953           327.835       8.412
 150.2953           325.310       7.226
 150.3953           327.079       7.692
 150.4953           347.020       7.875
 150.5953           375.719       8.234
 150.6953           375.109       7.574
 150.7953             0.000       0.000
 150.8953             0.000       0.000
