XYDATA  Co2SiO4 8mmV 1.87A HiRes FullBeam 500K CF ROC 
INTER        1       1       0     0.100000
TEMP       146.257      152.896      152.902
! d20 23-Apr-08 09:22:09 User Sazono   L.C.Hansen  Run 594842*d20_2008_04_5880
! d20 23-Apr-08 09:22:09 User Sazono   L.C.Hansen  Run 594842*d20_2008_04_5880
! Monitor/counts, Counting time/sec:       100000.      62.5111
   0.0953          4098.971      28.034
   0.1953          4295.701      29.167
   0.2953          4332.121      29.557
   0.3953          4168.066      28.806
   0.4953          3819.489      27.373
   0.5953          3451.094      25.811
   0.6953          3026.016      24.101
   0.7953          2671.689      22.706
   0.8953          2291.945      20.962
   0.9953          1966.752      19.467
   1.0953          1579.764      17.393
   1.1953          1350.765      16.051
   1.2953          1029.720      14.040
   1.3953           781.132      12.217
   1.4953           571.358      10.442
   1.5953           435.544       9.094
   1.6953           362.274       8.338
   1.7953           352.195       8.215
   1.8953           323.852       7.848
   1.9953           307.025       7.645
   2.0953           301.254       7.593
   2.1953           298.530       7.553
   2.2953           300.848       7.559
   2.3953           279.421       7.298
   2.4953           281.949       7.361
   2.5953           289.869       7.389
   2.6953           264.307       7.149
   2.7953           261.835       7.061
   2.8953           243.006       6.830
   2.9953           255.557       6.997
   3.0953           247.070       6.892
   3.1953           241.555       6.810
   3.2953           237.688       6.747
   3.3953           245.523       6.920
   3.4953           237.330       6.897
   3.5953           242.768       6.973
   3.6953           242.121       6.881
   3.7953           249.136       6.937
   3.8953           272.675       7.239
   3.9953           286.668       7.427
   4.0953           318.941       7.791
   4.1953           357.081       8.318
   4.2953           370.423       8.395
   4.3953           430.014       9.047
   4.4953           474.152       9.496
   4.5953           535.606      10.147
   4.6953           580.306      10.475
   4.7953           636.321      11.005
   4.8953           665.160      11.258
   4.9953           692.064      11.515
   5.0953           690.521      11.448
   5.1953           709.160      11.599
   5.2953           706.473      11.633
   5.3953           686.062      11.428
   5.4953           691.067      11.445
   5.5953           674.964      11.348
   5.6953           700.611      11.574
   5.7953           684.694      11.450
   5.8953           692.389      11.440
   5.9953           673.471      11.389
   6.0953           689.392      11.491
   6.1953           699.738      11.609
   6.2953           673.768      11.360
   6.3953           663.139      11.266
   6.4953           682.602      11.497
   6.5953           654.570      11.229
   6.6953           662.541      11.511
   6.7953           655.443      11.459
   6.8953           651.514      11.277
   6.9953           657.473      11.207
   7.0953           634.009      11.017
   7.1953           630.742      11.022
   7.2953           647.682      11.088
   7.3953           620.201      10.921
   7.4953           635.985      11.014
   7.5953           620.668      10.856
   7.6953           639.624      11.026
   7.7953           611.390      10.788
   7.8953           617.949      10.831
   7.9953           620.700      10.808
   8.0953           605.930      10.765
   8.1953           605.862      10.717
   8.2953           603.174      10.688
   8.3953           602.084      10.687
   8.4953           595.572      10.642
   8.5953           617.921      10.811
   8.6953           591.090      10.574
   8.7953           573.048      10.410
   8.8953           585.830      10.541
   8.9953           580.283      10.490
   9.0953           567.522      10.363
   9.1953           583.243      10.549
   9.2953           585.969      10.572
   9.3953           576.067      10.428
   9.4953           561.811      10.374
   9.5953           558.904      10.315
   9.6953           551.543      10.267
   9.7953           561.820      10.460
   9.8953           556.430      10.540
   9.9953           551.394      10.479
  10.0953           563.802      10.435
  10.1953           540.267      10.143
  10.2953           552.258      10.271
  10.3953           558.874      10.304
  10.4953           547.128      10.186
  10.5953           548.985      10.184
  10.6953           531.142      10.054
  10.7953           533.863      10.002
  10.8953           548.830      10.160
  10.9953           525.550       9.939
  11.0953           560.270      10.183
  11.1953           529.975       9.961
  11.2953           541.397      10.667
  11.3953           523.782       9.728
  11.4953           543.088      10.054
  11.5953           526.444       9.917
  11.6953           510.464       9.831
  11.7953           521.923       9.906
  11.8953           516.089       9.865
  11.9953           529.093       9.983
  12.0953           526.274       9.987
  12.1953           505.749       9.764
  12.2953           513.690       9.817
  12.3953           534.037      10.101
  12.4953           530.676      10.029
  12.5953           490.259       9.626
  12.6953           518.770       9.918
  12.7953           507.841       9.876
  12.8953           496.781       9.658
  12.9953           509.668       9.897
  13.0953           523.280      10.340
  13.1953           511.833       9.773
  13.2953           503.474      10.031
  13.3953           509.926       9.850
  13.4953           517.501       9.952
  13.5953           521.763       9.919
  13.6953           515.153       9.923
  13.7953           509.043       9.786
  13.8953           516.975       9.940
  13.9953           520.463       9.861
  14.0953           517.864       9.955
  14.1953           505.742       9.656
  14.2953           527.147      10.040
  14.3953           492.370       9.606
  14.4953           507.355       9.777
  14.5953           520.975       9.978
  14.6953           496.098       9.639
  14.7953           515.298       9.834
  14.8953           500.066       9.696
  14.9953           516.775       9.905
  15.0953           476.955       9.630
  15.1953           509.177       9.490
  15.2953           501.013       9.902
  15.3953           519.208       9.890
  15.4953           490.064       9.596
  15.5953           503.539       9.765
  15.6953           501.732       9.776
  15.7953           484.742       9.545
  15.8953           514.513       9.937
  15.9953           499.350       9.730
  16.0953           501.539       9.810
  16.1953           491.787       9.710
  16.2953           504.089       9.990
  16.3953           505.778      10.051
  16.4953           493.991       9.769
  16.5953           517.925       9.913
  16.6953           476.076       9.552
  16.7953           502.473       9.778
  16.8953           483.186       9.597
  16.9953           486.961       9.600
  17.0953           505.643       9.806
  17.1953           487.487       9.614
  17.2953           498.887       9.697
  17.3953           477.990       9.526
  17.4953           481.420       9.550
  17.5953           495.278       9.623
  17.6953           502.179       9.770
  17.7953           500.937       9.737
  17.8953           485.513       9.546
  17.9953           500.693       9.706
  18.0953           489.206       9.627
  18.1953           496.460       9.679
  18.2953           496.153       9.680
  18.3953           490.943       9.608
  18.4953           483.039       9.579
  18.5953           494.873       9.635
  18.6953           475.033       9.465
  18.7953           511.047       9.852
  18.8953           492.522       9.663
  18.9953           480.362       9.513
  19.0953           487.484       9.633
  19.1953           494.084       9.695
  19.2953           492.450       9.693
  19.3953           495.741       9.724
  19.4953           475.725       9.751
  19.5953           492.592       9.838
  19.6953           491.796       9.694
  19.7953           481.592       9.582
  19.8953           498.923       9.731
  19.9953           470.692       9.440
  20.0953           474.095       9.465
  20.1953           483.482       9.397
  20.2953           491.667      10.007
  20.3953           485.840       9.503
  20.4953           503.996       9.508
  20.5953           481.554       9.656
  20.6953           504.162       9.703
  20.7953           504.416       9.736
  20.8953           521.722       9.895
  20.9953           520.972       9.935
  21.0953           533.852       9.989
  21.1953           558.963      10.253
  21.2953           566.191      10.306
  21.3953           512.196       9.826
  21.4953           495.559       9.658
  21.5953           492.416       9.613
  21.6953           500.569       9.748
  21.7953           489.502       9.552
  21.8953           506.155       9.785
  21.9953           506.748       9.756
  22.0953           512.240       9.838
  22.1953           505.282       9.803
  22.2953           497.027       9.692
  22.3953           498.004       9.739
  22.4953           462.878       9.388
  22.5953           465.157       9.434
  22.6953           470.213       9.657
  22.7953           476.854       9.697
  22.8953           453.125       9.304
  22.9953           480.676       9.511
  23.0953           468.173       9.416
  23.1953           454.309       9.270
  23.2953           484.139       9.528
  23.3953           459.337       9.297
  23.4953           454.049       9.276
  23.5953           465.175       9.283
  23.6953           462.082       9.309
  23.7953           448.186       9.160
  23.8953           471.959       9.398
  23.9953           473.550       9.385
  24.0953           475.825       9.449
  24.1953           454.992       9.236
  24.2953           449.091       9.125
  24.3953           454.271       9.219
  24.4953           458.852       9.240
  24.5953           466.273       9.384
  24.6953           483.266       9.467
  24.7953           475.687       9.398
  24.8953           506.229       9.764
  24.9953           524.529       9.877
  25.0953           545.912      10.099
  25.1953           535.304      10.015
  25.2953           520.778       9.890
  25.3953           502.708       9.707
  25.4953           471.847       9.422
  25.5953           467.736       9.389
  25.6953           452.160       9.216
  25.7953           446.801       9.254
  25.8953           461.630       9.507
  25.9953           462.364       9.534
  26.0953           448.712       9.231
  26.1953           468.746       9.394
  26.2953           448.628       9.165
  26.3953           472.318       9.456
  26.4953           475.918       9.423
  26.5953           490.515       9.558
  26.6953           473.428       9.438
  26.7953           483.562       9.504
  26.8953           494.977       9.623
  26.9953           498.975       9.619
  27.0953           486.909       9.560
  27.1953           492.633       9.573
  27.2953           513.860       9.795
  27.3953           528.046       9.937
  27.4953           567.986      10.288
  27.5953           620.506      10.750
  27.6953           716.823      11.602
  27.7953           817.345      12.332
  27.8953           919.497      13.128
  27.9953           914.409      12.997
  28.0953           844.058      12.599
  28.1953           685.731      11.335
  28.2953           570.962      10.296
  28.3953           494.818       9.652
  28.4953           458.802       9.252
  28.5953           463.144       9.319
  28.6953           469.756       9.414
  28.7953           478.755       9.511
  28.8953           515.451       9.878
  28.9953           558.380      10.262
  29.0953           558.525      10.449
  29.1953           596.474      10.776
  29.2953           593.721      10.689
  29.3953           553.438      10.233
  29.4953           545.351      10.155
  29.5953           464.709       9.337
  29.6953           457.356       9.251
  29.7953           470.266       9.417
  29.8953           453.332       9.248
  29.9953           450.070       9.166
  30.0953           450.464       9.199
  30.1953           440.279       9.090
  30.2953           463.326       9.326
  30.3953           452.966       9.183
  30.4953           460.960       9.322
  30.5953           449.372       9.188
  30.6953           467.519       9.356
  30.7953           468.690       9.351
  30.8953           504.281       9.718
  30.9953           496.211       9.674
  31.0953           514.624       9.790
  31.1953           545.516      10.109
  31.2953           541.766      10.106
  31.3953           513.539       9.802
  31.4953           491.794       9.606
  31.5953           461.174       9.304
  31.6953           441.273       9.142
  31.7953           453.685       9.224
  31.8953           428.097       8.997
  31.9953           423.912       8.923
  32.0953           441.351       9.145
  32.1953           427.330       9.043
  32.2953           420.391       9.096
  32.3953           441.044       9.267
  32.4953           434.375       9.081
  32.5953           428.673       8.974
  32.6953           427.314       8.963
  32.7953           425.285       8.907
  32.8953           423.778       8.930
  32.9953           431.930       8.952
  33.0953           427.010       8.970
  33.1953           432.991       8.959
  33.2953           417.774       8.845
  33.3953           427.178       8.892
  33.4953           435.254       9.007
  33.5953           425.207       8.874
  33.6953           432.418       8.954
  33.7953           425.891       8.943
  33.8953           431.528       8.921
  33.9953           450.239       9.139
  34.0953           435.666       9.006
  34.1953           447.632       9.130
  34.2953           433.422       8.996
  34.3953           415.405       8.705
  34.4953           433.020       9.045
  34.5953           443.440       9.031
  34.6953           438.579       9.078
  34.7953           442.503       9.084
  34.8953           454.574       9.201
  34.9953           461.913       9.268
  35.0953           441.848       9.117
  35.1953           449.337       9.170
  35.2953           456.666       9.277
  35.3953           452.961       9.314
  35.4953           435.030       9.204
  35.5953           461.097       9.483
  35.6953           455.097       9.319
  35.7953           442.375       9.098
  35.8953           457.575       9.279
  35.9953           471.746       9.373
  36.0953           498.134       9.660
  36.1953           495.382       9.603
  36.2953           522.953       9.922
  36.3953           518.915       9.821
  36.4953           533.140       9.995
  36.5953           562.384      10.190
  36.6953           520.083       9.859
  36.7953           499.751       9.614
  36.8953           453.166       9.191
  36.9953           454.745       9.206
  37.0953           453.566       9.177
  37.1953           428.215       8.890
  37.2953           437.300       9.044
  37.3953           446.918       9.104
  37.4953           458.242       9.207
  37.5953           439.330       9.057
  37.6953           445.652       9.101
  37.7953           429.914       8.958
  37.8953           443.595       9.064
  37.9953           449.856       9.162
  38.0953           451.162       9.181
  38.1953           455.317       9.233
  38.2953           432.585       8.968
  38.3953           444.447       9.145
  38.4953           446.269       9.111
  38.5953           448.828       9.257
  38.6953           465.212       9.528
  38.7953           470.212       9.590
  38.8953           450.988       9.252
  38.9953           475.444       9.486
  39.0953           511.066       9.801
  39.1953           561.147      10.225
  39.2953           592.406      10.533
  39.3953           670.496      11.173
  39.4953           663.487      11.153
  39.5953           614.175      10.675
  39.6953           530.912       9.952
  39.7953           487.576       9.511
  39.8953           468.629       9.354
  39.9953           463.636       9.260
  40.0953           458.714       9.235
  40.1953           452.148       9.208
  40.2953           457.179       9.199
  40.3953           453.841       9.173
  40.4953           448.772       9.161
  40.5953           458.813       9.243
  40.6953           439.745       9.037
  40.7953           450.115       9.167
  40.8953           470.991       9.384
  40.9953           458.512       9.237
  41.0953           446.208       9.093
  41.1953           454.182       9.246
  41.2953           458.934       9.255
  41.3953           479.259       9.461
  41.4953           452.062       9.233
  41.5953           457.800       9.260
  41.6953           459.378       9.281
  41.7953           457.887       9.374
  41.8953           479.637       9.844
  41.9953           474.654       9.348
  42.0953           521.427      10.131
  42.1953           561.470      10.260
  42.2953           655.677      11.181
  42.3953           779.905      12.082
  42.4953           896.911      13.010
  42.5953           952.290      13.275
  42.6953           920.176      13.206
  42.7953           781.000      12.078
  42.8953           690.061      11.317
  42.9953           589.959      10.545
  43.0953           533.613       9.955
  43.1953           502.669       9.665
  43.2953           522.737       9.911
  43.3953           545.524      10.054
  43.4953           613.097      10.704
  43.5953           635.548      10.884
  43.6953           649.048      10.966
  43.7953           594.962      10.532
  43.8953           540.339      10.055
  43.9953           489.511       9.522
  44.0953           469.537       9.348
  44.1953           490.276       9.613
  44.2953           486.192       9.500
  44.3953           510.478       9.799
  44.4953           583.500      10.441
  44.5953           652.581      10.998
  44.6953           773.397      12.099
  44.7953           787.861      12.171
  44.8953           738.212      11.789
  44.9953           610.728      10.790
  45.0953           546.255      10.357
  45.1953           477.326       9.634
  45.2953           455.165       9.268
  45.3953           442.859       9.105
  45.4953           446.286       9.110
  45.5953           446.264       9.136
  45.6953           459.463       9.236
  45.7953           468.268       9.315
  45.8953           528.433       9.928
  45.9953           607.955      10.594
  46.0953           724.303      11.558
  46.1953           880.553      12.767
  46.2953           921.427      13.068
  46.3953           828.199      12.352
  46.4953           694.861      11.339
  46.5953           551.098      10.092
  46.6953           490.668       9.517
  46.7953           466.327       9.297
  46.8953           453.578       9.147
  46.9953           458.587       9.177
  47.0953           482.658       9.458
  47.1953           481.924       9.439
  47.2953           532.666       9.933
  47.3953           569.062      10.250
  47.4953           640.659      10.901
  47.5953           624.575      10.722
  47.6953           593.096      10.511
  47.7953           549.204      10.084
  47.8953           504.850       9.694
  47.9953           482.586       9.505
  48.0953           517.629       9.791
  48.1953           619.100      10.870
  48.2953           861.505      12.935
  48.3953          1176.430      15.165
  48.4953          1950.600      19.153
  48.5953          2786.615      22.860
  48.6953          3408.948      25.201
  48.7953          3534.449      25.748
  48.8953          3216.101      24.405
  48.9953          2552.290      21.778
  49.0953          1829.956      18.526
  49.1953          1161.217      14.631
  49.2953           711.757      11.481
  49.3953           541.206      10.024
  49.4953           471.124       9.341
  49.5953           459.678       9.223
  49.6953           469.205       9.293
  49.7953           473.999       9.416
  49.8953           486.215       9.442
  49.9953           480.209       9.410
  50.0953           481.763       9.470
  50.1953           477.728       9.409
  50.2953           479.791       9.422
  50.3953           469.235       9.323
  50.4953           468.849       9.318
  50.5953           472.543       9.382
  50.6953           464.780       9.270
  50.7953           497.994       9.632
  50.8953           535.177       9.976
  50.9953           606.499      10.629
  51.0953           751.136      11.842
  51.1953           826.120      12.425
  51.2953           819.097      12.381
  51.3953           748.111      11.826
  51.4953           606.187      10.905
  51.5953           487.389       9.715
  51.6953           463.395       9.368
  51.7953           458.260       9.251
  51.8953           474.551       9.390
  51.9953           507.964       9.692
  52.0953           493.545       9.587
  52.1953           496.260       9.602
  52.2953           508.586       9.660
  52.3953           492.875       9.562
  52.4953           516.825       9.751
  52.5953           512.830       9.711
  52.6953           499.874       9.602
  52.7953           495.118       9.541
  52.8953           478.162       9.408
  52.9953           450.452       9.078
  53.0953           452.686       9.148
  53.1953           431.877       8.903
  53.2953           420.258       8.799
  53.3953           450.603       9.113
  53.4953           442.301       9.042
  53.5953           435.804       8.933
  53.6953           453.063       9.153
  53.7953           453.950       9.160
  53.8953           439.959       8.971
  53.9953           438.806       9.029
  54.0953           465.773       9.288
  54.1953           436.555       8.977
  54.2953           449.550       9.127
  54.3953           473.667       9.404
  54.4953           507.207       9.699
  54.5953           552.489      10.196
  54.6953           589.432      10.692
  54.7953           589.479      10.718
  54.8953           548.827      10.137
  54.9953           516.931       9.841
  55.0953           478.333       9.408
  55.1953           473.459       9.389
  55.2953           474.912       9.348
  55.3953           481.625       9.447
  55.4953           453.072       9.157
  55.5953           470.183       9.287
  55.6953           443.585       9.077
  55.7953           462.158       9.241
  55.8953           435.710       8.956
  55.9953           463.956       9.239
  56.0953           444.081       9.042
  56.1953           434.544       8.954
  56.2953           446.730       9.072
  56.3953           431.872       8.896
  56.4953           438.675       9.020
  56.5953           455.706       9.179
  56.6953           427.035       8.858
  56.7953           437.051       8.974
  56.8953           460.700       9.236
  56.9953           483.390       9.408
  57.0953           462.827       9.262
  57.1953           485.488       9.467
  57.2953           467.727       9.328
  57.3953           455.597       9.204
  57.4953           453.316       9.118
  57.5953           445.171       9.137
  57.6953           442.128       9.078
  57.7953           444.711       9.129
  57.8953           449.904       9.406
  57.9953           457.034       9.356
  58.0953           435.823       9.062
  58.1953           443.207       9.089
  58.2953           431.985       8.945
  58.3953           416.658       8.821
  58.4953           445.532       9.047
  58.5953           426.627       8.902
  58.6953           423.889       8.827
  58.7953           430.417       8.907
  58.8953           427.143       8.876
  58.9953           426.844       8.914
  59.0953           440.403       8.879
  59.1953           437.507       9.025
  59.2953           440.733       9.017
  59.3953           452.207       9.117
  59.4953           459.231       9.175
  59.5953           440.138       8.986
  59.6953           445.405       9.049
  59.7953           436.094       9.007
  59.8953           436.045       8.884
  59.9953           452.964       9.159
  60.0953           457.824       9.204
  60.1953           449.806       9.078
  60.2953           450.342       9.078
  60.3953           451.823       9.154
  60.4953           428.664       8.865
  60.5953           441.763       9.023
  60.6953           441.616       9.041
  60.7953           449.532       9.123
  60.8953           487.445       9.539
  60.9953           527.691       9.969
  61.0953           527.877      10.074
  61.1953           537.723      10.198
  61.2953           505.459       9.697
  61.3953           460.334       9.218
  61.4953           458.604       9.165
  61.5953           439.780       9.005
  61.6953           431.543       8.889
  61.7953           433.244       8.907
  61.8953           432.452       8.934
  61.9953           456.598       9.116
  62.0953           452.045       9.054
  62.1953           462.639       9.247
  62.2953           465.006       9.180
  62.3953           464.973       9.204
  62.4953           481.880       9.359
  62.5953           485.411       9.463
  62.6953           469.615       9.215
  62.7953           468.760       9.245
  62.8953           433.829       8.887
  62.9953           416.362       8.710
  63.0953           431.402       8.850
  63.1953           407.892       8.605
  63.2953           435.463       8.973
  63.3953           437.662       8.897
  63.4953           439.313       8.930
  63.5953           435.850       8.951
  63.6953           446.118       9.043
  63.7953           441.630       8.950
  63.8953           450.146       9.109
  63.9953           467.421       9.240
  64.0953           555.765      10.117
  64.1953           783.646      12.056
  64.2953          1220.153      15.054
  64.3953          1904.370      19.534
  64.4953          2274.030      20.310
  64.5953          2359.308      21.037
  64.6953           888.310      12.233
  64.7953          1044.396      13.346
  64.8953           689.918      12.361
  64.9953           604.286      12.223
  65.0953           543.054      10.199
  65.1953           612.550       9.764
  65.2953           715.408      11.340
  65.3953           713.466      11.379
  65.4953           630.394      10.745
  65.5953           545.980       9.932
  65.6953           487.034       9.475
  65.7953           460.981       9.177
  65.8953           441.069       8.960
  65.9953           432.644       8.896
  66.0953           435.827       8.956
  66.1953           432.617       8.886
  66.2953           444.301       9.011
  66.3953           444.968       9.014
  66.4953           439.353       9.036
  66.5953           444.953       8.982
  66.6953           435.682       8.949
  66.7953           456.868       9.191
  66.8953           442.329       9.042
  66.9953           429.991       8.868
  67.0953           434.667       8.974
  67.1953           433.884       8.937
  67.2953           435.002       9.006
  67.3953           464.522       9.311
  67.4953           502.938       9.862
  67.5953           575.997      10.507
  67.6953           671.546      11.161
  67.7953           686.816      11.250
  67.8953           595.634      10.456
  67.9953           489.365       9.474
  68.0953           466.201       9.200
  68.1953           436.507       8.916
  68.2953           433.341       8.915
  68.3953           422.848       8.743
  68.4953           418.765       8.722
  68.5953           419.527       8.721
  68.6953           431.697       8.853
  68.7953           438.362       8.907
  68.8953           487.578       9.366
  68.9953           588.834      10.372
  69.0953           732.037      11.438
  69.1953           842.720      12.362
  69.2953           812.890      12.156
  69.3953           667.193      11.030
  69.4953           531.890       9.757
  69.5953           474.026       9.282
  69.6953           458.717       9.118
  69.7953           443.612       8.968
  69.8953           417.507       8.675
  69.9953           431.550       8.876
  70.0953           452.631       9.098
  70.1953           464.570       9.177
  70.2953           505.154       9.624
  70.3953           546.279      10.000
  70.4953           551.688      10.021
  70.5953           523.660       9.865
  70.6953           485.546       9.628
  70.7953           507.377       9.804
  70.8953           532.592       9.914
  70.9953           514.113       9.700
  71.0953           479.053       9.388
  71.1953           463.916       9.167
  71.2953           442.919       8.987
  71.3953           441.528       8.955
  71.4953           430.111       8.837
  71.5953           429.993       8.831
  71.6953           416.621       8.674
  71.7953           435.670       8.875
  71.8953           421.968       8.761
  71.9953           432.810       8.846
  72.0953           425.061       8.795
  72.1953           430.136       8.813
  72.2953           407.353       8.580
  72.3953           430.660       8.813
  72.4953           441.654       8.934
  72.5953           556.418      10.093
  72.6953           657.941      10.850
  72.7953           704.497      11.248
  72.8953           710.426      11.318
  72.9953           594.348      10.283
  73.0953           590.399      10.321
  73.1953           468.449       9.056
  73.2953           407.869       8.378
  73.3953           438.310       7.686
  73.4953           454.450      17.276
  73.5953           459.352       8.750
  73.6953           547.904       9.272
  73.7953           618.931       9.752
  73.8953           603.419      14.195
  73.9953           544.034       9.644
  74.0953           467.107       9.254
  74.1953           427.620       8.814
  74.2953           442.288       8.974
  74.3953           431.321       8.879
  74.4953           413.293       8.644
  74.5953           420.739       8.802
  74.6953           436.812       8.924
  74.7953           432.686       8.886
  74.8953           425.206       8.758
  74.9953           449.507       9.074
  75.0953           434.871       8.908
  75.1953           424.401       8.768
  75.2953           441.005       8.957
  75.3953           420.321       8.766
  75.4953           405.291       8.565
  75.5953           407.280       8.596
  75.6953           435.238       8.905
  75.7953           450.657       9.049
  75.8953           466.402       9.211
  75.9953           505.259       9.602
  76.0953           527.283       9.780
  76.1953           572.170      10.239
  76.2953           644.006      10.777
  76.3953           753.474      11.762
  76.4953           853.512      12.463
  76.5953           882.095      12.671
  76.6953           790.392      12.058
  76.7953           636.550      10.809
  76.8953           554.308      10.100
  76.9953           681.947      11.265
  77.0953           968.795      13.630
  77.1953          1615.249      17.621
  77.2953          2035.431      19.505
  77.3953          1934.870      18.909
  77.4953          1373.444      15.898
  77.5953           935.534      13.187
  77.6953          1069.891      13.938
  77.7953          1767.243      18.014
  77.8953          2380.221      20.937
  77.9953          2347.780      20.731
  78.0953          1557.761      16.850
  78.1953           840.124      12.436
  78.2953           527.661       9.819
  78.3953           467.180       9.242
  78.4953           429.948       8.867
  78.5953           433.710       8.922
  78.6953           454.218       9.114
  78.7953           437.363       8.943
  78.8953           461.583       9.219
  78.9953           507.734       9.649
  79.0953           580.753      10.318
  79.1953           580.164      10.295
  79.2953           521.997       9.809
  79.3953           465.127       9.222
  79.4953           425.850       8.785
  79.5953           415.522       8.768
  79.6953           420.202       8.791
  79.7953           423.486       8.811
  79.8953           426.607       8.893
  79.9953           419.340       8.801
  80.0953           411.713       8.734
  80.1953           403.999       8.703
  80.2953           411.890       8.946
  80.3953           411.958       8.846
  80.4953           420.713       8.879
  80.5953           422.991       8.822
  80.6953           406.919       8.687
  80.7953           428.324       8.860
  80.8953           432.363       8.923
  80.9953           452.221       9.072
  81.0953           492.024       9.504
  81.1953           497.323       9.520
  81.2953           465.427       9.239
  81.3953           438.345       8.911
  81.4953           436.815       8.933
  81.5953           437.420       8.931
  81.6953           435.184       8.904
  81.7953           467.925       9.255
  81.8953           452.700       9.058
  81.9953           441.564       8.952
  82.0953           449.627       9.062
  82.1953           453.685       9.123
  82.2953           478.823       9.307
  82.3953           476.401       9.311
  82.4953           464.661       9.225
  82.5953           456.146       9.116
  82.6953           448.114       8.995
  82.7953           439.530       9.015
  82.8953           429.053       8.854
  82.9953           415.043       8.704
  83.0953           411.613       8.695
  83.1953           437.374       8.975
  83.2953           506.338       9.655
  83.3953           632.311      10.833
  83.4953           826.024      12.608
  83.5953           852.732      12.761
  83.6953           738.731      11.757
  83.7953           565.854      10.189
  83.8953           523.091       9.840
  83.9953           483.433       9.428
  84.0953           482.131       9.407
  84.1953           514.156       9.694
  84.2953           579.819      10.319
  84.3953           613.863      10.534
  84.4953           549.819      10.045
  84.5953           477.028       9.330
  84.6953           427.035       8.813
  84.7953           416.694       8.706
  84.8953           411.172       8.774
  84.9953           413.568       8.488
  85.0953           426.301       8.904
  85.1953           418.787       8.715
  85.2953           414.485       8.692
  85.3953           406.778       8.633
  85.4953           402.668       8.556
  85.5953           419.107       8.713
  85.6953           400.901       8.561
  85.7953           432.015       8.872
  85.8953           428.406       8.824
  85.9953           424.577       8.863
  86.0953           426.062       8.778
  86.1953           436.043       8.970
  86.2953           438.184       8.930
  86.3953           451.688       9.118
  86.4953           433.547       8.993
  86.5953           420.677       8.793
  86.6953           425.303       9.035
  86.7953           474.809       9.559
  86.8953           655.186      11.049
  86.9953          1149.455      14.540
  87.0953          2078.067      19.547
  87.1953          2919.206      23.143
  87.2953          3012.078      23.423
  87.3953          2407.547      21.002
  87.4953          1550.250      16.860
  87.5953           912.714      12.867
  87.6953           540.425       9.910
  87.7953           453.279       9.104
  87.8953           424.288       8.790
  87.9953           409.412       8.603
  88.0953           423.272       8.790
  88.1953           421.318       8.770
  88.2953           411.061       8.622
  88.3953           419.097       8.720
  88.4953           409.328       8.645
  88.5953           412.199       8.661
  88.6953           411.679       8.644
  88.7953           405.918       8.619
  88.8953           412.124       8.637
  88.9953           412.711       8.697
  89.0953           404.040       8.554
  89.1953           404.963       8.634
  89.2953           408.046       8.606
  89.3953           427.942       8.848
  89.4953           400.473       8.585
  89.5953           404.448       8.572
  89.6953           413.120       8.742
  89.7953           400.934       8.601
  89.8953           450.570       9.277
  89.9953           550.979      10.270
  90.0953           678.787      11.234
  90.1953           798.153      12.132
  90.2953           750.878      11.747
  90.3953           624.357      10.670
  90.4953           491.852       9.414
  90.5953           404.083       8.590
  90.6953           405.274       8.578
  90.7953           401.479       8.546
  90.8953           403.847       8.552
  90.9953           392.477       8.441
  91.0953           385.586       8.394
  91.1953           387.382       8.349
  91.2953           388.022       8.411
  91.3953           395.525       8.448
  91.4953           423.851       8.790
  91.5953           458.380       9.117
  91.6953           578.008      10.250
  91.7953           767.368      11.841
  91.8953           937.553      12.957
  91.9953           870.593      12.624
  92.0953           637.976      10.739
  92.1953           472.475       9.284
  92.2953           447.130       9.000
  92.3953           449.147       9.070
  92.4953           482.509       9.393
  92.5953           455.049       9.103
  92.6953           427.383       8.829
  92.7953           398.637       8.579
  92.8953           403.812       8.596
  92.9953           400.868       8.651
  93.0953           422.443       9.000
  93.1953           456.814       9.356
  93.2953           448.457       9.204
  93.3953           437.057       8.993
  93.4953           421.726       8.828
  93.5953           382.384       8.398
  93.6953           394.419       8.530
  93.7953           382.750       8.390
  93.8953           387.627       8.457
  93.9953           387.623       8.451
  94.0953           383.925       8.362
  94.1953           400.173       8.575
  94.2953           391.202       8.480
  94.3953           411.208       8.659
  94.4953           434.616       8.929
  94.5953           460.756       9.193
  94.6953           521.222       9.779
  94.7953           598.611      10.457
  94.8953           665.078      11.056
  94.9953           639.484      10.875
  95.0953           529.219       9.790
  95.1953           465.159       9.299
  95.2953           586.763      10.358
  95.3953           815.086      12.231
  95.4953           969.578      13.337
  95.5953           913.007      12.970
  95.6953           740.340      11.684
  95.7953           647.633      10.924
  95.8953           697.449      11.264
  95.9953           720.469      11.691
  96.0953           670.684      11.051
  96.1953           624.896      10.848
  96.2953           579.594      10.564
  96.3953           515.913       9.931
  96.4953           490.702       9.618
  96.5953           571.154      10.278
  96.6953           811.857      12.278
  96.7953          1203.494      14.966
  96.8953          1450.549      16.308
  96.9953          1245.353      15.169
  97.0953           858.785      12.601
  97.1953           660.692      10.966
  97.2953           686.883      11.256
  97.3953           690.592      11.276
  97.4953           679.933      11.183
  97.5953           699.865      11.318
  97.6953           688.470      11.244
  97.7953           601.300      10.502
  97.8953           486.133       9.431
  97.9953           431.431       8.879
  98.0953           416.863       8.749
  98.1953           445.877       9.066
  98.2953           492.597       9.456
  98.3953           546.838      10.048
  98.4953           610.710      10.623
  98.5953           635.076      10.742
  98.6953           578.361      10.293
  98.7953           523.155       9.836
  98.8953           527.896       9.873
  98.9953           546.855      10.014
  99.0953           572.078      10.298
  99.1953           534.103       9.899
  99.2953           470.453       9.381
  99.3953           455.700       9.216
  99.4953           448.670       9.325
  99.5953           412.332       8.880
  99.6953           411.636       8.782
  99.7953           387.835       8.425
  99.8953           403.542       8.609
  99.9953           394.390       8.510
 100.0953           390.861       8.449
 100.1953           408.137       8.627
 100.2953           431.527       8.892
 100.3953           499.845       9.518
 100.4953           521.526       9.750
 100.5953           480.762       9.352
 100.6953           450.349       9.052
 100.7953           396.709       8.479
 100.8953           389.457       8.417
 100.9953           395.642       8.470
 101.0953           405.771       8.589
 101.1953           410.712       8.624
 101.2953           398.183       8.513
 101.3953           372.774       8.231
 101.4953           370.137       8.199
 101.5953           392.408       8.475
 101.6953           380.047       8.307
 101.7953           368.001       8.168
 101.8953           374.724       8.282
 101.9953           385.950       8.384
 102.0953           382.477       8.360
 102.1953           373.038       8.237
 102.2953           384.926       8.408
 102.3953           387.107       8.423
 102.4953           375.408       8.263
 102.5953           372.589       8.331
 102.6953           429.130       9.047
 102.8953           698.771      11.460
 102.9953           876.669      12.719
 103.0953           863.020      12.619
 103.1953           679.946      11.206
 103.2953           501.760       9.579
 103.3953           435.038       8.944
 103.4953           428.217       8.856
 103.5953           413.346       8.660
 103.6953           395.492       8.498
 103.7953           399.367       8.546
 103.8953           421.402       8.768
 103.9953           419.980       8.755
 104.0953           413.529       8.681
 104.1953           393.411       8.496
 104.2953           393.930       8.460
 104.3953           386.816       8.403
 104.4953           408.157       8.626
 104.5953           416.306       8.722
 104.6953           406.745       8.604
 104.7953           370.910       8.238
 104.8953           365.394       8.173
 104.9953           381.490       8.369
 105.0953           369.302       8.178
 105.1953           363.651       8.201
 105.2953           403.692       8.585
 105.3953           407.705       8.663
 105.4953           418.548       8.771
 105.5953           430.935       8.897
 105.6953           445.489       9.017
 105.7953           507.107       9.738
 105.8953           608.746      10.914
 105.9953           631.303      10.751
 106.0953           666.086      11.285
 106.1953           655.125      10.961
 106.2953           687.847      11.297
 106.3953           761.143      11.776
 106.4953           744.909      11.685
 106.5953           594.582      10.420
 106.6953           517.005       9.734
 106.7953           520.671       9.714
 106.8953           596.435      10.261
 106.9953           659.820      11.391
 107.0953           688.282      10.986
 107.1953           600.276      10.421
 107.2953           512.325       9.696
 107.3953           445.520       8.973
 107.4953           389.085       8.417
 107.5953           377.955       8.283
 107.6953           399.918       8.534
 107.7953           469.607       9.263
 107.8953           581.496      10.281
 107.9953           674.709      11.113
 108.0953           657.021      10.925
 108.1953           550.214      10.045
 108.2953           426.555       8.812
 108.3953           386.098       8.413
 108.4953           370.737       8.214
 108.5953           403.287       8.600
 108.6953           414.239       8.727
 108.7953           457.876       9.170
 108.8953           528.230       9.807
 108.9953           637.273      10.950
 109.0953           723.086      11.738
 109.1953           750.174      11.969
 109.2953           792.017      12.195
 109.3953           732.610      11.601
 109.4953           639.540      10.865
 109.5953           535.208       9.975
 109.6953           472.582       9.270
 109.7953           433.497       8.937
 109.8953           417.898       8.727
 109.9953           414.222       8.704
 110.0953           404.249       8.574
 110.1953           480.298       9.355
 110.2953           577.008      10.255
 110.3953           644.369      10.824
 110.4953           605.513      10.474
 110.5953           509.222       9.684
 110.6953           415.739       8.674
 110.7953           376.587       8.283
 110.8953           393.268       8.456
 110.9953           463.127       9.200
 111.0953           536.217       9.863
 111.1953           617.863      10.604
 111.2953           632.676      10.737
 111.3953           513.736       9.695
 111.4953           428.372       8.812
 111.5953           403.217       8.618
 111.6953           379.411       8.297
 111.7953           385.413       8.445
 111.8953           389.782       8.396
 111.9953           373.691       8.348
 112.0953           386.865       8.398
 112.1953           358.338       8.197
 112.2953           355.624       8.241
 112.3953           345.366       8.111
 112.4953           369.047       8.267
 112.5953           384.719       8.373
 112.6953           436.352       8.942
 112.7953           555.447      10.043
 112.8953           699.969      11.269
 112.9953           793.322      11.977
 113.0953           752.161      11.727
 113.1953           568.594      10.141
 113.2953           442.957       8.936
 113.3953           375.553       8.272
 113.4953           369.416       8.177
 113.5953           354.755       8.034
 113.6953           358.404       8.026
 113.7953           343.742       7.882
 113.8953           372.481       8.209
 113.9953           398.657       8.471
 114.0953           451.251       9.009
 114.1953           451.135       9.114
 114.2953           484.963       9.319
 114.3953           440.524       8.933
 114.4953           387.346       8.379
 114.5953           375.939       8.235
 114.6953           351.972       8.024
 114.7953           363.814       8.049
 114.8953           370.659       8.278
 114.9953           337.494       7.809
 115.0953           351.989       8.023
 115.1953           361.857       8.118
 115.2953           363.188       8.179
 115.3953           367.300       8.215
 115.4953           397.828       8.729
 115.5953           477.190       9.491
 115.6953           569.485      10.276
 115.7953           646.997      10.854
 115.8953           635.982      10.779
 115.9953           582.844      10.334
 116.0953           483.793       9.368
 116.1953           426.808       8.819
 116.2953           418.538       8.729
 116.3953           413.019       8.654
 116.4953           407.264       8.651
 116.5953           399.653       8.425
 116.6953           405.786       8.603
 116.7953           384.548       8.334
 116.8953           368.376       8.174
 116.9953           349.138       7.962
 117.0953           337.099       7.793
 117.1953           348.609       7.960
 117.2953           354.990       8.012
 117.3953           363.913       8.123
 117.4953           363.817       8.121
 117.5953           343.700       7.883
 117.6953           343.174       7.888
 117.7953           344.876       7.912
 117.8953           327.369       7.678
 117.9953           327.551       7.794
 118.0953           347.785       7.828
 118.1953           339.713       7.930
 118.2953           350.537       7.977
 118.3953           349.088       7.992
 118.4953           378.510       8.305
 118.5953           393.837       8.542
 118.6953           447.470       9.180
 118.7953           454.916       9.356
 118.8953           471.091       9.275
 118.9953           467.023       9.270
 119.0953           446.344       8.979
 119.1953           448.036       9.048
 119.2953           518.035       9.693
 119.3953           664.808      10.977
 119.4953           756.041      11.699
 119.5953           862.444      12.518
 119.6953           759.875      11.668
 119.7953           656.924      10.928
 119.8953           515.065       9.643
 119.9953           435.540       8.852
 120.0953           366.273       8.100
 120.1953           328.041       7.842
 120.2953           341.663       7.579
 120.3953           331.093       7.852
 120.4953           318.952       7.579
 120.5953           333.392       7.791
 120.6953           311.321       7.436
 120.7953           319.633       7.615
 120.8953           318.127       7.557
 120.9953           315.111       7.548
 121.0953           311.579       7.482
 121.1953           296.137       7.328
 121.2953           322.280       7.647
 121.3953           306.941       7.444
 121.4953           324.078       7.662
 121.5953           321.564       7.720
 121.6953           322.954       7.547
 121.7953           344.440       8.107
 121.8953           372.781       8.329
 121.9953           425.115       8.986
 122.0953           440.319       9.028
 122.1953           449.016       9.038
 122.2953           478.822       9.380
 122.3953           504.435       9.584
 122.4953           506.307       9.643
 122.5953           489.437       9.433
 122.6953           460.872       9.195
 122.7953           398.568       8.499
 122.8953           345.537       7.904
 122.9953           328.535       7.763
 123.0953           334.801       7.795
 123.1953           353.624       7.992
 123.2953           366.881       8.175
 123.3953           379.795       8.296
 123.4953           406.497       8.577
 123.5953           391.321       8.420
 123.6953           362.668       8.138
 123.7953           336.507       7.815
 123.8953           331.643       7.748
 123.9953           336.050       7.805
 124.0953           324.791       7.687
 124.1953           325.629       7.694
 124.2953           364.888       8.147
 124.3953           377.781       8.301
 124.4953           389.969       8.454
 124.5953           383.414       8.343
 124.6953           381.352       8.386
 124.7953           349.108       7.908
 124.8953           336.549       7.876
 124.9953           329.351       7.820
 125.0953           339.285       7.979
 125.1953           335.918       7.989
 125.2953           321.761       7.731
 125.3953           325.944       7.785
 125.4953           333.265       7.759
 125.5953           364.089       8.133
 125.6953           422.145       8.753
 125.7953           446.571       8.962
 125.8953           497.877       9.492
 125.9953           514.896       9.633
 126.0953           467.777       9.146
 126.1953           419.780       8.702
 126.2953           370.883       8.179
 126.3953           335.702       7.744
 126.4953           311.946       7.528
 126.5953           317.425       7.539
 126.6953           313.814       7.508
 126.7953           335.254       7.753
 126.8953           348.650       7.920
 126.9953           362.896       8.106
 127.0953           407.477       8.528
 127.1953           426.147       8.739
 127.2953           464.473       9.146
 127.3953           435.572       8.904
 127.4953           449.721       8.964
 127.5953           399.705       8.499
 127.6953           349.480       7.928
 127.7953           342.986       7.898
 127.8953           329.366       7.704
 127.9953           313.092       7.565
 128.0953           313.487       7.504
 128.1953           305.196       7.523
 128.2953           309.799       7.641
 128.3953           310.901       7.668
 128.4953           290.380       7.319
 128.5953           301.807       7.421
 128.6953           308.615       7.492
 128.7953           293.605       7.315
 128.8953           323.247       7.638
 128.9953           322.309       7.659
 129.0953           348.407       7.970
 129.1953           401.209       8.488
 129.2953           439.009       8.895
 129.3953           468.724       9.232
 129.4953           508.980       9.569
 129.5953           479.852       9.304
 129.6953           455.885       9.076
 129.7953           398.113       8.501
 129.8953           368.881       8.145
 129.9953           348.676       7.943
 130.0953           335.834       7.764
 130.1953           339.700       7.841
 130.2953           327.031       7.683
 130.3953           321.628       7.613
 130.4953           316.428       7.568
 130.5953           326.514       7.683
 130.6953           331.316       7.730
 130.7953           315.784       7.575
 130.8953           339.539       7.848
 130.9953           336.277       7.804
 131.0953           353.178       8.012
 131.1953           369.326       8.211
 131.2953           387.659       8.376
 131.3953           407.594       8.684
 131.4953           407.628       8.761
 131.5953           377.615       8.486
 131.6953           383.186       8.402
 131.7953           360.684       8.102
 131.8953           354.751       8.009
 131.9953           334.127       7.815
 132.0953           331.152       7.722
 132.1953           318.954       7.627
 132.2953           316.907       7.578
 132.3953           307.098       7.422
 132.4953           313.312       7.531
 132.5953           325.390       7.638
 132.6953           311.555       7.523
 132.7953           320.490       7.573
 132.8953           312.738       7.502
 132.9953           325.080       7.652
 133.0953           322.001       7.607
 133.1953           337.866       7.671
 133.2953           335.652       8.017
 133.3953           331.181       7.612
 133.4953           340.933       7.822
 133.5953           350.269       7.940
 133.6953           349.723       7.932
 133.7953           344.325       7.887
 133.8953           371.682       8.138
 133.9953           363.170       8.121
 134.0953           368.597       8.159
 134.1953           368.779       8.135
 134.2953           354.922       8.029
 134.3953           363.451       8.123
 134.4953           363.764       8.114
 134.5953           355.030       8.092
 134.6953           339.762       8.042
 134.7953           342.359       8.001
 134.8953           309.379       7.557
 134.9953           306.502       7.432
 135.0953           320.939       7.603
 135.1953           304.450       7.426
 135.2953           307.993       7.452
 135.3953           301.133       7.360
 135.4953           301.658       7.386
 135.5953           299.705       7.316
 135.6953           298.165       7.327
 135.7953           302.730       7.351
 135.8953           299.445       7.352
 135.9953           310.214       7.458
 136.0953           347.686       7.896
 136.1953           371.440       8.182
 136.2953           451.217       8.974
 136.3953           533.918       9.792
 136.4953           644.808      10.772
 136.5953           750.769      11.633
 136.6953           790.249      11.868
 136.7953           825.736      12.184
 136.8953           795.369      11.965
 136.9953           740.685      11.488
 137.0953           639.524      10.732
 137.1953           512.433       9.626
 137.2953           440.986       8.906
 137.3953           403.705       8.513
 137.4953           394.470       8.433
 137.5953           430.400       8.820
 137.6953           479.399       9.320
 137.7953           528.567       9.819
 137.8953           536.904      10.059
 137.9953           541.578      10.093
 138.0953           529.275       9.864
 138.1953           531.453       9.762
 138.2953           495.336       9.492
 138.3953           445.674       8.944
 138.4953           412.497       8.609
 138.5953           381.879       8.278
 138.6953           355.275       7.974
 138.7953           349.207       7.884
 138.8953           328.129       7.641
 138.9953           327.559       7.659
 139.0953           307.403       7.399
 139.1953           306.898       7.364
 139.2953           290.369       7.228
 139.3953           295.116       7.219
 139.4953           291.689       7.231
 139.5953           292.151       7.166
 139.6953           297.888       7.307
 139.7953           318.010       7.548
 139.8953           311.402       7.427
 139.9953           318.332       7.530
 140.0953           356.936       7.973
 140.1953           389.740       8.365
 140.2953           407.983       8.503
 140.3953           441.387       8.914
 140.4953           475.128       9.221
 140.5953           484.080       9.316
 140.6953           489.251       9.398
 140.7953           472.606       9.212
 140.8953           444.584       8.951
 140.9953           430.168       8.896
 141.0953           449.760       9.177
 141.1953           444.268       9.128
 141.2953           472.592       9.270
 141.3953           524.903       9.684
 141.4953           508.471       9.570
 141.5953           535.118       9.768
 141.6953           529.818       9.751
 141.7953           512.210       9.590
 141.8953           476.285       9.204
 141.9953           473.099       9.142
 142.0953           429.468       8.756
 142.1953           419.016       8.655
 142.2953           438.547       8.838
 142.3953           488.607       9.275
 142.4953           499.604       9.457
 142.5953           567.000      10.048
 142.6953           581.714      10.156
 142.7953           593.344      10.248
 142.8953           600.060      10.334
 142.9953           602.608      10.356
 143.0953           571.621      10.045
 143.1953           535.329       9.767
 143.2953           515.672       9.572
 143.3953           512.801       9.551
 143.4953           485.539       9.276
 143.5953           471.180       9.156
 143.6953           487.968       9.381
 143.7953           488.188       9.439
 143.8953           486.489       9.001
 143.9953           486.740       9.504
 144.0953           482.367       9.264
 144.1953           464.807       9.224
 144.2953           414.265       8.753
 144.3953           393.990       8.610
 144.4953           370.068       8.232
 144.5953           342.532       7.848
 144.6953           324.943       7.627
 144.7953           331.783       7.718
 144.8953           299.046       7.302
 144.9953           311.372       7.458
 145.0953           291.026       7.197
 145.1953           299.147       7.318
 145.2953           293.796       7.202
 145.3953           300.439       7.321
 145.4953           288.823       7.171
 145.5953           278.220       6.493
 145.6953           356.271       9.693
 145.7953           290.069       6.651
 145.8953           296.674       7.251
 145.9953           317.924       7.502
 146.0953           320.815       7.551
 146.1953           342.384       7.810
 146.2953           351.070       7.902
 146.3953           361.287       7.952
 146.4953           366.302       8.118
 146.5953           365.477       8.050
 146.6953           368.816       8.091
 146.7953           387.679       8.342
 146.8953           392.989       8.371
 146.9953           385.702       8.307
 147.0953           401.275       8.473
 147.1953           407.881       8.544
 147.2953           369.221       8.133
 147.3953           400.704       8.529
 147.4953           387.011       8.523
 147.5953           372.045       8.319
 147.6953           373.596       8.272
 147.7953           346.277       7.868
 147.8953           329.015       7.712
 147.9953           319.260       7.531
 148.0953           303.657       7.393
 148.1953           306.693       7.369
 148.2953           302.366       7.384
 148.3953           296.659       7.259
 148.4953           293.595       7.328
 148.5953           285.312       6.906
 148.6953           276.713       7.149
 148.7953           290.062       7.382
 148.8953           287.065       6.764
 148.9953           299.076       7.305
 149.0953           287.586       7.288
 149.1953           295.322       7.086
 149.2953           322.879       7.505
 149.3953           325.661       7.582
 149.4953           308.368       7.305
 149.5953           327.491       7.490
 149.6953           333.384       7.834
 149.7953           338.051       7.733
 149.8953           324.090       7.335
 149.9953           337.480       8.135
 150.0953           331.523       7.187
 150.1953           325.808       8.390
 150.2953           304.762       6.997
 150.3953           309.853       7.491
 150.4953           295.847       7.274
 150.5953           290.270       7.241
 150.6953           276.426       6.505
 150.7953             0.000       0.000
 150.8953             0.000       0.000
