XYDATA  Co2SiO4 8mmV 1.87A HiRes FullBeam 500K CF ROC 
INTER        1       1       0     0.100000
TEMP       142.053      148.468      148.502
! d20 23-Apr-08 09:22:09 User Sazono   L.C.Hansen  Run 594842*d20_2008_04_5880
! d20 23-Apr-08 09:22:09 User Sazono   L.C.Hansen  Run 594842*d20_2008_04_5880
! Monitor/counts, Counting time/sec:       100000.      62.5111
   0.0953          4150.292      28.155
   0.1953          4317.699      29.186
   0.2953          4260.859      29.257
   0.3953          4160.998      28.727
   0.4953          3874.396      27.517
   0.5953          3452.055      25.765
   0.6953          3062.933      24.202
   0.7953          2648.684      22.565
   0.8953          2297.203      20.946
   0.9953          1923.784      19.217
   1.0953          1636.927      17.671
   1.1953          1305.738      15.751
   1.2953          1034.402      14.045
   1.3953           773.031      12.131
   1.4953           546.182      10.190
   1.5953           434.840       9.069
   1.6953           376.967       8.489
   1.7953           345.704       8.124
   1.8953           331.154       7.921
   1.9953           308.518       7.649
   2.0953           310.987       7.700
   2.1953           300.638       7.566
   2.2953           291.188       7.423
   2.3953           277.222       7.255
   2.4953           268.427       7.169
   2.5953           263.799       7.035
   2.6953           260.799       7.088
   2.7953           269.766       7.154
   2.8953           267.920       7.158
   2.9953           240.264       6.771
   3.0953           252.268       6.951
   3.1953           243.320       6.822
   3.2953           225.521       6.560
   3.3953           238.565       6.808
   3.4953           242.027       6.952
   3.5953           240.250       6.924
   3.6953           244.324       6.899
   3.7953           252.813       6.974
   3.8953           259.573       7.049
   3.9953           265.251       7.130
   4.0953           313.369       7.708
   4.1953           357.852       8.311
   4.2953           394.999       8.653
   4.3953           421.365       8.939
   4.4953           481.833       9.555
   4.5953           515.183       9.933
   4.6953           585.079      10.498
   4.7953           646.618      11.073
   4.8953           657.133      11.168
   4.9953           684.668      11.432
   5.0953           687.715      11.403
   5.1953           676.792      11.310
   5.2953           687.952      11.458
   5.3953           691.240      11.449
   5.4953           707.146      11.555
   5.5953           676.398      11.338
   5.6953           699.861      11.546
   5.7953           694.501      11.510
   5.8953           688.447      11.386
   5.9953           698.555      11.577
   6.0953           692.888      11.499
   6.1953           685.187      11.466
   6.2953           702.132      11.574
   6.3953           675.121      11.345
   6.4953           685.225      11.497
   6.5953           679.732      11.421
   6.6953           651.461      11.392
   6.7953           643.777      11.335
   6.8953           642.627      11.178
   6.9953           642.419      11.056
   7.0953           638.856      11.038
   7.1953           627.968      10.977
   7.2953           628.392      10.901
   7.3953           613.443      10.841
   7.4953           613.235      10.795
   7.5953           616.235      10.796
   7.6953           610.114      10.749
   7.7953           611.729      10.770
   7.8953           635.093      10.960
   7.9953           599.593      10.603
   8.0953           612.402      10.802
   8.1953           590.154      10.557
   8.2953           612.023      10.746
   8.3953           611.712      10.752
   8.4953           595.778      10.624
   8.5953           598.805      10.622
   8.6953           575.278      10.412
   8.7953           575.022      10.409
   8.8953           582.854      10.494
   8.9953           573.548      10.409
   9.0953           587.624      10.525
   9.1953           589.018      10.581
   9.2953           566.641      10.377
   9.3953           573.320      10.383
   9.4953           577.626      10.499
   9.5953           564.564      10.347
   9.6953           557.262      10.300
   9.7953           572.305      10.537
   9.8953           566.857      10.618
   9.9953           546.526      10.412
  10.0953           567.440      10.449
  10.1953           568.015      10.381
  10.2953           545.596      10.190
  10.3953           561.300      10.306
  10.4953           565.655      10.338
  10.5953           549.541      10.170
  10.6953           556.060      10.268
  10.7953           545.472      10.091
  10.8953           528.007       9.946
  10.9953           555.403      10.198
  11.0953           541.731       9.994
  11.1953           543.451      10.067
  11.2953           523.636      10.471
  11.3953           539.443       9.854
  11.4953           539.360      10.000
  11.5953           520.539       9.843
  11.6953           519.096       9.895
  11.7953           527.815       9.943
  11.8953           530.670       9.984
  11.9953           514.887       9.829
  12.0953           523.336       9.940
  12.1953           520.176       9.883
  12.2953           515.857       9.819
  12.3953           501.357       9.769
  12.4953           512.611       9.838
  12.5953           514.206       9.840
  12.6953           527.575       9.983
  12.7953           513.382       9.911
  12.8953           509.493       9.762
  12.9953           517.888       9.958
  13.0953           502.970      10.118
  13.1953           521.237       9.843
  13.2953           504.753      10.025
  13.3953           516.527       9.895
  13.4953           516.493       9.923
  13.5953           511.894       9.806
  13.6953           535.680      10.100
  13.7953           515.363       9.828
  13.8953           518.635       9.937
  13.9953           518.491       9.823
  14.0953           508.463       9.846
  14.1953           516.137       9.737
  14.2953           514.479       9.899
  14.3953           522.819       9.880
  14.4953           512.192       9.805
  14.5953           509.668       9.851
  14.6953           505.416       9.711
  14.7953           516.525       9.827
  14.8953           476.251       9.444
  14.9953           490.789       9.634
  15.0953           519.910      10.035
  15.1953           497.378       9.361
  15.2953           505.355       9.926
  15.3953           515.176       9.833
  15.4953           494.387       9.620
  15.5953           509.935       9.808
  15.6953           519.193       9.926
  15.7953           505.009       9.724
  15.8953           506.826       9.844
  15.9953           508.415       9.799
  16.0953           491.225       9.690
  16.1953           510.942       9.879
  16.2953           499.021       9.921
  16.3953           497.093       9.946
  16.4953           490.386       9.715
  16.5953           490.439       9.628
  16.6953           481.339       9.587
  16.7953           490.330       9.640
  16.8953           494.842       9.693
  16.9953           477.948       9.493
  17.0953           487.808       9.613
  17.1953           507.371       9.790
  17.2953           487.605       9.568
  17.3953           490.556       9.632
  17.4953           493.191       9.648
  17.5953           484.085       9.496
  17.6953           487.016       9.603
  17.7953           481.876       9.531
  17.8953           497.140       9.641
  17.9953           494.295       9.626
  18.0953           475.267       9.471
  18.1953           492.322       9.620
  18.2953           478.462       9.488
  18.3953           474.841       9.431
  18.4953           498.245       9.710
  18.5953           497.297       9.640
  18.6953           487.892       9.574
  18.7953           487.724       9.606
  18.8953           498.213       9.700
  18.9953           492.810       9.617
  19.0953           478.049       9.521
  19.1953           506.053       9.794
  19.2953           487.161       9.623
  19.3953           490.441       9.654
  19.4953           474.918       9.725
  19.5953           462.723       9.517
  19.6953           463.655       9.394
  19.7953           474.066       9.489
  19.8953           494.952       9.673
  19.9953           480.796       9.523
  20.0953           498.286       9.685
  20.1953           488.203       9.425
  20.2953           487.571       9.946
  20.3953           485.481       9.481
  20.4953           494.043       9.395
  20.5953           496.325       9.785
  20.6953           509.695       9.737
  20.7953           493.140       9.609
  20.8953           501.978       9.688
  20.9953           530.703      10.008
  21.0953           537.231      10.002
  21.1953           552.346      10.173
  21.2953           534.320       9.993
  21.3953           511.758       9.803
  21.4953           533.633      10.003
  21.5953           491.672       9.587
  21.6953           476.160       9.489
  21.7953           485.603       9.496
  21.8953           511.400       9.816
  21.9953           511.192       9.780
  22.0953           502.578       9.726
  22.1953           512.275       9.851
  22.2953           499.663       9.699
  22.3953           490.234       9.644
  22.4953           499.646       9.735
  22.5953           471.213       9.477
  22.6953           480.488       9.743
  22.7953           481.533       9.726
  22.8953           448.742       9.241
  22.9953           467.600       9.363
  23.0953           464.700       9.364
  23.1953           451.834       9.227
  23.2953           461.001       9.280
  23.3953           459.471       9.281
  23.4953           443.074       9.146
  23.5953           468.582       9.299
  23.6953           462.387       9.294
  23.7953           467.572       9.338
  23.8953           445.366       9.112
  23.9953           453.775       9.170
  24.0953           455.697       9.229
  24.1953           470.270       9.372
  24.2953           465.868       9.277
  24.3953           466.534       9.325
  24.4953           462.862       9.263
  24.5953           460.177       9.305
  24.6953           479.217       9.409
  24.7953           489.243       9.513
  24.8953           499.243       9.678
  24.9953           531.624       9.925
  25.0953           533.975       9.969
  25.1953           543.732      10.074
  25.2953           530.221       9.960
  25.3953           486.046       9.527
  25.4953           468.372       9.369
  25.5953           463.334       9.327
  25.6953           445.392       9.130
  25.7953           450.839       9.278
  25.8953           443.101       9.296
  25.9953           449.052       9.378
  26.0953           470.100       9.430
  26.1953           450.084       9.187
  26.2953           466.335       9.327
  26.3953           473.735       9.452
  26.4953           472.627       9.372
  26.5953           490.883       9.543
  26.6953           473.509       9.421
  26.7953           485.080       9.500
  26.8953           511.185       9.760
  26.9953           517.780       9.780
  27.0953           498.907       9.659
  27.1953           514.498       9.765
  27.2953           486.419       9.512
  27.3953           537.412      10.005
  27.4953           552.277      10.125
  27.5953           622.237      10.744
  27.6953           699.698      11.441
  27.7953           809.243      12.247
  27.8953           890.801      12.897
  27.9953           908.551      12.931
  28.0953           835.050      12.508
  28.1953           672.490      11.204
  28.2953           588.782      10.436
  28.3953           474.178       9.431
  28.4953           461.154       9.258
  28.5953           465.500       9.325
  28.6953           467.224       9.371
  28.7953           504.243       9.742
  28.8953           532.552      10.021
  28.9953           516.424       9.850
  29.0953           558.552      10.430
  29.1953           591.110      10.707
  29.2953           581.881      10.562
  29.3953           546.815      10.152
  29.4953           515.018       9.850
  29.5953           467.436       9.347
  29.6953           467.559       9.336
  29.7953           451.759       9.212
  29.8953           454.810       9.245
  29.9953           436.272       9.007
  30.0953           448.383       9.160
  30.1953           459.933       9.273
  30.2953           440.990       9.081
  30.3953           456.630       9.203
  30.4953           447.375       9.166
  30.5953           473.133       9.410
  30.6953           456.791       9.230
  30.7953           465.055       9.297
  30.8953           490.240       9.563
  30.9953           496.962       9.663
  31.0953           519.171       9.815
  31.1953           524.220       9.891
  31.2953           515.292       9.837
  31.3953           502.271       9.675
  31.4953           481.516       9.487
  31.5953           462.981       9.304
  31.6953           438.657       9.097
  31.7953           426.918       8.931
  31.8953           437.593       9.079
  31.9953           440.089       9.074
  32.0953           420.981       8.915
  32.1953           419.607       8.944
  32.2953           421.740       9.093
  32.3953           440.343       9.242
  32.4953           425.728       8.973
  32.5953           437.533       9.049
  32.6953           401.150       8.668
  32.7953           430.366       8.943
  32.8953           425.173       8.928
  32.9953           432.882       8.945
  33.0953           425.204       8.934
  33.1953           434.490       8.957
  33.2953           412.458       8.772
  33.3953           428.141       8.885
  33.4953           438.621       9.025
  33.5953           425.995       8.865
  33.6953           413.962       8.745
  33.7953           419.411       8.858
  33.8953           420.887       8.793
  33.9953           418.766       8.797
  34.0953           438.098       9.014
  34.1953           434.986       8.983
  34.2953           450.763       9.157
  34.3953           432.376       8.865
  34.4953           434.203       9.040
  34.5953           442.126       9.001
  34.6953           426.055       8.931
  34.7953           446.216       9.105
  34.8953           445.427       9.090
  34.9953           437.923       9.007
  35.0953           454.421       9.228
  35.1953           440.361       9.061
  35.2953           443.478       9.125
  35.3953           451.054       9.277
  35.4953           444.250       9.283
  35.5953           440.882       9.256
  35.6953           449.378       9.242
  35.7953           450.583       9.165
  35.8953           466.154       9.347
  35.9953           475.341       9.391
  36.0953           472.909       9.395
  36.1953           516.696       9.789
  36.2953           501.648       9.699
  36.3953           533.804       9.942
  36.4953           554.650      10.176
  36.5953           544.430      10.007
  36.6953           513.829       9.781
  36.7953           498.411       9.583
  36.8953           476.715       9.409
  36.9953           458.965       9.231
  37.0953           437.414       8.995
  37.1953           443.884       9.034
  37.2953           421.103       8.858
  37.3953           445.410       9.071
  37.4953           431.062       8.913
  37.5953           443.248       9.080
  37.6953           461.003       9.239
  37.7953           443.355       9.080
  37.8953           445.606       9.068
  37.9953           451.126       9.157
  38.0953           449.266       9.144
  38.1953           436.053       9.018
  38.2953           456.143       9.191
  38.3953           449.702       9.181
  38.4953           460.893       9.242
  38.5953           451.694       9.269
  38.6953           452.169       9.376
  38.7953           429.053       9.143
  38.8953           453.630       9.262
  38.9953           477.604       9.490
  39.0953           495.268       9.630
  39.1953           563.848      10.230
  39.2953           613.119      10.696
  39.3953           664.059      11.099
  39.4953           662.841      11.126
  39.5953           589.659      10.440
  39.6953           523.508       9.863
  39.7953           486.468       9.482
  39.8953           461.643       9.266
  39.9953           451.926       9.125
  40.0953           462.720       9.258
  40.1953           450.808       9.177
  40.2953           456.922       9.179
  40.3953           451.198       9.129
  40.4953           457.508       9.232
  40.5953           470.436       9.342
  40.6953           454.551       9.170
  40.7953           444.874       9.096
  40.8953           467.343       9.330
  40.9953           454.549       9.180
  41.0953           438.054       8.992
  41.1953           444.395       9.128
  41.2953           450.127       9.148
  41.3953           458.643       9.238
  41.4953           480.422       9.501
  41.5953           465.773       9.323
  41.6953           461.749       9.287
  41.7953           453.857       9.315
  41.8953           464.530       9.669
  41.9953           481.113       9.394
  42.0953           511.604      10.016
  42.1953           539.726      10.040
  42.2953           664.401      11.234
  42.3953           772.847      12.004
  42.4953           896.145      12.979
  42.5953           953.107      13.256
  42.6953           891.761      12.976
  42.7953           793.675      12.153
  42.8953           675.425      11.175
  42.9953           599.557      10.610
  43.0953           529.555       9.899
  43.1953           513.358       9.749
  43.2953           498.285       9.658
  43.3953           542.718      10.009
  43.4953           602.953      10.594
  43.5953           645.212      10.945
  43.6953           639.572      10.865
  43.7953           594.751      10.511
  43.8953           531.579       9.954
  43.9953           489.133       9.500
  44.0953           455.702       9.192
  44.1953           467.379       9.368
  44.2953           481.204       9.434
  44.3953           522.040       9.890
  44.4953           567.325      10.276
  44.5953           652.694      10.978
  44.6953           751.228      11.902
  44.7953           783.002      12.111
  44.8953           737.854      11.764
  44.9953           618.671      10.839
  45.0953           522.465      10.109
  45.1953           488.887       9.731
  45.2953           483.531       9.534
  45.3953           468.230       9.344
  45.4953           446.634       9.096
  45.5953           453.706       9.194
  45.6953           446.066       9.083
  45.7953           481.822       9.431
  45.8953           525.129       9.878
  45.9953           603.627      10.537
  46.0953           749.311      11.734
  46.1953           886.438      12.785
  46.2953           921.629      13.044
  46.3953           858.100      12.549
  46.4953           690.016      11.278
  46.5953           538.696       9.959
  46.6953           456.982       9.167
  46.7953           466.592       9.282
  46.8953           437.704       8.968
  46.9953           439.095       8.963
  47.0953           461.434       9.231
  47.1953           488.204       9.482
  47.2953           509.052       9.691
  47.3953           570.770      10.246
  47.4953           625.478      10.751
  47.5953           632.481      10.770
  47.6953           606.812      10.612
  47.7953           548.599      10.060
  47.8953           518.521       9.806
  47.9953           471.989       9.382
  48.0953           503.855       9.642
  48.1953           594.693      10.633
  48.2953           840.244      12.750
  48.3953          1200.604      15.291
  48.4953          1889.996      18.817
  48.5953          2829.861      22.993
  48.6953          3440.761      25.270
  48.7953          3576.556      25.852
  48.8953          3213.508      24.349
  48.9953          2543.543      21.699
  49.0953          1809.568      18.388
  49.1953          1161.593      14.606
  49.2953           738.958      11.677
  49.3953           537.675       9.972
  49.4953           488.533       9.494
  49.5953           473.612       9.344
  49.6953           466.327       9.247
  49.7953           451.323       9.171
  49.8953           458.793       9.154
  49.9953           462.584       9.219
  50.0953           479.010       9.425
  50.1953           459.481       9.210
  50.2953           459.164       9.200
  50.3953           479.457       9.407
  50.4953           463.012       9.242
  50.5953           473.166       9.370
  50.6953           464.492       9.249
  50.7953           479.025       9.429
  50.8953           528.145       9.891
  50.9953           614.967      10.683
  51.0953           724.289      11.607
  51.1953           842.168      12.521
  51.2953           817.858      12.348
  51.3953           726.090      11.628
  51.4953           599.980      10.828
  51.5953           496.542       9.787
  51.6953           460.507       9.321
  51.7953           444.985       9.098
  51.8953           473.679       9.364
  51.9953           495.535       9.554
  52.0953           487.220       9.508
  52.1953           501.230       9.632
  52.2953           501.356       9.573
  52.3953           513.376       9.740
  52.4953           505.332       9.624
  52.5953           526.463       9.820
  52.6953           486.950       9.459
  52.7953           475.103       9.328
  52.8953           452.735       9.137
  52.9953           454.762       9.104
  53.0953           455.208       9.156
  53.1953           424.936       8.815
  53.2953           432.804       8.913
  53.3953           445.956       9.049
  53.4953           453.336       9.136
  53.5953           445.650       9.016
  53.6953           448.213       9.087
  53.7953           437.862       8.979
  53.8953           438.474       8.939
  53.9953           433.810       8.960
  54.0953           431.154       8.919
  54.1953           442.996       9.026
  54.2953           450.062       9.115
  54.3953           481.734       9.466
  54.4953           495.490       9.568
  54.5953           550.208      10.156
  54.6953           606.140      10.822
  54.7953           578.313      10.596
  54.8953           567.647      10.290
  54.9953           501.342       9.673
  55.0953           482.238       9.428
  55.1953           475.561       9.392
  55.2953           458.993       9.173
  55.3953           488.665       9.498
  55.4953           477.732       9.385
  55.5953           461.454       9.183
  55.6953           469.303       9.319
  55.7953           465.563       9.258
  55.8953           456.441       9.149
  55.9953           469.898       9.280
  56.0953           443.132       9.015
  56.1953           434.369       8.936
  56.2953           434.939       8.934
  56.3953           453.062       9.094
  56.4953           438.492       9.001
  56.5953           425.421       8.851
  56.6953           452.704       9.103
  56.7953           460.920       9.198
  56.8953           443.637       9.046
  56.9953           443.968       8.999
  57.0953           473.819       9.354
  57.1953           470.955       9.306
  57.2953           436.473       8.994
  57.3953           439.785       9.026
  57.4953           447.212       9.039
  57.5953           459.182       9.262
  57.6953           429.864       8.934
  57.7953           432.566       8.986
  57.8953           442.320       9.308
  57.9953           438.121       9.143
  58.0953           428.350       8.967
  58.1953           434.097       8.978
  58.2953           427.763       8.885
  58.3953           428.667       8.931
  58.4953           428.463       8.855
  58.5953           418.161       8.796
  58.6953           417.520       8.744
  58.7953           422.908       8.812
  58.8953           439.310       8.984
  58.9953           428.937       8.919
  59.0953           428.921       8.746
  59.1953           436.591       8.999
  59.2953           440.350       8.996
  59.3953           451.776       9.096
  59.4953           466.991       9.235
  59.5953           458.766       9.157
  59.6953           435.840       8.934
  59.7953           442.229       9.053
  59.8953           448.102       8.989
  59.9953           428.178       8.888
  60.0953           442.810       9.035
  60.1953           429.111       8.850
  60.2953           437.329       8.929
  60.3953           445.859       9.077
  60.4953           433.983       8.903
  60.5953           434.212       8.929
  60.6953           438.835       8.995
  60.7953           441.185       9.021
  60.8953           471.830       9.368
  60.9953           497.351       9.660
  61.0953           532.391      10.097
  61.1953           537.999      10.182
  61.2953           497.796       9.605
  61.3953           468.891       9.285
  61.4953           459.422       9.156
  61.5953           445.832       9.050
  61.6953           439.396       8.952
  61.7953           426.310       8.819
  61.8953           441.851       9.014
  61.9953           441.446       8.946
  62.0953           448.164       8.998
  62.1953           454.623       9.149
  62.2953           462.521       9.138
  62.3953           453.588       9.074
  62.4953           458.496       9.112
  62.5953           472.539       9.319
  62.6953           477.567       9.275
  62.7953           459.715       9.138
  62.8953           445.612       8.990
  62.9953           437.485       8.912
  63.0953           429.224       8.811
  63.1953           428.961       8.808
  63.2953           439.157       8.994
  63.3953           445.376       8.958
  63.4953           430.050       8.819
  63.5953           422.840       8.800
  63.6953           424.700       8.806
  63.7953           439.233       8.908
  63.8953           451.931       9.110
  63.9953           477.664       9.323
  64.0953           545.400      10.003
  64.1953           760.346      11.853
  64.2953          1211.828      14.975
  64.3953          1867.607      19.308
  64.4953          2248.245      20.156
  64.5953          2310.749      20.780
  64.6953           881.754      12.165
  64.7953          1060.150      13.421
  64.8953           705.844      12.480
  64.9953           601.011      12.167
  65.0953           532.979      10.085
  65.1953           588.518       9.552
  65.2953           713.592      11.304
  65.3953           728.486      11.477
  65.4953           650.271      10.892
  65.5953           528.247       9.751
  65.6953           463.327       9.224
  65.7953           469.067       9.240
  65.8953           434.862       8.880
  65.9953           437.021       8.924
  66.0953           441.880       9.001
  66.1953           433.706       8.881
  66.2953           429.139       8.839
  66.3953           429.088       8.835
  66.4953           436.206       8.987
  66.5953           439.111       8.906
  66.6953           447.589       9.054
  66.7953           443.712       9.040
  66.8953           424.073       8.837
  66.9953           433.100       8.883
  67.0953           420.094       8.806
  67.1953           428.570       8.865
  67.2953           439.672       9.037
  67.3953           457.181       9.220
  67.4953           484.845       9.664
  67.5953           570.185      10.434
  67.6953           656.985      11.019
  67.7953           671.359      11.102
  67.8953           605.450      10.522
  67.9953           514.929       9.700
  68.0953           450.141       9.023
  68.1953           430.134       8.834
  68.2953           435.171       8.916
  68.3953           445.209       8.954
  68.4953           432.025       8.843
  68.5953           420.105       8.711
  68.6953           436.213       8.882
  68.7953           432.011       8.826
  68.8953           489.675       9.368
  68.9953           586.420      10.331
  69.0953           727.482      11.381
  69.1953           838.984      12.311
  69.2953           804.376      12.069
  69.3953           653.581      10.896
  69.4953           528.982       9.711
  69.5953           468.606       9.211
  69.6953           464.565       9.159
  69.7953           437.053       8.884
  69.8953           429.759       8.785
  69.9953           427.913       8.822
  70.0953           430.502       8.856
  70.1953           464.255       9.156
  70.2953           522.426       9.769
  70.3953           526.513       9.799
  70.4953           534.179       9.842
  70.5953           516.491       9.778
  70.6953           503.495       9.786
  70.7953           515.461       9.864
  70.8953           534.436       9.912
  70.9953           510.523       9.648
  71.0953           485.855       9.436
  71.1953           459.631       9.107
  71.2953           434.880       8.888
  71.3953           441.303       8.936
  71.4953           427.939       8.798
  71.5953           433.424       8.849
  71.6953           441.320       8.911
  71.7953           428.975       8.789
  71.8953           419.644       8.720
  71.9953           418.738       8.684
  72.0953           419.824       8.724
  72.1953           411.409       8.603
  72.2953           422.561       8.722
  72.3953           432.623       8.816
  72.4953           472.759       9.226
  72.5953           534.057       9.870
  72.6953           620.322      10.515
  72.7953           717.396      11.329
  72.8953           710.968      11.301
  72.9953           599.718      10.309
  73.0953           562.269      10.053
  73.1953           475.397       9.105
  73.2953           436.682       8.653
  73.3953           417.711       7.489
  73.4953           427.176      16.717
  73.5953           466.580       8.802
  73.6953           548.017       9.255
  73.7953           616.433       9.714
  73.8953           593.477      14.051
  73.9953           549.128       9.671
  74.0953           454.741       9.113
  74.1953           434.690       8.869
  74.2953           431.175       8.844
  74.3953           421.854       8.764
  74.4953           407.042       8.562
  74.5953           412.538       8.699
  74.6953           427.707       8.814
  74.7953           421.225       8.751
  74.8953           441.035       8.903
  74.9953           422.976       8.785
  75.0953           427.221       8.813
  75.1953           419.723       8.703
  75.2953           415.218       8.675
  75.3953           425.834       8.807
  75.4953           417.646       8.678
  75.5953           414.777       8.658
  75.6953           431.047       8.845
  75.7953           427.217       8.794
  75.8953           463.728       9.167
  75.9953           483.887       9.379
  76.0953           531.250       9.798
  76.1953           580.956      10.297
  76.2953           646.598      10.778
  76.3953           732.141      11.572
  76.4953           836.315      12.313
  76.5953           880.203      12.634
  76.6953           783.548      11.982
  76.7953           655.355      10.947
  76.8953           558.810      10.122
  76.9953           667.496      11.123
  77.0953           965.124      13.578
  77.1953          1569.675      17.337
  77.2953          2002.206      19.308
  77.3953          1927.722      18.839
  77.4953          1324.233      15.581
  77.5953           938.472      13.183
  77.6953          1091.528      14.052
  77.7953          1711.698      17.695
  77.8953          2408.449      21.021
  77.9953          2346.543      20.686
  78.0953          1580.186      16.938
  78.1953           847.029      12.463
  78.2953           533.491       9.854
  78.3953           436.253       8.914
  78.4953           428.136       8.832
  78.5953           419.811       8.761
  78.6953           448.852       9.042
  78.7953           434.248       8.894
  78.8953           460.201       9.187
  78.9953           492.653       9.486
  79.0953           554.438      10.062
  79.1953           598.172      10.433
  79.2953           520.570       9.777
  79.3953           465.369       9.207
  79.4953           428.932       8.800
  79.5953           423.351       8.833
  79.6953           433.089       8.907
  79.7953           412.929       8.684
  79.8953           408.176       8.683
  79.9953           424.563       8.839
  80.0953           416.986       8.773
  80.1953           424.516       8.904
  80.2953           389.997       8.688
  80.3953           416.454       8.877
  80.4953           411.648       8.766
  80.5953           417.537       8.748
  80.6953           420.905       8.819
  80.7953           412.636       8.680
  80.8953           434.579       8.929
  80.9953           466.649       9.198
  81.0953           481.743       9.387
  81.1953           489.627       9.428
  81.2953           462.384       9.191
  81.3953           443.363       8.945
  81.4953           433.521       8.883
  81.5953           425.950       8.796
  81.6953           440.252       8.938
  81.7953           453.381       9.093
  81.8953           450.443       9.018
  81.9953           443.508       8.955
  82.0953           440.461       8.952
  82.1953           479.573       9.362
  82.2953           466.372       9.167
  82.3953           487.835       9.404
  82.4953           464.361       9.205
  82.5953           460.953       9.146
  82.6953           457.212       9.068
  82.7953           449.105       9.096
  82.8953           422.328       8.768
  82.9953           423.475       8.775
  83.0953           411.151       8.674
  83.1953           425.989       8.840
  83.2953           501.483       9.591
  83.3953           659.876      11.046
  83.4953           821.360      12.549
  83.5953           850.452      12.720
  83.6953           741.712      11.758
  83.7953           563.709      10.151
  83.8953           491.041       9.516
  83.9953           474.821       9.326
  84.0953           449.576       9.066
  84.1953           499.639       9.538
  84.2953           573.595      10.244
  84.3953           622.344      10.586
  84.4953           566.938      10.181
  84.5953           478.312       9.325
  84.6953           434.843       8.876
  84.7953           411.671       8.637
  84.8953           411.667       8.763
  84.9953           434.572       8.684
  85.0953           425.613       8.880
  85.1953           436.542       8.881
  85.2953           418.365       8.716
  85.3953           404.871       8.597
  85.4953           395.887       8.467
  85.5953           404.341       8.541
  85.6953           408.310       8.623
  85.7953           417.848       8.709
  85.8953           415.189       8.670
  85.9953           416.146       8.758
  86.0953           411.651       8.612
  86.1953           435.678       8.949
  86.2953           437.068       8.901
  86.3953           436.585       8.947
  86.4953           439.527       9.038
  86.5953           409.375       8.657
  86.6953           425.030       9.015
  86.7953           468.982       9.483
  86.8953           633.948      10.848
  86.9953          1122.926      14.344
  87.0953          2028.059      19.274
  87.1953          2928.433      23.135
  87.2953          2944.592      23.115
  87.3953          2359.910      20.754
  87.4953          1592.055      17.053
  87.5953           911.243      12.832
  87.6953           568.257      10.143
  87.7953           454.477       9.099
  87.8953           420.502       8.734
  87.9953           408.221       8.574
  88.0953           421.850       8.758
  88.1953           409.351       8.628
  88.2953           423.021       8.730
  88.3953           412.084       8.630
  88.4953           420.879       8.749
  88.5953           415.534       8.680
  88.6953           418.260       8.697
  88.7953           424.262       8.795
  88.8953           417.417       8.675
  88.9953           410.234       8.654
  89.0953           406.841       8.567
  89.1953           401.227       8.578
  89.2953           416.268       8.676
  89.3953           395.139       8.486
  89.4953           403.908       8.605
  89.5953           405.450       8.567
  89.6953           411.739       8.711
  89.7953           426.263       8.852
  89.8953           441.439       9.165
  89.9953           546.029      10.205
  90.0953           699.928      11.386
  90.1953           780.795      11.977
  90.2953           759.935      11.795
  90.3953           584.377      10.303
  90.4953           482.447       9.305
  90.5953           431.306       8.858
  90.6953           409.167       8.603
  90.7953           399.414       8.508
  90.8953           392.931       8.420
  90.9953           383.753       8.331
  91.0953           400.153       8.535
  91.1953           403.489       8.504
  91.2953           396.002       8.481
  91.3953           395.285       8.429
  91.4953           399.352       8.516
  91.5953           451.945       9.035
  91.6953           537.961       9.870
  91.7953           781.028      11.923
  91.8953           919.191      12.805
  91.9953           884.074      12.697
  92.0953           633.037      10.677
  92.1953           488.137       9.419
  92.2953           435.867       8.869
  92.3953           461.501       9.177
  92.4953           472.117       9.273
  92.5953           460.039       9.135
  92.6953           418.310       8.719
  92.7953           398.230       8.559
  92.8953           404.288       8.584
  92.9953           400.837       8.635
  93.0953           398.291       8.723
  93.1953           442.670       9.192
  93.2953           463.702       9.342
  93.3953           438.167       8.987
  93.4953           419.391       8.787
  93.5953           400.056       8.574
  93.6953           391.086       8.478
  93.7953           386.799       8.419
  93.8953           394.800       8.518
  93.9953           401.945       8.589
  94.0953           384.649       8.354
  94.1953           383.457       8.378
  94.2953           388.803       8.438
  94.3953           410.922       8.640
  94.4953           438.637       8.954
  94.5953           474.730       9.314
  94.6953           529.485       9.837
  94.7953           585.785      10.325
  94.8953           646.443      10.879
  94.9953           655.857      10.992
  95.0953           532.087       9.798
  95.1953           486.557       9.493
  95.2953           589.642      10.364
  95.3953           808.523      12.159
  95.4953           955.667      13.216
  95.5953           919.095      12.989
  95.6953           739.004      11.651
  95.7953           656.195      10.975
  95.8953           680.848      11.108
  95.9953           697.891      11.484
  96.0953           677.941      11.090
  96.1953           615.583      10.747
  96.2953           554.371      10.312
  96.3953           533.579      10.080
  96.4953           490.157       9.594
  96.5953           560.142      10.159
  96.6953           828.764      12.382
  96.7953          1176.683      14.770
  96.8953          1442.677      16.232
  96.9953          1275.980      15.326
  97.0953           856.083      12.557
  97.1953           666.894      10.996
  97.2953           648.623      10.917
  97.3953           690.910      11.257
  97.4953           685.970      11.211
  97.5953           672.774      11.075
  97.6953           715.506      11.441
  97.7953           604.688      10.512
  97.8953           519.847       9.734
  97.9953           409.946       8.639
  98.0953           424.617       8.814
  98.1953           448.045       9.070
  98.2953           493.625       9.447
  98.3953           542.926       9.993
  98.4953           608.396      10.583
  98.5953           625.245      10.639
  98.6953           563.390      10.140
  98.7953           521.725       9.804
  98.8953           528.104       9.856
  98.9953           550.996      10.033
  99.0953           554.762      10.122
  99.1953           500.264       9.562
  99.2953           466.433       9.323
  99.3953           450.072       9.141
  99.4953           426.881       9.078
  99.5953           409.054       8.828
  99.6953           395.324       8.590
  99.7953           396.033       8.498
  99.8953           377.299       8.309
  99.9953           392.896       8.477
 100.0953           397.754       8.507
 100.1953           409.862       8.629
 100.2953           437.745       8.939
 100.3953           500.299       9.504
 100.4953           510.285       9.626
 100.5953           485.104       9.376
 100.6953           440.663       8.937
 100.7953           408.752       8.591
 100.8953           401.397       8.529
 100.9953           404.263       8.545
 101.0953           411.843       8.636
 101.1953           415.292       8.656
 101.2953           398.488       8.500
 101.3953           401.251       8.524
 101.4953           378.871       8.279
 101.5953           379.976       8.324
 101.6953           399.962       8.506
 101.7953           375.279       8.233
 101.8953           386.441       8.395
 101.9953           377.589       8.277
 102.0953           382.849       8.348
 102.1953           401.717       8.532
 102.2953           382.003       8.360
 102.3953           380.160       8.332
 102.4953           372.535       8.216
 102.5953           404.786       8.668
 102.6953           417.429       8.906
 102.8953           714.102      11.563
 102.9953           903.868      12.890
 103.0953           885.675      12.760
 103.1953           674.793      11.142
 103.2953           493.116       9.478
 103.3953           433.023       8.906
 103.4953           415.277       8.705
 103.5953           422.992       8.744
 103.6953           411.282       8.649
 103.7953           406.966       8.610
 103.8953           427.442       8.814
 103.9953           424.209       8.783
 104.0953           419.228       8.724
 104.1953           393.932       8.486
 104.2953           395.335       8.459
 104.3953           384.441       8.361
 104.4953           394.256       8.462
 104.5953           385.951       8.382
 104.6953           398.493       8.500
 104.7953           388.654       8.417
 104.8953           367.835       8.184
 104.9953           376.202       8.295
 105.0953           377.289       8.251
 105.1953           393.246       8.513
 105.2953           384.328       8.361
 105.3953           406.343       8.632
 105.4953           410.000       8.665
 105.5953           421.796       8.786
 105.6953           440.345       8.948
 105.7953           472.388       9.380
 105.8953           595.519      10.774
 105.9953           626.904      10.693
 106.0953           677.088      11.356
 106.1953           648.805      10.888
 106.2953           693.007      11.318
 106.3953           750.815      11.673
 106.4953           728.023      11.530
 106.5953           617.077      10.595
 106.6953           511.028       9.659
 106.7953           514.544       9.638
 106.8953           598.220      10.256
 106.9953           677.505      11.521
 107.0953           685.149      10.940
 107.1953           603.951      10.433
 107.2953           514.589       9.699
 107.3953           416.632       8.661
 107.4953           393.418       8.447
 107.5953           381.227       8.303
 107.6953           399.129       8.509
 107.7953           465.096       9.201
 107.8953           570.779      10.167
 107.9953           678.354      11.122
 108.0953           656.161      10.897
 108.1953           548.129      10.007
 108.2953           443.809       8.972
 108.3953           388.472       8.423
 108.4953           374.230       8.237
 108.5953           389.512       8.436
 108.6953           416.701       8.736
 108.7953           459.070       9.165
 108.8953           532.397       9.827
 108.9953           645.920      11.003
 109.0953           727.560      11.752
 109.1953           768.645      12.093
 109.2953           774.422      12.036
 109.3953           741.915      11.652
 109.4953           610.815      10.598
 109.5953           524.843       9.859
 109.6953           444.334       8.971
 109.7953           448.012       9.068
 109.8953           424.125       8.775
 109.9953           396.248       8.496
 110.0953           419.572       8.718
 110.1953           480.476       9.339
 110.2953           600.067      10.438
 110.3953           641.384      10.778
 110.4953           597.621      10.386
 110.5953           515.919       9.729
 110.6953           429.135       8.796
 110.7953           373.526       8.234
 110.8953           385.979       8.361
 110.9953           452.082       9.073
 111.0953           543.766       9.913
 111.1953           628.036      10.671
 111.2953           595.051      10.393
 111.3953           531.116       9.839
 111.4953           433.253       8.846
 111.5953           386.635       8.423
 111.6953           366.761       8.142
 111.7953           377.313       8.340
 111.8953           388.124       8.363
 111.9953           378.409       8.384
 112.0953           368.137       8.177
 112.1953           349.878       8.084
 112.2953           360.177       8.278
 112.3953           343.678       8.076
 112.4953           353.068       8.070
 112.5953           380.718       8.314
 112.6953           440.725       8.970
 112.7953           550.809       9.982
 112.8953           697.678      11.230
 112.9953           816.443      12.128
 113.0953           734.372      11.565
 113.1953           585.362      10.270
 113.2953           444.512       8.935
 113.3953           384.119       8.350
 113.4953           352.502       7.972
 113.5953           363.928       8.121
 113.6953           358.658       8.014
 113.7953           358.652       8.036
 113.8953           373.594       8.205
 113.9953           377.235       8.224
 114.0953           449.182       8.971
 114.1953           474.751       9.332
 114.2953           495.797       9.405
 114.3953           443.187       8.943
 114.4953           404.125       8.543
 114.5953           373.255       8.190
 114.6953           349.727       7.983
 114.7953           338.119       7.745
 114.8953           342.905       7.947
 114.9953           345.400       7.885
 115.0953           342.636       7.900
 115.1953           347.598       7.941
 115.2953           360.527       8.133
 115.3953           359.498       8.112
 115.4953           387.921       8.603
 115.5953           473.501       9.436
 115.6953           561.044      10.181
 115.7953           631.661      10.705
 115.8953           642.857      10.817
 115.9953           547.769       9.999
 116.0953           481.418       9.327
 116.1953           442.626       8.964
 116.2953           422.032       8.749
 116.3953           389.589       8.388
 116.4953           403.706       8.597
 116.5953           407.521       8.492
 116.6953           395.342       8.475
 116.7953           393.172       8.411
 116.8953           355.049       8.010
 116.9953           337.681       7.815
 117.0953           347.315       7.896
 117.1953           350.549       7.967
 117.2953           353.465       7.980
 117.3953           359.823       8.062
 117.4953           351.236       7.964
 117.5953           364.383       8.101
 117.6953           363.015       8.097
 117.7953           335.789       7.792
 117.8953           333.307       7.733
 117.9953           351.823       8.063
 118.0953           329.082       7.600
 118.1953           339.902       7.918
 118.2953           339.257       7.833
 118.3953           343.023       7.907
 118.4953           388.882       8.403
 118.5953           401.946       8.613
 118.6953           427.193       8.952
 118.7953           443.795       9.224
 118.8953           480.042       9.345
 118.9953           458.101       9.164
 119.0953           427.010       8.766
 119.1953           452.712       9.078
 119.2953           516.614       9.662
 119.3953           630.683      10.671
 119.4953           740.188      11.554
 119.5953           829.487      12.253
 119.6953           747.890      11.554
 119.7953           677.258      11.074
 119.8953           536.681       9.825
 119.9953           455.942       9.040
 120.0953           360.422       8.019
 120.1953           343.428       8.008
 120.2953           315.733       7.272
 120.3953           327.611       7.796
 120.4953           319.000       7.565
 120.5953           322.873       7.653
 120.6953           308.371       7.386
 120.7953           317.156       7.571
 120.8953           317.458       7.535
 120.9953           313.196       7.510
 121.0953           317.742       7.542
 121.1953           314.899       7.543
 121.2953           318.526       7.588
 121.3953           319.995       7.587
 121.4953           307.502       7.449
 121.5953           306.120       7.518
 121.6953           324.192       7.548
 121.7953           345.798       8.108
 121.8953           358.198       8.149
 121.9953           401.922       8.721
 122.0953           436.806       8.974
 122.1953           473.424       9.263
 122.2953           485.248       9.425
 122.3953           491.272       9.441
 122.4953           510.793       9.667
 122.5953           499.722       9.514
 122.6953           456.749       9.137
 122.7953           398.683       8.485
 122.8953           357.745       8.028
 122.9953           335.518       7.830
 123.0953           323.042       7.642
 123.1953           340.583       7.828
 123.2953           368.941       8.183
 123.3953           383.051       8.315
 123.4953           390.706       8.393
 123.5953           380.268       8.284
 123.6953           368.392       8.186
 123.7953           328.719       7.710
 123.8953           341.033       7.842
 123.9953           317.794       7.575
 124.0953           327.006       7.699
 124.1953           332.007       7.755
 124.2953           360.967       8.088
 124.3953           383.622       8.349
 124.4953           397.806       8.522
 124.5953           395.350       8.456
 124.6953           369.062       8.234
 124.7953           346.000       7.858
 124.8953           337.662       7.874
 124.9953           314.594       7.628
 125.0953           320.043       7.735
 125.1953           316.654       7.742
 125.2953           314.246       7.626
 125.3953           321.744       7.720
 125.4953           344.066       7.869
 125.5953           343.877       7.889
 125.6953           394.498       8.445
 125.7953           439.860       8.877
 125.8953           482.824       9.330
 125.9953           490.315       9.382
 126.0953           446.758       8.921
 126.1953           422.505       8.714
 126.2953           379.007       8.253
 126.3953           330.512       7.670
 126.4953           318.189       7.589
 126.5953           318.363       7.535
 126.6953           314.952       7.507
 126.7953           335.949       7.746
 126.8953           344.998       7.863
 126.9953           359.715       8.056
 127.0953           389.923       8.326
 127.1953           450.965       8.973
 127.2953           456.969       9.055
 127.3953           454.964       9.083
 127.4953           417.924       8.625
 127.5953           383.062       8.304
 127.6953           349.590       7.915
 127.7953           334.617       7.786
 127.8953           324.166       7.628
 127.9953           319.194       7.624
 128.0953           315.343       7.512
 128.1953           320.859       7.699
 128.2953           315.951       7.702
 128.3953           296.904       7.479
 128.4953           311.532       7.567
 128.5953           307.575       7.477
 128.6953           324.667       7.670
 128.7953           326.465       7.699
 128.8953           317.704       7.558
 128.9953           320.907       7.628
 129.0953           347.087       7.940
 129.1953           398.615       8.445
 129.2953           431.598       8.803
 129.3953           477.457       9.300
 129.4953           485.535       9.329
 129.5953           481.809       9.305
 129.6953           452.176       9.022
 129.7953           414.517       8.658
 129.8953           387.022       8.327
 129.9953           351.503       7.960
 130.0953           342.075       7.821
 130.1953           328.311       7.694
 130.2953           326.691       7.664
 130.3953           312.327       7.487
 130.4953           319.379       7.589
 130.5953           310.320       7.476
 130.6953           319.994       7.582
 130.7953           319.658       7.607
 130.8953           322.886       7.638
 130.9953           346.194       7.903
 131.0953           351.658       7.980
 131.1953           358.828       8.078
 131.2953           391.240       8.399
 131.3953           405.865       8.649
 131.4953           407.584       8.744
 131.5953           388.350       8.590
 131.6953           389.813       8.458
 131.7953           361.675       8.097
 131.8953           348.901       7.928
 131.9953           345.978       7.937
 132.0953           338.333       7.791
 132.1953           329.197       7.734
 132.2953           301.258       7.374
 132.3953           298.961       7.309
 132.4953           326.198       7.669
 132.5953           302.356       7.348
 132.6953           303.493       7.411
 132.7953           316.779       7.515
 132.8953           313.526       7.497
 132.9953           319.181       7.567
 133.0953           325.796       7.637
 133.1953           321.657       7.470
 133.2953           332.090       7.959
 133.3953           328.705       7.569
 133.4953           340.177       7.798
 133.5953           355.042       7.979
 133.6953           342.481       7.834
 133.7953           347.522       7.908
 133.8953           347.365       7.852
 133.9953           358.536       8.053
 134.0953           365.580       8.110
 134.1953           369.170       8.124
 134.2953           368.603       8.167
 134.3953           349.407       7.949
 134.4953           349.037       7.933
 134.5953           357.361       8.103
 134.6953           336.577       7.989
 134.7953           330.252       7.843
 134.8953           330.287       7.794
 134.9953           318.991       7.567
 135.0953           311.644       7.478
 135.1953           302.033       7.382
 135.2953           290.109       7.219
 135.3953           299.454       7.326
 135.4953           294.926       7.289
 135.5953           292.872       7.219
 135.6953           292.907       7.248
 135.7953           297.846       7.278
 135.8953           302.808       7.379
 135.9953           315.473       7.507
 136.0953           332.965       7.712
 136.1953           384.043       8.304
 136.2953           435.988       8.805
 136.3953           524.736       9.689
 136.4953           637.164      10.688
 136.5953           717.389      11.350
 136.6953           819.576      12.063
 136.7953           843.924      12.294
 136.8953           784.643      11.861
 136.9953           717.993      11.289
 137.0953           629.384      10.626
 137.1953           510.671       9.591
 137.2953           437.881       8.857
 137.3953           384.106       8.288
 137.4953           391.537       8.386
 137.5953           429.310       8.793
 137.6953           469.457       9.205
 137.7953           517.476       9.697
 137.8953           551.772      10.178
 137.9953           551.523      10.166
 138.0953           552.185      10.056
 138.1953           523.543       9.670
 138.2953           502.342       9.541
 138.3953           446.847       8.939
 138.4953           433.495       8.808
 138.5953           376.854       8.208
 138.6953           365.346       8.071
 138.7953           343.094       7.800
 138.8953           322.097       7.556
 138.9953           299.184       7.306
 139.0953           291.148       7.187
 139.1953           290.061       7.145
 139.2953           302.898       7.368
 139.3953           302.272       7.293
 139.4953           307.382       7.409
 139.5953           299.279       7.239
 139.6953           304.799       7.377
 139.7953           288.589       7.177
 139.8953           309.869       7.395
 139.9953           318.902       7.523
 140.0953           348.128       7.859
 140.1953           383.433       8.281
 140.2953           409.087       8.499
 140.3953           454.604       9.029
 140.4953           470.831       9.162
 140.5953           464.914       9.112
 140.6953           479.301       9.285
 140.7953           475.826       9.226
 140.8953           456.369       9.052
 140.9953           446.692       9.049
 141.0953           435.553       9.014
 141.1953           455.294       9.223
 141.2953           482.762       9.352
 141.3953           502.083       9.453
 141.4953           526.828       9.723
 141.5953           534.512       9.744
 141.6953           543.013       9.853
 141.7953           512.773       9.577
 141.8953           488.305       9.301
 141.9953           466.025       9.056
 142.0953           442.072       8.866
 142.1953           433.641       8.788
 142.2953           419.666       8.630
 142.3953           497.284       9.340
 142.4953           515.193       9.585
 142.5953           541.072       9.797
 142.6953           596.647      10.266
 142.7953           605.031      10.329
 142.8953           601.687      10.328
 142.9953           590.748      10.234
 143.0953           557.492       9.902
 143.1953           545.376       9.840
 143.2953           498.489       9.394
 143.3953           493.841       9.354
 143.4953           458.093       8.993
 143.5953           514.968       9.554
 143.6953           485.220       9.336
 143.7953           483.428       9.375
 143.8953           494.272       9.056
 143.9953           503.574       9.649
 144.0953           455.182       8.982
 144.1953           453.011       9.089
 144.2953           411.774       8.710
 144.3953           402.811       8.689
 144.4953           378.156       8.306
 144.5953           342.488       7.833
 144.6953           326.924       7.636
 144.7953           323.905       7.611
 144.8953           310.178       7.423
 144.9953           309.836       7.426
 145.0953           304.295       7.346
 145.1953           295.337       7.258
 145.2953           291.451       7.160
 145.3953           303.569       7.345
 145.4953           288.793       7.157
 145.5953           285.171       6.561
 145.6953           327.316       9.273
 145.7953           289.882       6.636
 145.8953           312.156       7.424
 145.9953           321.131       7.525
 146.0953           317.651       7.500
 146.1953           338.778       7.754
 146.2953           333.963       7.692
 146.3953           336.366       7.659
 146.4953           346.264       7.878
 146.5953           362.679       8.004
 146.6953           365.472       8.039
 146.7953           367.964       8.111
 146.8953           393.455       8.360
 146.9953           395.474       8.395
 147.0953           391.731       8.356
 147.1953           387.071       8.307
 147.2953           387.641       8.318
 147.3953           378.737       8.277
 147.4953           391.717       8.558
 147.5953           363.404       8.206
 147.6953           363.054       8.139
 147.7953           357.438       7.979
 147.8953           331.733       7.729
 147.9953           306.894       7.370
 148.0953           306.633       7.415
 148.1953           278.702       7.011
 148.2953           277.676       7.062
 148.3953           293.410       7.206
 148.4953           290.112       7.271
 148.5953           280.899       6.839
 148.6953           283.583       7.224
 148.7953           289.525       7.361
 148.8953           294.080       6.834
 148.9953           267.348       6.894
 149.0953           290.915       7.316
 149.1953           305.388       7.192
 149.2953           295.749       7.169
 149.3953           304.722       7.320
 149.4953           334.797       7.597
 149.5953           338.883       7.604
 149.6953           326.616       7.739
 149.7953           329.541       7.621
 149.8953           330.805       7.397
 149.9953           339.915       8.149
 150.0953           324.832       7.100
 150.1953           314.881       8.232
 150.2953           311.934       7.066
 150.3953           306.151       7.432
 150.4953           298.826       7.297
 150.5953           299.433       7.340
 150.6953           300.094       6.765
 150.7953             0.000       0.000
 150.8953             0.000       0.000
