XYDATA  Co2SiO4 8mmV 1.87A HiRes FullBeam 500K CF ROC 
INTER        1       1       0     0.100000
TEMP       89.4800      88.9790      89.0010
! d20 23-Apr-08 09:22:09 User Sazono   L.C.Hansen  Run 594842*d20_2008_04_5880
! d20 23-Apr-08 09:22:09 User Sazono   L.C.Hansen  Run 594842*d20_2008_04_5880
! Monitor/counts, Counting time/sec:       100000.      62.5111
   0.0953          4059.070      27.859
   0.1953          4247.803      28.965
   0.2953          4299.148      29.404
   0.3953          4150.898      28.708
   0.4953          3881.412      27.557
   0.5953          3485.706      25.905
   0.6953          3053.677      24.178
   0.7953          2631.783      22.505
   0.8953          2300.694      20.974
   0.9953          1998.746      19.598
   1.0953          1651.913      17.761
   1.1953          1351.507      16.034
   1.2953          1061.513      14.236
   1.3953           773.122      12.138
   1.4953           572.296      10.436
   1.5953           427.553       8.998
   1.6953           377.383       8.498
   1.7953           342.261       8.087
   1.8953           321.652       7.810
   1.9953           309.239       7.662
   2.0953           299.297       7.558
   2.1953           291.242       7.451
   2.2953           300.038       7.539
   2.3953           284.376       7.352
   2.4953           270.449       7.200
   2.5953           265.782       7.066
   2.6953           260.701       7.090
   2.7953           261.321       7.045
   2.8953           267.258       7.153
   2.9953           249.133       6.899
   3.0953           237.769       6.752
   3.1953           240.330       6.784
   3.2953           219.079       6.469
   3.3953           237.466       6.796
   3.4953           232.490       6.817
   3.5953           235.317       6.856
   3.6953           242.641       6.879
   3.7953           255.019       7.009
   3.8953           269.257       7.183
   3.9953           283.017       7.369
   4.0953           315.614       7.739
   4.1953           347.227       8.191
   4.2953           387.272       8.572
   4.3953           428.477       9.019
   4.4953           479.708       9.539
   4.5953           528.794      10.069
   4.6953           588.366      10.533
   4.7953           633.660      10.968
   4.8953           675.346      11.328
   4.9953           677.778      11.380
   5.0953           668.213      11.247
   5.1953           698.547      11.496
   5.2953           684.316      11.434
   5.3953           678.710      11.351
   5.4953           694.880      11.461
   5.5953           703.218      11.567
   5.6953           690.715      11.477
   5.7953           703.863      11.593
   5.8953           687.698      11.386
   5.9953           701.055      11.604
   6.0953           687.538      11.461
   6.1953           706.310      11.648
   6.2953           681.318      11.408
   6.3953           673.575      11.339
   6.4953           664.732      11.330
   6.5953           690.091      11.514
   6.6953           660.360      11.476
   6.7953           662.873      11.508
   6.8953           649.372      11.243
   6.9953           647.892      11.110
   7.0953           634.404      11.005
   7.1953           649.219      11.167
   7.2953           633.252      10.949
   7.3953           617.573      10.883
   7.4953           634.084      10.983
   7.5953           634.720      10.963
   7.6953           597.513      10.643
   7.7953           619.050      10.841
   7.8953           632.764      10.946
   7.9953           610.393      10.704
   8.0953           595.523      10.658
   8.1953           594.209      10.599
   8.2953           607.786      10.714
   8.3953           607.088      10.717
   8.4953           583.536      10.520
   8.5953           613.617      10.759
   8.6953           604.596      10.680
   8.7953           599.619      10.635
   8.8953           582.929      10.500
   8.9953           594.802      10.606
   9.0953           585.063      10.508
   9.1953           596.330      10.652
   9.2953           561.367      10.334
   9.3953           578.284      10.434
   9.4953           560.873      10.351
   9.5953           572.973      10.430
   9.6953           565.503      10.382
   9.7953           580.514      10.618
   9.8953           581.824      10.763
   9.9953           565.804      10.600
  10.0953           564.020      10.423
  10.1953           556.103      10.277
  10.2953           550.201      10.238
  10.3953           558.318      10.285
  10.4953           548.684      10.187
  10.5953           548.639      10.167
  10.6953           531.991      10.048
  10.7953           563.834      10.265
  10.8953           546.228      10.122
  10.9953           541.951      10.079
  11.0953           545.653      10.036
  11.1953           534.713       9.992
  11.2953           535.537      10.595
  11.3953           537.154       9.838
  11.4953           536.614       9.980
  11.5953           535.278       9.986
  11.6953           522.125       9.929
  11.7953           511.140       9.790
  11.8953           533.137      10.013
  11.9953           529.549       9.974
  12.0953           513.514       9.852
  12.1953           518.493       9.873
  12.2953           522.229       9.885
  12.3953           536.985      10.116
  12.4953           534.921      10.055
  12.5953           522.881       9.928
  12.6953           527.211       9.985
  12.7953           516.440       9.946
  12.8953           523.917       9.905
  12.9953           525.745      10.038
  13.0953           517.184      10.266
  13.1953           537.077       9.997
  13.2953           503.715      10.020
  13.3953           515.198       9.888
  13.4953           514.008       9.905
  13.5953           526.380       9.949
  13.6953           495.841       9.722
  13.7953           534.887      10.018
  13.8953           533.508      10.084
  13.9953           533.415       9.969
  14.0953           517.998       9.943
  14.1953           508.061       9.666
  14.2953           506.272       9.825
  14.3953           508.062       9.745
  14.4953           525.538       9.937
  14.5953           517.095       9.928
  14.6953           510.085       9.761
  14.7953           508.670       9.757
  14.8953           526.480       9.935
  14.9953           498.717       9.717
  15.0953           500.503       9.852
  15.1953           510.454       9.489
  15.2953           508.256       9.960
  15.3953           512.549       9.813
  15.4953           506.931       9.747
  15.5953           514.843       9.861
  15.6953           495.441       9.701
  15.7953           498.628       9.668
  15.8953           514.469       9.923
  15.9953           495.358       9.678
  16.0953           497.893       9.761
  16.1953           503.280       9.810
  16.2953           495.621       9.893
  16.3953           486.481       9.844
  16.4953           516.948       9.980
  16.5953           523.914       9.956
  16.6953           515.333       9.925
  16.7953           508.525       9.823
  16.8953           496.910       9.719
  16.9953           496.225       9.678
  17.0953           485.121       9.592
  17.1953           515.498       9.873
  17.2953           515.032       9.839
  17.3953           489.204       9.624
  17.4953           500.540       9.725
  17.5953           505.884       9.712
  17.6953           508.793       9.821
  17.7953           492.415       9.640
  17.8953           498.250       9.657
  17.9953           499.159       9.678
  18.0953           508.494       9.802
  18.1953           514.704       9.842
  18.2953           502.921       9.733
  18.3953           491.498       9.600
  18.4953           507.323       9.803
  18.5953           504.397       9.714
  18.6953           503.483       9.731
  18.7953           502.094       9.752
  18.8953           512.948       9.848
  18.9953           493.541       9.629
  19.0953           497.947       9.723
  19.1953           496.552       9.706
  19.2953           471.518       9.472
  19.3953           487.367       9.629
  19.4953           497.579       9.960
  19.5953           494.011       9.839
  19.6953           516.779       9.923
  19.7953           485.622       9.609
  19.8953           504.965       9.776
  19.9953           477.360       9.494
  20.0953           496.197       9.670
  20.1953           486.919       9.418
  20.2953           489.532       9.972
  20.3953           506.785       9.692
  20.4953           488.146       9.344
  20.5953           504.407       9.869
  20.6953           492.559       9.577
  20.7953           513.746       9.813
  20.8953           531.366       9.973
  20.9953           527.131       9.980
  21.0953           514.513       9.794
  21.1953           560.649      10.255
  21.2953           542.583      10.076
  21.3953           525.864       9.943
  21.4953           526.711       9.943
  21.5953           486.972       9.547
  21.6953           503.199       9.760
  21.7953           487.069       9.516
  21.8953           499.698       9.709
  21.9953           494.516       9.625
  22.0953           525.189       9.948
  22.1953           514.358       9.877
  22.2953           515.864       9.860
  22.3953           516.995       9.909
  22.4953           481.200       9.559
  22.5953           489.487       9.665
  22.6953           467.365       9.614
  22.7953           461.601       9.528
  22.8953           490.978       9.672
  22.9953           470.933       9.402
  23.0953           464.268       9.364
  23.1953           467.806       9.394
  23.2953           461.323       9.288
  23.3953           477.063       9.462
  23.4953           465.306       9.378
  23.5953           456.716       9.186
  23.6953           452.607       9.201
  23.7953           444.179       9.107
  23.8953           473.676       9.402
  23.9953           462.998       9.267
  24.0953           459.756       9.275
  24.1953           464.056       9.315
  24.2953           465.828       9.281
  24.3953           459.769       9.262
  24.4953           474.512       9.384
  24.5953           479.339       9.502
  24.6953           492.882       9.548
  24.7953           484.596       9.473
  24.8953           485.138       9.546
  24.9953           512.169       9.747
  25.0953           538.665      10.018
  25.1953           534.051       9.990
  25.2953           522.000       9.888
  25.3953           505.282       9.719
  25.4953           471.704       9.408
  25.5953           464.221       9.341
  25.6953           454.505       9.228
  25.7953           469.122       9.470
  25.8953           454.724       9.422
  25.9953           472.889       9.629
  26.0953           451.105       9.243
  26.1953           449.266       9.184
  26.2953           462.553       9.294
  26.3953           480.302       9.523
  26.4953           469.984       9.351
  26.5953           486.780       9.508
  26.6953           483.606       9.527
  26.7953           496.609       9.618
  26.8953           507.643       9.732
  26.9953           504.292       9.657
  27.0953           498.708       9.662
  27.1953           495.948       9.593
  27.2953           509.683       9.742
  27.3953           539.311      10.029
  27.4953           556.419      10.169
  27.5953           628.126      10.801
  27.6953           696.723      11.423
  27.7953           810.692      12.265
  27.8953           910.106      13.043
  27.9953           891.127      12.813
  28.0953           830.156      12.478
  28.1953           692.110      11.372
  28.2953           578.873      10.354
  28.3953           496.868       9.659
  28.4953           466.131       9.313
  28.5953           476.490       9.440
  28.6953           484.680       9.550
  28.7953           497.260       9.680
  28.8953           500.656       9.722
  28.9953           535.619      10.037
  29.0953           572.626      10.566
  29.1953           583.606      10.644
  29.2953           575.420      10.509
  29.3953           566.861      10.343
  29.4953           510.870       9.815
  29.5953           473.193       9.409
  29.6953           471.996       9.386
  29.7953           455.268       9.253
  29.8953           454.371       9.246
  29.9953           436.940       9.019
  30.0953           443.068       9.111
  30.1953           431.230       8.984
  30.2953           446.909       9.147
  30.3953           443.017       9.070
  30.4953           455.958       9.259
  30.5953           457.535       9.259
  30.6953           443.285       9.098
  30.7953           482.508       9.476
  30.8953           478.264       9.451
  30.9953           514.822       9.841
  31.0953           526.991       9.894
  31.1953           528.723       9.939
  31.2953           528.461       9.967
  31.3953           500.399       9.662
  31.4953           478.678       9.464
  31.5953           448.323       9.161
  31.6953           442.920       9.146
  31.7953           441.237       9.085
  31.8953           437.133       9.079
  31.9953           432.142       8.997
  32.0953           437.328       9.091
  32.1953           440.883       9.173
  32.2953           444.788       9.344
  32.3953           420.235       9.034
  32.4953           426.766       8.989
  32.5953           444.201       9.122
  32.6953           416.411       8.836
  32.7953           413.719       8.773
  32.8953           435.781       9.044
  32.9953           421.697       8.833
  33.0953           423.041       8.917
  33.1953           450.690       9.128
  33.2953           422.255       8.880
  33.3953           426.213       8.870
  33.4953           430.736       8.948
  33.5953           417.780       8.784
  33.6953           421.819       8.832
  33.7953           431.115       8.985
  33.8953           418.959       8.778
  33.9953           437.552       8.997
  34.0953           412.760       8.754
  34.1953           420.790       8.840
  34.2953           416.046       8.802
  34.3953           411.375       8.651
  34.4953           446.935       9.177
  34.5953           432.705       8.909
  34.6953           434.962       9.028
  34.7953           447.267       9.120
  34.8953           439.230       9.032
  34.9953           440.076       9.034
  35.0953           446.289       9.150
  35.1953           454.477       9.210
  35.2953           454.874       9.247
  35.3953           463.208       9.406
  35.4953           456.398       9.415
  35.5953           445.456       9.309
  35.6953           447.209       9.225
  35.7953           446.973       9.133
  35.8953           450.712       9.196
  35.9953           456.727       9.210
  36.0953           485.953       9.528
  36.1953           503.894       9.672
  36.2953           503.141       9.719
  36.3953           537.730       9.984
  36.4953           551.523      10.153
  36.5953           532.689       9.904
  36.6953           519.057       9.836
  36.7953           508.187       9.682
  36.8953           488.400       9.529
  36.9953           455.753       9.204
  37.0953           450.864       9.137
  37.1953           455.239       9.154
  37.2953           438.363       9.043
  37.3953           420.553       8.819
  37.4953           436.337       8.972
  37.5953           440.943       9.061
  37.6953           431.659       8.945
  37.7953           446.638       9.119
  37.8953           425.401       8.864
  37.9953           445.295       9.103
  38.0953           435.783       9.011
  38.1953           433.732       8.999
  38.2953           438.284       9.014
  38.3953           439.309       9.080
  38.4953           438.016       9.015
  38.5953           436.573       9.117
  38.6953           443.712       9.293
  38.7953           458.799       9.460
  38.8953           469.091       9.423
  38.9953           465.668       9.375
  39.0953           497.315       9.655
  39.1953           546.441      10.076
  39.2953           585.207      10.455
  39.3953           646.960      10.961
  39.4953           654.595      11.063
  39.5953           607.155      10.600
  39.6953           557.958      10.189
  39.7953           470.161       9.327
  39.8953           465.691       9.312
  39.9953           455.931       9.170
  40.0953           437.444       9.007
  40.1953           462.158       9.297
  40.2953           454.287       9.157
  40.3953           466.863       9.291
  40.4953           464.356       9.306
  40.5953           453.120       9.173
  40.6953           461.908       9.249
  40.7953           458.031       9.235
  40.8953           459.837       9.260
  40.9953           453.380       9.173
  41.0953           461.277       9.233
  41.1953           449.392       9.185
  41.2953           436.472       9.013
  41.3953           440.142       9.054
  41.4953           450.469       9.205
  41.5953           458.998       9.260
  41.6953           461.510       9.290
  41.7953           464.697       9.431
  41.8953           467.865       9.709
  41.9953           471.357       9.303
  42.0953           518.060      10.085
  42.1953           559.024      10.223
  42.2953           650.299      11.120
  42.3953           783.782      12.095
  42.4953           897.134      12.994
  42.5953           954.159      13.270
  42.6953           918.268      13.175
  42.7953           795.110      12.171
  42.8953           698.573      11.371
  42.9953           611.313      10.720
  43.0953           537.366       9.977
  43.1953           490.750       9.537
  43.2953           479.152       9.476
  43.3953           538.325       9.974
  43.4953           588.146      10.469
  43.5953           648.713      10.981
  43.6953           642.681      10.898
  43.7953           593.547      10.506
  43.8953           534.219       9.984
  43.9953           513.694       9.741
  44.0953           482.757       9.466
  44.1953           468.083       9.380
  44.2953           499.701       9.619
  44.3953           509.480       9.776
  44.4953           589.200      10.478
  44.5953           656.003      11.012
  44.6953           761.687      11.991
  44.7953           768.672      12.006
  44.8953           728.338      11.694
  44.9953           621.065      10.866
  45.0953           540.868      10.292
  45.1953           482.249       9.670
  45.2953           457.706       9.281
  45.3953           453.620       9.202
  45.4953           438.963       9.023
  45.5953           448.422       9.146
  45.6953           455.634       9.185
  45.7953           485.867       9.476
  45.8953           511.566       9.755
  45.9953           586.244      10.389
  46.0953           735.418      11.631
  46.1953           852.333      12.544
  46.2953           939.098      13.175
  46.3953           863.457      12.595
  46.4953           695.577      11.330
  46.5953           561.231      10.171
  46.6953           487.138       9.470
  46.7953           454.162       9.162
  46.8953           461.192       9.211
  46.9953           453.505       9.114
  47.0953           457.320       9.194
  47.1953           500.915       9.610
  47.2953           534.744       9.939
  47.3953           591.662      10.438
  47.4953           618.397      10.695
  47.5953           622.528      10.690
  47.6953           608.968      10.636
  47.7953           553.823      10.113
  47.8953           488.634       9.524
  47.9953           485.210       9.518
  48.0953           505.705       9.665
  48.1953           582.594      10.530
  48.2953           823.736      12.631
  48.3953          1133.292      14.864
  48.4953          1855.317      18.654
  48.5953          2687.099      22.417
  48.6953          3349.237      24.946
  48.7953          3599.399      25.949
  48.8953          3210.405      24.351
  48.9953          2637.907      22.110
  49.0953          1890.695      18.806
  49.1953          1217.672      14.962
  49.2953           759.173      11.842
  49.3953           567.904      10.255
  49.4953           473.367       9.350
  49.5953           468.596       9.300
  49.6953           464.454       9.234
  49.7953           461.339       9.277
  49.8953           481.432       9.382
  49.9953           470.270       9.300
  50.0953           473.410       9.375
  50.1953           477.367       9.393
  50.2953           466.686       9.280
  50.3953           468.712       9.306
  50.4953           485.323       9.467
  50.5953           474.989       9.393
  50.6953           482.712       9.434
  50.7953           484.758       9.490
  50.8953           525.945       9.876
  50.9953           609.699      10.643
  51.0953           718.197      11.564
  51.1953           822.220      12.379
  51.2953           828.468      12.435
  51.3953           745.166      11.787
  51.4953           606.318      10.892
  51.5953           521.046      10.031
  51.6953           464.983       9.371
  51.7953           460.194       9.258
  51.8953           483.471       9.465
  51.9953           488.518       9.492
  52.0953           509.498       9.728
  52.1953           516.613       9.784
  52.2953           521.129       9.765
  52.3953           500.247       9.620
  52.4953           525.714       9.822
  52.5953           520.807       9.773
  52.6953           507.546       9.663
  52.7953           484.982       9.430
  52.8953           463.763       9.253
  52.9953           455.994       9.122
  53.0953           450.546       9.114
  53.1953           438.040       8.955
  53.2953           435.304       8.944
  53.3953           448.103       9.075
  53.4953           434.288       8.947
  53.5953           441.574       8.980
  53.6953           438.929       8.997
  53.7953           440.374       9.010
  53.8953           434.212       8.900
  53.9953           457.273       9.205
  54.0953           453.988       9.157
  54.1953           456.561       9.168
  54.2953           462.022       9.240
  54.3953           464.942       9.304
  54.4953           496.407       9.582
  54.5953           559.263      10.245
  54.6953           571.206      10.511
  54.7953           601.114      10.809
  54.8953           551.460      10.148
  54.9953           525.261       9.907
  55.0953           492.370       9.532
  55.1953           477.015       9.411
  55.2953           497.684       9.557
  55.3953           467.018       9.290
  55.4953           480.291       9.416
  55.5953           465.623       9.230
  55.6953           454.438       9.175
  55.7953           450.775       9.114
  55.8953           464.842       9.238
  55.9953           449.860       9.085
  56.0953           456.847       9.159
  56.1953           440.555       9.004
  56.2953           451.042       9.103
  56.3953           442.593       8.993
  56.4953           456.742       9.192
  56.5953           430.317       8.907
  56.6953           434.136       8.920
  56.7953           437.530       8.967
  56.8953           454.472       9.161
  56.9953           465.466       9.219
  57.0953           464.541       9.267
  57.1953           470.922       9.311
  57.2953           458.115       9.220
  57.3953           457.711       9.213
  57.4953           461.428       9.186
  57.5953           438.174       9.052
  57.6953           443.542       9.080
  57.7953           442.579       9.095
  57.8953           447.713       9.370
  57.9953           436.311       9.130
  58.0953           444.427       9.139
  58.1953           440.155       9.045
  58.2953           437.477       8.990
  58.3953           440.506       9.058
  58.4953           427.469       8.850
  58.5953           406.948       8.682
  58.6953           428.985       8.868
  58.7953           420.800       8.795
  58.8953           402.808       8.607
  58.9953           420.495       8.835
  59.0953           443.505       8.899
  59.1953           435.216       8.989
  59.2953           437.155       8.968
  59.3953           461.261       9.196
  59.4953           461.836       9.189
  59.5953           441.883       8.992
  59.6953           455.395       9.137
  59.7953           431.951       8.952
  59.8953           436.136       8.873
  59.9953           453.593       9.153
  60.0953           436.467       8.975
  60.1953           441.467       8.982
  60.2953           443.836       9.000
  60.3953           453.199       9.156
  60.4953           439.035       8.960
  60.5953           440.943       9.003
  60.6953           453.170       9.146
  60.7953           465.871       9.275
  60.8953           486.692       9.519
  60.9953           524.956       9.930
  61.0953           537.198      10.148
  61.1953           532.417      10.134
  61.2953           502.800       9.659
  61.3953           487.271       9.471
  61.4953           451.158       9.078
  61.5953           427.742       8.869
  61.6953           430.930       8.871
  61.7953           439.386       8.958
  61.8953           444.180       9.042
  61.9953           458.456       9.122
  62.0953           458.428       9.105
  62.1953           469.509       9.303
  62.2953           451.822       9.036
  62.3953           473.539       9.276
  62.4953           458.458       9.116
  62.5953           483.737       9.434
  62.6953           492.347       9.423
  62.7953           464.224       9.188
  62.8953           457.910       9.118
  62.9953           431.059       8.851
  63.0953           433.865       8.864
  63.1953           424.001       8.761
  63.2953           439.458       9.002
  63.3953           414.832       8.650
  63.4953           421.649       8.737
  63.5953           428.992       8.868
  63.6953           444.187       9.011
  63.7953           436.099       8.882
  63.8953           451.510       9.111
  63.9953           441.926       8.972
  64.0953           515.506       9.730
  64.1953           726.031      11.589
  64.2953          1144.615      14.561
  64.3953          1835.293      19.151
  64.4953          2243.309      20.145
  64.5953          2385.140      21.123
  64.6953           922.049      12.446
  64.7953          1122.900      13.820
  64.8953           751.698      12.886
  64.9953           594.767      12.110
  65.0953           556.117      10.307
  65.1953           577.990       9.471
  65.2953           690.890      11.129
  65.3953           711.003      11.345
  65.4953           647.151      10.872
  65.5953           542.528       9.887
  65.6953           463.470       9.231
  65.7953           426.017       8.811
  65.8953           433.526       8.872
  65.9953           441.154       8.971
  66.0953           439.246       8.979
  66.1953           428.903       8.836
  66.2953           440.188       8.957
  66.3953           451.058       9.063
  66.4953           432.793       8.956
  66.5953           427.294       8.790
  66.6953           434.693       8.927
  66.7953           435.532       8.961
  66.8953           430.627       8.910
  66.9953           431.936       8.876
  67.0953           425.364       8.866
  67.1953           443.920       9.028
  67.2953           442.390       9.070
  67.3953           450.797       9.160
  67.4953           473.612       9.557
  67.5953           558.002      10.328
  67.6953           663.262      11.077
  67.7953           672.468      11.117
  67.8953           613.076      10.594
  67.9953           518.425       9.738
  68.0953           457.159       9.098
  68.1953           422.069       8.755
  68.2953           455.229       9.125
  68.3953           430.008       8.805
  68.4953           439.934       8.928
  68.5953           432.146       8.840
  68.6953           437.419       8.899
  68.7953           445.489       8.967
  68.8953           469.932       9.183
  68.9953           549.886      10.010
  69.0953           718.836      11.319
  69.1953           848.774      12.390
  69.2953           816.687      12.168
  69.3953           693.957      11.234
  69.4953           555.277       9.955
  69.5953           486.714       9.393
  69.6953           460.195       9.120
  69.7953           441.514       8.935
  69.8953           429.873       8.791
  69.9953           437.310       8.923
  70.0953           431.342       8.870
  70.1953           458.257       9.102
  70.2953           509.466       9.652
  70.3953           542.983       9.957
  70.4953           542.759       9.926
  70.5953           527.257       9.885
  70.6953           501.765       9.775
  70.7953           503.366       9.753
  70.8953           528.950       9.867
  70.9953           521.677       9.758
  71.0953           496.302       9.543
  71.1953           459.234       9.108
  71.2953           436.452       8.909
  71.3953           444.689       8.975
  71.4953           418.629       8.706
  71.5953           434.264       8.863
  71.6953           434.780       8.849
  71.7953           420.791       8.710
  71.8953           442.428       8.959
  71.9953           403.868       8.533
  72.0953           401.950       8.541
  72.1953           425.015       8.749
  72.2953           422.847       8.730
  72.3953           430.221       8.797
  72.4953           451.284       9.018
  72.5953           528.436       9.823
  72.6953           624.576      10.557
  72.7953           702.781      11.219
  72.8953           693.766      11.169
  72.9953           594.169      10.267
  73.0953           577.830      10.197
  73.1953           477.493       9.130
  73.2953           425.488       8.546
  73.3953           420.324       7.517
  73.4953           443.389      17.041
  73.5953           454.291       8.690
  73.6953           526.238       9.074
  73.7953           610.982       9.676
  73.8953           578.804      13.884
  73.9953           557.580       9.751
  74.0953           493.652       9.500
  74.1953           460.363       9.133
  74.2953           410.940       8.638
  74.3953           412.655       8.673
  74.4953           413.443       8.634
  74.5953           415.198       8.732
  74.6953           432.908       8.872
  74.7953           426.970       8.815
  74.8953           435.402       8.851
  74.9953           422.895       8.789
  75.0953           437.525       8.924
  75.1953           416.391       8.673
  75.2953           422.211       8.752
  75.3953           420.285       8.754
  75.4953           414.676       8.652
  75.5953           407.994       8.592
  75.6953           434.977       8.890
  75.7953           436.210       8.891
  75.8953           462.062       9.156
  75.9953           480.599       9.352
  76.0953           513.379       9.637
  76.1953           562.223      10.135
  76.2953           628.601      10.633
  76.3953           692.840      11.263
  76.4953           812.731      12.145
  76.5953           885.532      12.679
  76.6953           807.532      12.171
  76.7953           640.147      10.825
  76.8953           571.544      10.242
  76.9953           609.391      10.634
  77.0953           878.197      12.960
  77.1953          1443.525      16.635
  77.2953          1946.439      19.048
  77.3953          1994.731      19.174
  77.4953          1466.304      16.405
  77.5953           976.220      13.453
  77.6953          1021.912      13.604
  77.7953          1576.039      16.989
  77.8953          2322.752      20.655
  77.9953          2441.513      21.112
  78.0953          1771.172      17.943
  78.1953           957.769      13.260
  78.2953           563.609      10.134
  78.3953           474.133       9.299
  78.4953           435.360       8.911
  78.5953           437.854       8.953
  78.6953           442.049       8.979
  78.7953           437.646       8.933
  78.8953           448.401       9.074
  78.9953           477.647       9.346
  79.0953           557.793      10.098
  79.1953           571.132      10.200
  79.2953           557.371      10.122
  79.3953           487.407       9.427
  79.4953           434.287       8.859
  79.5953           404.806       8.642
  79.6953           418.888       8.765
  79.7953           424.542       8.810
  79.8953           428.049       8.896
  79.9953           412.498       8.718
  80.0953           425.581       8.868
  80.1953           413.761       8.795
  80.2953           410.200       8.915
  80.3953           406.112       8.771
  80.4953           404.810       8.698
  80.5953           415.795       8.735
  80.6953           412.672       8.737
  80.7953           405.594       8.610
  80.8953           427.709       8.863
  80.9953           448.644       9.024
  81.0953           473.483       9.311
  81.1953           495.986       9.494
  81.2953           479.178       9.362
  81.3953           437.346       8.888
  81.4953           408.663       8.629
  81.5953           428.057       8.823
  81.6953           445.282       8.994
  81.7953           451.507       9.079
  81.8953           450.217       9.021
  81.9953           438.022       8.904
  82.0953           436.027       8.912
  82.1953           433.978       8.911
  82.2953           469.955       9.208
  82.3953           465.134       9.188
  82.4953           462.132       9.188
  82.5953           445.650       8.998
  82.6953           457.357       9.075
  82.7953           454.767       9.158
  82.8953           415.684       8.704
  82.9953           416.294       8.705
  83.0953           419.852       8.770
  83.1953           422.785       8.812
  83.2953           476.320       9.352
  83.3953           634.499      10.837
  83.4953           802.300      12.409
  83.5953           859.201      12.793
  83.6953           762.130      11.926
  83.7953           598.927      10.469
  83.8953           508.757       9.691
  83.9953           477.179       9.355
  84.0953           467.284       9.248
  84.1953           480.314       9.357
  84.2953           575.511      10.267
  84.3953           606.441      10.456
  84.4953           580.929      10.311
  84.5953           485.030       9.396
  84.6953           440.403       8.938
  84.7953           407.770       8.600
  84.8953           408.758       8.737
  84.9953           427.577       8.619
  85.0953           428.866       8.919
  85.1953           432.861       8.849
  85.2953           418.099       8.718
  85.3953           404.587       8.599
  85.4953           396.143       8.475
  85.5953           413.100       8.638
  85.6953           420.799       8.759
  85.7953           409.947       8.631
  85.8953           423.445       8.761
  85.9953           434.325       8.952
  86.0953           433.216       8.839
  86.1953           430.083       8.897
  86.2953           435.553       8.891
  86.3953           431.007       8.895
  86.4953           430.892       8.954
  86.5953           423.029       8.805
  86.6953           427.414       9.045
  86.7953           451.065       9.305
  86.8953           606.764      10.619
  86.9953          1019.234      13.673
  87.0953          1866.531      18.500
  87.1953          2805.586      22.657
  87.2953          3085.724      23.675
  87.3953          2521.307      21.464
  87.4953          1696.592      17.614
  87.5953          1022.978      13.603
  87.6953           610.762      10.521
  87.7953           454.066       9.100
  87.8953           424.782       8.783
  87.9953           415.705       8.657
  88.0953           413.392       8.675
  88.1953           417.270       8.716
  88.2953           405.805       8.555
  88.3953           421.047       8.728
  88.4953           421.707       8.763
  88.5953           420.532       8.736
  88.6953           428.501       8.808
  88.7953           411.765       8.669
  88.8953           403.250       8.532
  88.9953           405.019       8.604
  89.0953           407.652       8.581
  89.1953           400.017       8.569
  89.2953           407.129       8.585
  89.3953           399.044       8.533
  89.4953           397.559       8.542
  89.5953           409.886       8.618
  89.6953           409.978       8.697
  89.7953           424.156       8.835
  89.8953           444.022       9.197
  89.9953           507.478       9.843
  90.0953           640.794      10.900
  90.1953           786.807      12.030
  90.2953           769.024      11.872
  90.3953           632.136      10.722
  90.4953           486.575       9.350
  90.5953           425.041       8.798
  90.6953           408.713       8.603
  90.7953           396.406       8.480
  90.8953           404.929       8.552
  90.9953           377.656       8.269
  91.0953           403.147       8.572
  91.1953           401.959       8.493
  91.2953           397.530       8.502
  91.3953           409.944       8.589
  91.4953           405.977       8.591
  91.5953           453.348       9.054
  91.6953           539.824       9.892
  91.7953           736.325      11.583
  91.8953           897.701      12.661
  91.9953           902.945      12.839
  92.0953           688.561      11.142
  92.1953           515.066       9.680
  92.2953           442.855       8.945
  92.3953           452.507       9.092
  92.4953           472.273       9.280
  92.5953           471.084       9.249
  92.6953           438.791       8.934
  92.7953           411.750       8.708
  92.8953           386.661       8.400
  92.9953           393.083       8.555
  93.0953           423.220       8.997
  93.1953           428.055       9.044
  93.2953           461.575       9.325
  93.3953           448.066       9.093
  93.4953           421.698       8.816
  93.5953           417.982       8.769
  93.6953           401.642       8.596
  93.7953           392.731       8.488
  93.8953           382.534       8.390
  93.9953           385.845       8.420
  94.0953           393.069       8.450
  94.1953           389.197       8.445
  94.2953           400.788       8.572
  94.3953           402.460       8.555
  94.4953           413.678       8.700
  94.5953           464.274       9.216
  94.6953           501.699       9.581
  94.7953           591.899      10.384
  94.8953           659.073      10.991
  94.9953           675.399      11.161
  95.0953           537.915       9.857
  95.1953           489.691       9.529
  95.2953           543.959       9.960
  95.3953           746.800      11.692
  95.4953           920.305      12.976
  95.5953           945.106      13.179
  95.6953           766.675      11.874
  95.7953           650.670      10.934
  95.8953           671.982      11.041
  95.9953           707.744      11.571
  96.0953           673.058      11.056
  96.1953           666.240      11.187
  96.2953           579.764      10.552
  96.3953           520.819       9.964
  96.4953           506.873       9.762
  96.5953           535.296       9.937
  96.6953           721.315      11.558
  96.7953          1060.852      14.032
  96.8953          1385.936      15.919
  96.9953          1358.297      15.821
  97.0953           969.897      13.373
  97.1953           695.410      11.235
  97.2953           645.291      10.895
  97.3953           692.958      11.280
  97.4953           653.152      10.945
  97.5953           666.579      11.030
  97.6953           706.403      11.374
  97.7953           652.020      10.922
  97.8953           522.246       9.762
  97.9953           446.497       9.021
  98.0953           435.163       8.927
  98.1953           457.551       9.171
  98.2953           467.188       9.196
  98.3953           514.793       9.736
  98.4953           589.527      10.423
  98.5953           612.884      10.539
  98.6953           604.951      10.513
  98.7953           535.584       9.939
  98.8953           525.555       9.838
  98.9953           544.103       9.976
  99.0953           564.067      10.212
  99.1953           530.653       9.854
  99.2953           477.585       9.439
  99.3953           447.965       9.125
  99.4953           435.474       9.174
  99.5953           420.001       8.950
  99.6953           405.108       8.700
  99.7953           395.009       8.491
  99.8953           403.006       8.592
  99.9953           398.276       8.540
 100.0953           394.366       8.476
 100.1953           403.036       8.562
 100.2953           426.344       8.827
 100.3953           473.729       9.253
 100.4953           516.850       9.693
 100.5953           499.795       9.522
 100.6953           449.319       9.030
 100.7953           418.606       8.698
 100.8953           389.498       8.406
 100.9953           382.276       8.314
 101.0953           388.173       8.389
 101.1953           398.766       8.486
 101.2953           392.935       8.445
 101.3953           405.865       8.577
 101.4953           368.597       8.171
 101.5953           381.309       8.343
 101.6953           394.968       8.457
 101.7953           376.960       8.255
 101.8953           384.310       8.376
 101.9953           379.096       8.298
 102.0953           378.349       8.304
 102.1953           385.465       8.362
 102.2953           379.493       8.337
 102.3953           382.591       8.363
 102.4953           399.442       8.512
 102.5953           383.298       8.439
 102.6953           417.699       8.913
 102.8953           663.893      11.155
 102.9953           850.382      12.510
 103.0953           901.746      12.882
 103.1953           713.119      11.460
 103.2953           526.498       9.799
 103.3953           429.648       8.876
 103.4953           423.958       8.800
 103.5953           416.579       8.682
 103.6953           390.056       8.428
 103.7953           403.584       8.579
 103.8953           426.275       8.807
 103.9953           426.863       8.815
 104.0953           416.599       8.702
 104.1953           400.957       8.566
 104.2953           400.666       8.521
 104.3953           396.158       8.493
 104.4953           395.419       8.479
 104.5953           403.699       8.578
 104.6953           393.485       8.451
 104.7953           392.370       8.462
 104.8953           377.361       8.294
 104.9953           376.068       8.298
 105.0953           396.320       8.461
 105.1953           371.347       8.277
 105.2953           390.400       8.431
 105.3953           407.526       8.649
 105.4953           422.741       8.803
 105.5953           420.245       8.774
 105.6953           442.834       8.978
 105.7953           469.738       9.359
 105.8953           573.337      10.578
 105.9953           631.431      10.738
 106.0953           666.392      11.272
 106.1953           642.202      10.838
 106.2953           663.044      11.077
 106.3953           745.829      11.641
 106.4953           776.366      11.913
 106.5953           672.775      11.069
 106.6953           537.921       9.916
 106.7953           492.150       9.431
 106.8953           582.856      10.129
 106.9953           640.387      11.207
 107.0953           681.357      10.916
 107.1953           643.060      10.772
 107.2953           549.208      10.025
 107.3953           450.272       9.009
 107.4953           393.488       8.453
 107.5953           370.055       8.185
 107.6953           406.111       8.588
 107.7953           439.175       8.946
 107.8953           531.695       9.818
 107.9953           639.660      10.806
 108.0953           685.154      11.141
 108.1953           590.817      10.396
 108.2953           465.914       9.198
 108.3953           402.071       8.574
 108.4953           381.907       8.326
 108.5953           368.899       8.214
 108.6953           391.662       8.474
 108.7953           432.273       8.898
 108.8953           491.930       9.451
 108.9953           607.216      10.674
 109.0953           696.811      11.507
 109.1953           770.446      12.114
 109.2953           789.137      12.156
 109.3953           744.017      11.675
 109.4953           670.595      11.110
 109.5953           548.605      10.085
 109.6953           462.603       9.159
 109.7953           427.552       8.863
 109.8953           411.318       8.646
 109.9953           410.736       8.655
 110.0953           394.089       8.454
 110.1953           444.467       8.987
 110.2953           547.820       9.979
 110.3953           624.135      10.638
 110.4953           659.916      10.920
 110.5953           544.416      10.000
 110.6953           432.679       8.838
 110.7953           363.758       8.130
 110.8953           377.878       8.278
 110.9953           415.565       8.703
 111.0953           521.745       9.715
 111.1953           612.933      10.547
 111.2953           628.793      10.690
 111.3953           563.644      10.141
 111.4953           455.617       9.076
 111.5953           396.803       8.538
 111.6953           382.555       8.320
 111.7953           382.714       8.404
 111.8953           392.703       8.417
 111.9953           383.106       8.441
 112.0953           380.003       8.312
 112.1953           352.135       8.115
 112.2953           341.326       8.063
 112.3953           339.875       8.036
 112.4953           344.774       7.979
 112.5953           358.772       8.075
 112.6953           403.911       8.592
 112.7953           501.239       9.527
 112.8953           654.648      10.884
 112.9953           782.349      11.878
 113.0953           770.017      11.849
 113.1953           626.242      10.628
 113.2953           462.630       9.120
 113.3953           381.634       8.328
 113.4953           368.603       8.157
 113.5953           357.250       8.051
 113.6953           343.272       7.844
 113.7953           348.228       7.922
 113.8953           357.580       8.032
 113.9953           378.370       8.241
 114.0953           421.685       8.697
 114.1953           460.394       9.195
 114.2953           476.691       9.227
 114.3953           457.050       9.087
 114.4953           407.464       8.582
 114.5953           376.907       8.235
 114.6953           363.438       8.143
 114.7953           366.922       8.073
 114.8953           359.701       8.144
 114.9953           356.417       8.014
 115.0953           349.218       7.980
 115.1953           335.988       7.812
 115.2953           367.724       8.218
 115.3953           360.628       8.129
 115.4953           388.731       8.617
 115.5953           451.236       9.217
 115.6953           533.358       9.932
 115.7953           634.902      10.738
 115.8953           647.212      10.860
 115.9953           582.739      10.319
 116.0953           499.504       9.506
 116.1953           461.661       9.160
 116.2953           419.047       8.723
 116.3953           399.968       8.504
 116.4953           404.151       8.607
 116.5953           409.566       8.518
 116.6953           407.788       8.612
 116.7953           392.705       8.411
 116.8953           370.100       8.182
 116.9953           353.634       8.002
 117.0953           332.956       7.735
 117.1953           331.530       7.752
 117.2953           346.096       7.901
 117.3953           361.487       8.085
 117.4953           359.402       8.061
 117.5953           343.858       7.874
 117.6953           360.521       8.074
 117.7953           351.374       7.975
 117.8953           332.238       7.724
 117.9953           334.629       7.868
 118.0953           335.071       7.673
 118.1953           322.173       7.712
 118.2953           335.465       7.793
 118.3953           364.579       8.156
 118.4953           368.037       8.179
 118.5953           384.090       8.424
 118.6953           410.189       8.777
 118.7953           466.748       9.465
 118.8953           474.013       9.291
 118.9953           454.751       9.135
 119.0953           456.317       9.067
 119.1953           444.826       9.003
 119.2953           469.773       9.218
 119.3953           579.668      10.236
 119.4953           703.259      11.268
 119.5953           820.979      12.196
 119.6953           775.705      11.773
 119.7953           709.739      11.343
 119.8953           587.345      10.284
 119.9953           458.600       9.071
 120.0953           392.095       8.369
 120.1953           352.973       8.123
 120.2953           322.793       7.357
 120.3953           327.043       7.793
 120.4953           315.218       7.524
 120.5953           313.418       7.544
 120.6953           300.028       7.290
 120.7953           318.230       7.588
 120.8953           315.300       7.514
 120.9953           313.722       7.521
 121.0953           306.617       7.413
 121.1953           323.029       7.644
 121.2953           322.318       7.638
 121.3953           294.043       7.276
 121.4953           307.841       7.457
 121.5953           306.828       7.531
 121.6953           335.638       7.684
 121.7953           330.946       7.936
 121.8953           356.736       8.137
 121.9953           387.393       8.567
 122.0953           434.333       8.954
 122.1953           456.702       9.103
 122.2953           475.701       9.336
 122.3953           474.918       9.287
 122.4953           512.457       9.688
 122.5953           493.018       9.455
 122.6953           483.245       9.403
 122.7953           423.899       8.754
 122.8953           372.754       8.199
 122.9953           343.210       7.924
 123.0953           329.012       7.716
 123.1953           337.355       7.795
 123.2953           356.261       8.045
 123.3953           374.434       8.226
 123.4953           371.815       8.192
 123.5953           384.846       8.339
 123.6953           366.430       8.169
 123.7953           358.603       8.057
 123.8953           330.029       7.719
 123.9953           323.571       7.648
 124.0953           332.088       7.763
 124.1953           335.820       7.803
 124.2953           329.240       7.728
 124.3953           372.943       8.237
 124.4953           405.194       8.606
 124.5953           387.998       8.381
 124.6953           392.654       8.498
 124.7953           362.468       8.047
 124.8953           318.724       7.654
 124.9953           331.800       7.838
 125.0953           328.073       7.836
 125.1953           312.074       7.690
 125.2953           308.846       7.564
 125.3953           326.552       7.782
 125.4953           328.223       7.689
 125.5953           354.408       8.013
 125.6953           373.204       8.219
 125.7953           409.661       8.572
 125.8953           479.565       9.304
 125.9953           501.105       9.490
 126.0953           470.800       9.163
 126.1953           454.289       9.041
 126.2953           400.844       8.492
 126.3953           352.982       7.931
 126.4953           331.050       7.745
 126.5953           307.460       7.409
 126.6953           310.460       7.458
 126.7953           320.398       7.569
 126.8953           325.094       7.637
 126.9953           352.343       7.977
 127.0953           382.340       8.250
 127.1953           414.273       8.605
 127.2953           456.395       9.054
 127.3953           454.922       9.088
 127.4953           440.846       8.863
 127.5953           395.204       8.439
 127.6953           372.769       8.177
 127.7953           333.716       7.780
 127.8953           317.692       7.556
 127.9953           327.024       7.721
 128.0953           321.786       7.593
 128.1953           318.623       7.676
 128.2953           303.888       7.557
 128.3953           313.462       7.689
 128.4953           301.381       7.447
 128.5953           302.634       7.421
 128.6953           298.166       7.354
 128.7953           317.368       7.595
 128.8953           305.628       7.417
 128.9953           346.686       7.933
 129.0953           330.369       7.750
 129.1953           368.413       8.123
 129.2953           420.747       8.696
 129.3953           471.273       9.244
 129.4953           490.020       9.377
 129.5953           491.700       9.405
 129.6953           471.064       9.214
 129.7953           418.960       8.709
 129.8953           407.190       8.546
 129.9953           356.405       8.020
 130.0953           316.661       7.529
 130.1953           318.921       7.587
 130.2953           318.948       7.577
 130.3953           308.896       7.450
 130.4953           314.855       7.539
 130.5953           320.044       7.596
 130.6953           312.968       7.503
 130.7953           315.660       7.563
 130.8953           321.613       7.627
 130.9953           333.385       7.759
 131.0953           333.184       7.772
 131.1953           355.946       8.050
 131.2953           380.296       8.285
 131.3953           397.637       8.566
 131.4953           381.733       8.466
 131.5953           398.293       8.704
 131.6953           389.324       8.458
 131.7953           361.893       8.104
 131.8953           361.194       8.070
 131.9953           335.781       7.824
 132.0953           339.605       7.810
 132.1953           330.470       7.753
 132.2953           324.372       7.656
 132.3953           305.914       7.398
 132.4953           323.307       7.640
 132.5953           305.910       7.396
 132.6953           303.647       7.417
 132.7953           306.950       7.401
 132.8953           303.817       7.384
 132.9953           312.165       7.488
 133.0953           315.039       7.514
 133.1953           315.756       7.406
 133.2953           332.838       7.972
 133.3953           333.432       7.627
 133.4953           343.239       7.837
 133.5953           336.036       7.767
 133.6953           357.758       8.012
 133.7953           349.708       7.938
 133.8953           350.948       7.897
 133.9953           350.960       7.972
 134.0953           360.938       8.063
 134.1953           363.311       8.064
 134.2953           355.598       8.026
 134.3953           365.009       8.129
 134.4953           362.063       8.084
 134.5953           343.401       7.947
 134.6953           342.457       8.063
 134.7953           342.930       7.997
 134.8953           331.389       7.811
 134.9953           304.239       7.394
 135.0953           318.638       7.565
 135.1953           293.329       7.279
 135.2953           302.845       7.380
 135.3953           303.554       7.380
 135.4953           293.086       7.271
 135.5953           286.957       7.149
 135.6953           292.691       7.250
 135.7953           290.694       7.194
 135.8953           295.037       7.288
 135.9953           287.728       7.173
 136.0953           319.018       7.553
 136.1953           354.616       7.984
 136.2953           404.593       8.486
 136.3953           469.057       9.166
 136.4953           582.572      10.225
 136.5953           690.669      11.143
 136.6953           753.811      11.575
 136.7953           848.622      12.335
 136.8953           818.545      12.122
 136.9953           753.623      11.572
 137.0953           676.611      11.024
 137.1953           576.898      10.200
 137.2953           468.151       9.164
 137.3953           411.395       8.582
 137.4953           390.890       8.383
 137.5953           416.257       8.663
 137.6953           469.794       9.213
 137.7953           496.758       9.506
 137.8953           530.195       9.982
 137.9953           536.368      10.031
 138.0953           557.563      10.111
 138.1953           533.780       9.770
 138.2953           515.782       9.673
 138.3953           475.635       9.227
 138.4953           431.464       8.793
 138.5953           406.277       8.527
 138.6953           376.464       8.198
 138.7953           350.932       7.893
 138.8953           352.283       7.907
 138.9953           329.180       7.668
 139.0953           326.481       7.615
 139.1953           298.139       7.248
 139.2953           288.870       7.199
 139.3953           294.499       7.202
 139.4953           297.524       7.294
 139.5953           284.348       7.060
 139.6953           293.330       7.241
 139.7953           289.980       7.198
 139.8953           295.009       7.219
 139.9953           313.921       7.468
 140.0953           335.894       7.724
 140.1953           360.928       8.039
 140.2953           381.245       8.209
 140.3953           426.909       8.754
 140.4953           450.997       8.972
 140.5953           472.582       9.192
 140.6953           477.488       9.272
 140.7953           467.214       9.147
 140.8953           470.898       9.200
 140.9953           451.590       9.103
 141.0953           440.891       9.074
 141.1953           437.273       9.043
 141.2953           472.591       9.258
 141.3953           471.623       9.167
 141.4953           521.479       9.679
 141.5953           527.630       9.687
 141.6953           546.119       9.887
 141.7953           550.237       9.926
 141.8953           514.040       9.549
 141.9953           484.340       9.238
 142.0953           449.506       8.945
 142.1953           438.756       8.844
 142.2953           414.797       8.584
 142.3953           465.335       9.039
 142.4953           471.829       9.178
 142.5953           535.984       9.756
 142.6953           558.216       9.935
 142.7953           606.758      10.350
 142.8953           598.623      10.307
 142.9953           595.839      10.284
 143.0953           587.871      10.174
 143.1953           561.090       9.986
 143.2953           559.668       9.959
 143.3953           501.840       9.435
 143.4953           496.962       9.372
 143.5953           480.919       9.238
 143.6953           468.664       9.181
 143.7953           487.421       9.419
 143.8953           471.389       8.849
 143.9953           500.427       9.624
 144.0953           469.353       9.126
 144.1953           474.881       9.311
 144.2953           440.276       9.012
 144.3953           410.202       8.773
 144.4953           384.420       8.379
 144.5953           353.452       7.961
 144.6953           336.039       7.746
 144.7953           315.484       7.516
 144.8953           304.292       7.356
 144.9953           315.348       7.496
 145.0953           287.756       7.147
 145.1953           302.987       7.355
 145.2953           299.172       7.258
 145.3953           294.646       7.241
 145.4953           286.624       7.134
 145.5953           274.448       6.440
 145.6953           328.730       9.298
 145.7953           292.789       6.673
 145.8953           305.603       7.350
 145.9953           317.422       7.486
 146.0953           322.080       7.556
 146.1953           314.800       7.478
 146.2953           341.785       7.786
 146.3953           353.679       7.858
 146.4953           357.417       8.008
 146.5953           357.594       7.952
 146.6953           357.375       7.953
 146.7953           379.294       8.240
 146.8953           384.104       8.265
 146.9953           385.379       8.292
 147.0953           394.662       8.391
 147.1953           394.998       8.397
 147.2953           393.789       8.388
 147.3953           382.960       8.327
 147.4953           388.592       8.529
 147.5953           386.264       8.465
 147.6953           370.764       8.229
 147.7953           360.508       8.017
 147.8953           333.362       7.753
 147.9953           326.202       7.603
 148.0953           326.729       7.659
 148.1953           310.815       7.409
 148.2953           294.715       7.280
 148.3953           281.147       7.057
 148.4953           292.257       7.302
 148.5953           274.204       6.761
 148.6953           283.527       7.227
 148.7953           276.908       7.203
 148.8953           276.273       6.627
 148.9953           274.053       6.984
 149.0953           301.005       7.446
 149.1953           298.430       7.114
 149.2953           304.431       7.277
 149.3953           311.047       7.400
 149.4953           311.855       7.336
 149.5953           320.286       7.397
 149.6953           329.548       7.778
 149.7953           325.492       7.578
 149.8953           331.502       7.409
 149.9953           326.788       7.994
 150.0953           321.305       7.065
 150.1953           328.166       8.409
 150.2953           336.485       7.343
 150.3953           320.224       7.605
 150.4953           292.016       7.217
 150.5953           299.403       7.344
 150.6953           278.890       6.525
 150.7953             0.000       0.000
 150.8953             0.000       0.000
