XYDATA  Co2SiO4 8mmV 1.87A HiRes FullBeam 500K CF ROC 
INTER        1       1       0     0.100000
TEMP       97.5340      96.9810      97.0010
! d20 23-Apr-08 09:22:09 User Sazono   L.C.Hansen  Run 594842*d20_2008_04_5880
! d20 23-Apr-08 09:22:09 User Sazono   L.C.Hansen  Run 594842*d20_2008_04_5880
! Monitor/counts, Counting time/sec:       100000.      62.5111
   0.0953          4070.909      27.941
   0.1953          4281.586      29.122
   0.2953          4299.787      29.449
   0.3953          4193.670      28.897
   0.4953          3888.612      27.623
   0.5953          3448.759      25.805
   0.6953          3054.711      24.218
   0.7953          2622.666      22.499
   0.8953          2259.078      20.813
   0.9953          1932.102      19.297
   1.0953          1632.787      17.684
   1.1953          1324.730      15.897
   1.2953          1061.928      14.260
   1.3953           787.229      12.266
   1.4953           559.836      10.337
   1.5953           410.561       8.830
   1.6953           363.698       8.355
   1.7953           346.327       8.147
   1.8953           319.164       7.791
   1.9953           298.329       7.536
   2.0953           291.359       7.468
   2.1953           288.649       7.428
   2.2953           278.293       7.271
   2.3953           273.568       7.222
   2.4953           269.699       7.200
   2.5953           263.164       7.041
   2.6953           248.108       6.927
   2.7953           248.550       6.880
   2.8953           246.709       6.882
   2.9953           253.120       6.964
   3.0953           247.316       6.897
   3.1953           238.340       6.766
   3.2953           244.834       6.849
   3.3953           239.330       6.832
   3.4953           230.560       6.799
   3.5953           231.191       6.806
   3.6953           247.069       6.952
   3.7953           248.030       6.922
   3.8953           263.888       7.122
   3.9953           280.761       7.350
   4.0953           310.630       7.689
   4.1953           349.597       8.231
   4.2953           385.355       8.563
   4.3953           431.822       9.067
   4.4953           480.917       9.565
   4.5953           523.797      10.036
   4.6953           585.352      10.522
   4.7953           619.701      10.862
   4.8953           667.975      11.283
   4.9953           688.190      11.484
   5.0953           671.112      11.288
   5.1953           689.575      11.439
   5.2953           691.678      11.512
   5.3953           675.928      11.345
   5.4953           685.908      11.403
   5.5953           696.107      11.525
   5.6953           682.016      11.421
   5.7953           672.583      11.349
   5.8953           699.538      11.500
   5.9953           691.924      11.545
   6.0953           675.936      11.380
   6.1953           696.422      11.583
   6.2953           679.281      11.407
   6.3953           658.880      11.231
   6.4953           667.058      11.367
   6.5953           688.634      11.519
   6.6953           677.493      11.641
   6.7953           662.802      11.524
   6.8953           667.670      11.417
   6.9953           634.684      11.012
   7.0953           641.043      11.079
   7.1953           623.365      10.958
   7.2953           625.983      10.902
   7.3953           630.342      11.011
   7.4953           627.727      10.944
   7.5953           644.360      11.062
   7.6953           610.096      10.770
   7.7953           619.142      10.857
   7.8953           625.682      10.900
   7.9953           617.823      10.784
   8.0953           623.286      10.920
   8.1953           617.944      10.824
   8.2953           610.506      10.754
   8.3953           602.786      10.694
   8.4953           593.990      10.629
   8.5953           612.190      10.762
   8.6953           607.495      10.721
   8.7953           603.449      10.684
   8.8953           587.476      10.556
   8.9953           578.702      10.477
   9.0953           589.988      10.568
   9.1953           565.999      10.393
   9.2953           574.837      10.472
   9.3953           589.413      10.549
   9.4953           565.959      10.413
   9.5953           563.597      10.359
   9.6953           562.754      10.372
   9.7953           566.035      10.500
   9.8953           546.963      10.451
   9.9953           568.450      10.641
  10.0953           555.036      10.355
  10.1953           559.821      10.326
  10.2953           559.068      10.335
  10.3953           549.493      10.218
  10.4953           532.068      10.046
  10.5953           548.916      10.184
  10.6953           543.254      10.169
  10.7953           554.229      10.192
  10.8953           549.327      10.166
  10.9953           538.642      10.063
  11.0953           548.170      10.074
  11.1953           543.015      10.084
  11.2953           537.520      10.630
  11.3953           544.144       9.917
  11.4953           540.786      10.033
  11.5953           537.213      10.019
  11.6953           527.626       9.996
  11.7953           519.968       9.888
  11.8953           523.749       9.939
  11.9953           541.270      10.098
  12.0953           518.046       9.909
  12.1953           527.739       9.975
  12.2953           521.311       9.891
  12.3953           515.610       9.927
  12.4953           519.414       9.923
  12.5953           511.169       9.830
  12.6953           535.958      10.082
  12.7953           522.174      10.016
  12.8953           497.641       9.667
  12.9953           527.086      10.066
  13.0953           530.755      10.415
  13.1953           529.869       9.945
  13.2953           519.984      10.196
  13.3953           511.561       9.867
  13.4953           517.039       9.949
  13.5953           516.595       9.871
  13.6953           504.364       9.820
  13.7953           523.083       9.921
  13.8953           518.236       9.953
  13.9953           517.213       9.831
  14.0953           487.913       9.664
  14.1953           526.700       9.856
  14.2953           513.870       9.913
  14.3953           518.171       9.856
  14.4953           527.637       9.971
  14.5953           515.544       9.927
  14.6953           506.700       9.742
  14.7953           508.276       9.767
  14.8953           489.454       9.593
  14.9953           511.569       9.856
  15.0953           496.710       9.829
  15.1953           517.960       9.572
  15.2953           507.389       9.966
  15.3953           511.028       9.813
  15.4953           519.315       9.880
  15.5953           510.471       9.833
  15.6953           496.695       9.728
  15.7953           522.651       9.913
  15.8953           495.807       9.756
  15.9953           514.824       9.880
  16.0953           518.543       9.976
  16.1953           508.010       9.870
  16.2953           494.293       9.894
  16.3953           508.287      10.077
  16.4953           497.192       9.802
  16.5953           511.585       9.853
  16.6953           501.494       9.805
  16.7953           503.154       9.785
  16.8953           489.586       9.661
  16.9953           506.384       9.791
  17.0953           514.316       9.891
  17.1953           494.045       9.680
  17.2953           502.013       9.728
  17.3953           490.441       9.650
  17.4953           489.867       9.635
  17.5953           502.308       9.692
  17.6953           509.896       9.846
  17.7953           487.034       9.602
  17.8953           484.680       9.538
  17.9953           472.562       9.431
  18.0953           488.365       9.620
  18.1953           502.422       9.738
  18.2953           489.080       9.612
  18.3953           497.259       9.671
  18.4953           483.715       9.586
  18.5953           502.302       9.708
  18.6953           504.008       9.750
  18.7953           495.577       9.702
  18.8953           493.958       9.678
  18.9953           503.840       9.743
  19.0953           509.494       9.849
  19.1953           502.188       9.776
  19.2953           475.948       9.530
  19.3953           494.514       9.713
  19.4953           486.830       9.866
  19.5953           472.842       9.640
  19.6953           493.815       9.714
  19.7953           480.743       9.575
  19.8953           492.576       9.670
  19.9953           487.656       9.610
  20.0953           488.190       9.606
  20.1953           474.815       9.314
  20.2953           493.609      10.028
  20.3953           491.339       9.557
  20.4953           499.799       9.469
  20.5953           504.135       9.881
  20.6953           511.372       9.773
  20.7953           505.090       9.744
  20.8953           542.304      10.089
  20.9953           536.250      10.080
  21.0953           555.290      10.189
  21.1953           562.284      10.285
  21.2953           547.920      10.140
  21.3953           536.075      10.054
  21.4953           509.415       9.793
  21.5953           507.170       9.757
  21.6953           485.103       9.597
  21.7953           490.355       9.562
  21.8953           501.345       9.739
  21.9953           512.685       9.814
  22.0953           504.222       9.762
  22.1953           521.377       9.959
  22.2953           520.773       9.922
  22.3953           486.871       9.630
  22.4953           483.175       9.593
  22.5953           483.831       9.623
  22.6953           464.958       9.604
  22.7953           474.393       9.673
  22.8953           476.736       9.544
  22.9953           462.890       9.335
  23.0953           476.235       9.498
  23.1953           470.685       9.436
  23.2953           464.920       9.338
  23.3953           459.437       9.299
  23.4953           459.457       9.332
  23.5953           457.121       9.203
  23.6953           471.190       9.401
  23.7953           473.762       9.419
  23.8953           464.572       9.325
  23.9953           459.882       9.250
  24.0953           467.105       9.363
  24.1953           454.904       9.236
  24.2953           462.362       9.260
  24.3953           472.156       9.400
  24.4953           478.875       9.441
  24.5953           453.336       9.254
  24.6953           477.805       9.414
  24.7953           489.725       9.537
  24.8953           489.945       9.607
  24.9953           536.927       9.995
  25.0953           559.303      10.223
  25.1953           529.422       9.961
  25.2953           527.093       9.950
  25.3953           488.376       9.569
  25.4953           478.728       9.491
  25.5953           466.330       9.375
  25.6953           442.109       9.114
  25.7953           445.172       9.238
  25.8953           472.702       9.621
  25.9953           445.745       9.362
  26.0953           447.100       9.215
  26.1953           456.039       9.266
  26.2953           461.092       9.293
  26.3953           469.201       9.426
  26.4953           478.075       9.445
  26.5953           478.883       9.444
  26.6953           491.606       9.619
  26.7953           507.589       9.738
  26.8953           501.449       9.686
  26.9953           518.936       9.810
  27.0953           508.615       9.772
  27.1953           512.659       9.767
  27.2953           511.356       9.773
  27.3953           531.530       9.970
  27.4953           561.771      10.233
  27.5953           624.741      10.787
  27.6953           684.100      11.336
  27.7953           826.459      12.402
  27.8953           888.198      12.904
  27.9953           899.640      12.893
  28.0953           829.190      12.489
  28.1953           694.878      11.411
  28.2953           565.885      10.252
  28.3953           495.303       9.658
  28.4953           469.731       9.363
  28.5953           464.558       9.334
  28.6953           458.532       9.302
  28.7953           491.715       9.640
  28.8953           502.306       9.752
  28.9953           549.823      10.184
  29.0953           574.687      10.601
  29.1953           571.089      10.545
  29.2953           566.507      10.443
  29.3953           549.015      10.193
  29.4953           512.739       9.848
  29.5953           474.197       9.433
  29.6953           451.464       9.193
  29.7953           442.256       9.133
  29.8953           454.564       9.261
  29.9953           437.280       9.036
  30.0953           459.585       9.293
  30.1953           443.380       9.123
  30.2953           450.466       9.197
  30.3953           451.389       9.168
  30.4953           452.948       9.242
  30.5953           451.914       9.215
  30.6953           450.011       9.180
  30.7953           466.552       9.331
  30.8953           484.343       9.524
  30.9953           489.149       9.606
  31.0953           517.532       9.819
  31.1953           519.581       9.867
  31.2953           520.760       9.909
  31.3953           487.445       9.550
  31.4953           474.066       9.432
  31.5953           480.808       9.501
  31.6953           445.160       9.183
  31.7953           443.087       9.117
  31.8953           452.220       9.248
  31.9953           418.554       8.867
  32.0953           429.880       9.027
  32.1953           432.977       9.104
  32.2953           432.890       9.231
  32.3953           410.355       8.940
  32.4953           436.370       9.103
  32.5953           421.436       8.899
  32.6953           419.883       8.886
  32.7953           427.991       8.936
  32.8953           433.851       9.037
  32.9953           413.087       8.755
  33.0953           424.463       8.944
  33.1953           427.521       8.903
  33.2953           410.557       8.769
  33.3953           415.974       8.775
  33.4953           425.091       8.903
  33.5953           418.999       8.810
  33.6953           425.832       8.887
  33.7953           431.433       9.002
  33.8953           436.605       8.974
  33.9953           431.217       8.945
  34.0953           411.915       8.758
  34.1953           427.421       8.922
  34.2953           446.410       9.131
  34.3953           429.370       8.852
  34.4953           442.756       9.147
  34.5953           431.206       8.906
  34.6953           424.385       8.931
  34.7953           436.629       9.024
  34.8953           450.946       9.165
  34.9953           450.850       9.157
  35.0953           450.038       9.202
  35.1953           443.256       9.109
  35.2953           476.191       9.475
  35.3953           451.336       9.298
  35.4953           441.946       9.278
  35.5953           456.318       9.435
  35.6953           429.229       9.051
  35.7953           443.783       9.114
  35.8953           479.702       9.501
  35.9953           467.750       9.334
  36.0953           500.492       9.684
  36.1953           495.491       9.605
  36.2953           515.721       9.854
  36.3953           523.678       9.867
  36.4953           528.569       9.954
  36.5953           535.167       9.941
  36.6953           522.254       9.880
  36.7953           467.104       9.296
  36.8953           463.337       9.295
  36.9953           485.055       9.509
  37.0953           442.333       9.063
  37.1953           435.327       8.965
  37.2953           419.054       8.854
  37.3953           448.872       9.125
  37.4953           432.981       8.951
  37.5953           427.469       8.935
  37.6953           442.030       9.065
  37.7953           449.809       9.165
  37.8953           450.550       9.136
  37.9953           451.821       9.183
  38.0953           433.876       9.004
  38.1953           429.002       8.963
  38.2953           435.470       8.998
  38.3953           444.921       9.151
  38.4953           448.786       9.138
  38.5953           449.691       9.267
  38.6953           452.621       9.399
  38.7953           454.461       9.429
  38.8953           481.096       9.557
  38.9953           484.071       9.573
  39.0953           493.311       9.630
  39.1953           544.307      10.071
  39.2953           621.957      10.794
  39.3953           666.544      11.142
  39.4953           656.129      11.092
  39.5953           609.668      10.637
  39.6953           555.106      10.177
  39.7953           482.299       9.460
  39.8953           454.906       9.217
  39.9953           448.748       9.111
  40.0953           461.047       9.260
  40.1953           457.876       9.268
  40.2953           452.648       9.154
  40.3953           443.552       9.069
  40.4953           466.646       9.342
  40.5953           444.008       9.094
  40.6953           426.462       8.900
  40.7953           458.994       9.258
  40.8953           456.501       9.240
  40.9953           443.716       9.088
  41.0953           453.723       9.170
  41.1953           446.559       9.169
  41.2953           429.901       8.958
  41.3953           456.938       9.239
  41.4953           468.201       9.398
  41.5953           453.214       9.215
  41.6953           471.862       9.407
  41.7953           453.571       9.331
  41.8953           467.814       9.723
  41.9953           472.547       9.329
  42.0953           495.740       9.879
  42.1953           559.904      10.246
  42.2953           646.664      11.105
  42.3953           790.187      12.162
  42.4953           903.904      13.062
  42.5953           941.576      13.202
  42.6953           899.900      13.061
  42.7953           827.518      12.434
  42.8953           710.453      11.484
  42.9953           618.188      10.796
  43.0953           561.048      10.209
  43.1953           512.820       9.763
  43.2953           497.658       9.671
  43.3953           534.519       9.953
  43.4953           588.926      10.491
  43.5953           636.806      10.896
  43.6953           645.483      10.937
  43.7953           609.083      10.658
  43.8953           521.175       9.876
  43.9953           487.579       9.504
  44.0953           454.556       9.198
  44.1953           477.747       9.491
  44.2953           491.871       9.557
  44.3953           517.365       9.866
  44.4953           569.607      10.317
  44.5953           652.168      10.995
  44.6953           748.948      11.908
  44.7953           782.013      12.128
  44.8953           711.438      11.575
  44.9953           633.366      10.989
  45.0953           547.357      10.368
  45.1953           491.827       9.780
  45.2953           458.663       9.304
  45.3953           439.959       9.076
  45.4953           433.359       8.978
  45.5953           455.345       9.230
  45.6953           443.031       9.070
  45.7953           483.019       9.462
  45.8953           501.673       9.674
  45.9953           596.266      10.493
  46.0953           711.729      11.459
  46.1953           856.301      12.591
  46.2953           913.286      13.011
  46.3953           876.480      12.708
  46.4953           700.938      11.390
  46.5953           568.415      10.250
  46.6953           485.973       9.473
  46.7953           467.913       9.314
  46.8953           467.705       9.289
  46.9953           468.978       9.282
  47.0953           471.265       9.347
  47.1953           498.122       9.597
  47.2953           528.149       9.891
  47.3953           584.520      10.390
  47.4953           612.592      10.661
  47.5953           646.997      10.914
  47.6953           592.853      10.510
  47.7953           543.952      10.037
  47.8953           507.196       9.718
  47.9953           499.549       9.671
  48.0953           515.333       9.770
  48.1953           580.665      10.528
  48.2953           831.967      12.713
  48.3953          1135.424      14.900
  48.4953          1811.628      18.460
  48.5953          2674.490      22.397
  48.6953          3368.696      25.055
  48.7953          3543.665      25.785
  48.8953          3275.898      24.634
  48.9953          2601.548      21.989
  49.0953          1829.231      18.524
  49.1953          1233.026      15.078
  49.2953           759.719      11.863
  49.3953           576.248      10.345
  49.4953           500.505       9.629
  49.5953           483.480       9.460
  49.6953           475.754       9.359
  49.7953           480.841       9.485
  49.8953           471.462       9.298
  49.9953           467.582       9.287
  50.0953           469.575       9.350
  50.1953           481.726       9.449
  50.2953           480.822       9.433
  50.3953           471.748       9.349
  50.4953           461.169       9.242
  50.5953           466.869       9.326
  50.6953           483.010       9.451
  50.7953           488.782       9.544
  50.8953           554.086      10.152
  50.9953           607.191      10.636
  51.0953           720.852      11.603
  51.1953           815.084      12.343
  51.2953           833.131      12.488
  51.3953           726.393      11.654
  51.4953           602.394      10.872
  51.5953           498.152       9.823
  51.6953           458.759       9.322
  51.7953           461.910       9.289
  51.8953           469.264       9.339
  51.9953           508.630       9.699
  52.0953           512.102       9.767
  52.1953           515.517       9.788
  52.2953           514.571       9.718
  52.3953           502.820       9.659
  52.4953           519.331       9.776
  52.5953           519.750       9.777
  52.6953           498.322       9.588
  52.7953           487.132       9.465
  52.8953           469.561       9.324
  52.9953           442.678       9.001
  53.0953           447.791       9.099
  53.1953           439.501       8.983
  53.2953           447.267       9.079
  53.3953           437.977       8.985
  53.4953           435.555       8.973
  53.5953           451.291       9.092
  53.6953           432.623       8.945
  53.7953           435.370       8.971
  53.8953           433.465       8.906
  53.9953           470.318       9.349
  54.0953           440.116       9.029
  54.1953           445.332       9.068
  54.2953           465.409       9.288
  54.3953           468.166       9.350
  54.4953           494.329       9.576
  54.5953           569.179      10.350
  54.6953           579.664      10.604
  54.7953           587.269      10.699
  54.8953           562.811      10.267
  54.9953           537.104      10.033
  55.0953           481.030       9.436
  55.1953           475.239       9.407
  55.2953           498.399       9.578
  55.3953           468.937       9.323
  55.4953           472.246       9.350
  55.5953           449.176       9.078
  55.6953           459.295       9.238
  55.7953           441.920       9.038
  55.8953           453.488       9.138
  55.9953           463.137       9.231
  56.0953           444.547       9.048
  56.1953           431.316       8.922
  56.2953           444.616       9.051
  56.3953           429.766       8.875
  56.4953           458.074       9.219
  56.5953           443.596       9.057
  56.6953           447.722       9.071
  56.7953           454.662       9.154
  56.8953           449.869       9.128
  56.9953           453.815       9.117
  57.0953           455.695       9.191
  57.1953           446.436       9.079
  57.2953           459.079       9.243
  57.3953           445.276       9.101
  57.4953           450.296       9.088
  57.5953           439.827       9.083
  57.6953           441.292       9.070
  57.7953           427.181       8.948
  57.8953           440.952       9.313
  57.9953           449.275       9.278
  58.0953           433.090       9.034
  58.1953           443.677       9.094
  58.2953           432.450       8.951
  58.3953           433.381       8.998
  58.4953           444.894       9.042
  58.5953           425.419       8.890
  58.6953           427.477       8.865
  58.7953           422.765       8.829
  58.8953           434.250       8.950
  58.9953           425.261       8.898
  59.0953           422.048       8.693
  59.1953           434.622       8.996
  59.2953           456.890       9.182
  59.3953           442.373       9.019
  59.4953           461.166       9.196
  59.5953           457.674       9.164
  59.6953           452.308       9.119
  59.7953           461.322       9.265
  59.8953           440.306       8.928
  59.9953           446.763       9.097
  60.0953           439.777       9.022
  60.1953           434.321       8.921
  60.2953           449.525       9.071
  60.3953           439.673       9.031
  60.4953           433.711       8.918
  60.5953           455.691       9.165
  60.6953           426.340       8.884
  60.7953           442.220       9.049
  60.8953           485.870       9.525
  60.9953           512.920       9.829
  61.0953           535.879      10.151
  61.1953           554.291      10.356
  61.2953           509.665       9.738
  61.3953           468.191       9.297
  61.4953           447.526       9.054
  61.5953           440.061       9.009
  61.6953           432.736       8.902
  61.7953           436.820       8.945
  61.8953           439.565       9.008
  61.9953           441.402       8.964
  62.0953           474.280       9.275
  62.1953           471.803       9.339
  62.2953           454.228       9.074
  62.3953           475.102       9.305
  62.4953           462.706       9.172
  62.5953           482.563       9.437
  62.6953           487.812       9.393
  62.7953           457.916       9.138
  62.8953           443.761       8.989
  62.9953           433.046       8.884
  63.0953           425.683       8.792
  63.1953           420.878       8.742
  63.2953           432.228       8.941
  63.3953           429.976       8.819
  63.4953           429.782       8.834
  63.5953           451.949       9.116
  63.6953           436.679       8.947
  63.7953           446.808       9.003
  63.8953           428.295       8.886
  63.9953           464.599       9.213
  64.0953           541.146       9.984
  64.1953           758.395      11.862
  64.2953          1178.612      14.798
  64.3953          1839.042      19.198
  64.4953          2257.291      20.237
  64.5953          2403.729      21.236
  64.6953           923.727      12.476
  64.7953          1117.644      13.808
  64.8953           731.952      12.734
  64.9953           608.130      12.264
  65.0953           557.931      10.339
  65.1953           606.145       9.714
  65.2953           697.401      11.198
  65.3953           735.049      11.552
  65.4953           634.380      10.780
  65.5953           539.230       9.871
  65.6953           462.424       9.234
  65.7953           444.079       9.009
  65.8953           442.441       8.975
  65.9953           448.847       9.063
  66.0953           423.583       8.830
  66.1953           432.712       8.888
  66.2953           449.336       9.063
  66.3953           445.431       9.019
  66.4953           437.403       9.017
  66.5953           436.523       8.898
  66.6953           421.797       8.807
  66.7953           444.942       9.071
  66.8953           427.629       8.892
  66.9953           439.967       8.971
  67.0953           436.431       8.993
  67.1953           435.636       8.956
  67.2953           436.030       9.018
  67.3953           449.497       9.160
  67.4953           497.050       9.805
  67.5953           581.109      10.555
  67.6953           655.360      11.027
  67.7953           674.983      11.154
  67.8953           622.762      10.693
  67.9953           524.526       9.810
  68.0953           452.861       9.068
  68.1953           436.238       8.914
  68.2953           441.693       9.001
  68.3953           443.744       8.958
  68.4953           413.039       8.663
  68.5953           423.428       8.763
  68.6953           423.073       8.765
  68.7953           434.836       8.872
  68.8953           472.563       9.222
  68.9953           573.425      10.236
  69.0953           705.019      11.226
  69.1953           847.621      12.399
  69.2953           817.614      12.192
  69.3953           668.798      11.044
  69.4953           548.659       9.910
  69.5953           478.130       9.323
  69.6953           459.543       9.127
  69.7953           431.736       8.848
  69.8953           440.327       8.911
  69.9953           420.867       8.766
  70.0953           439.371       8.965
  70.1953           460.138       9.134
  70.2953           503.063       9.605
  70.3953           537.240       9.918
  70.4953           557.272      10.072
  70.5953           498.302       9.624
  70.6953           481.640       9.591
  70.7953           510.900       9.840
  70.8953           534.740       9.935
  70.9953           497.012       9.539
  71.0953           507.322       9.662
  71.1953           464.743       9.176
  71.2953           438.272       8.941
  71.3953           435.263       8.892
  71.4953           437.109       8.909
  71.5953           413.210       8.658
  71.6953           448.879       9.005
  71.7953           422.561       8.741
  71.8953           423.698       8.780
  71.9953           427.297       8.790
  72.0953           426.429       8.810
  72.1953           417.401       8.683
  72.2953           419.197       8.705
  72.3953           453.312       9.043
  72.4953           450.430       9.023
  72.5953           533.458       9.884
  72.6953           622.460      10.555
  72.7953           695.129      11.174
  72.8953           724.833      11.433
  72.9953           606.403      10.388
  73.0953           570.308      10.145
  73.1953           474.857       9.118
  73.2953           435.167       8.655
  73.3953           422.224       7.545
  73.4953           444.025      17.078
  73.5953           461.453       8.771
  73.6953           538.919       9.197
  73.7953           604.155       9.636
  73.8953           595.531      14.104
  73.9953           540.047       9.610
  74.0953           465.926       9.243
  74.1953           425.169       8.789
  74.2953           428.355       8.833
  74.3953           425.746       8.822
  74.4953           425.685       8.774
  74.5953           419.726       8.792
  74.6953           420.671       8.758
  74.7953           425.476       8.813
  74.8953           432.881       8.838
  74.9953           424.861       8.823
  75.0953           418.897       8.744
  75.1953           423.225       8.757
  75.2953           421.986       8.763
  75.3953           427.914       8.846
  75.4953           411.719       8.634
  75.5953           414.086       8.668
  75.6953           422.390       8.773
  75.7953           444.392       8.987
  75.8953           468.506       9.233
  75.9953           489.486       9.452
  76.0953           512.154       9.639
  76.1953           554.514      10.080
  76.2953           640.358      10.748
  76.3953           715.617      11.463
  76.4953           822.384      12.235
  76.5953           884.291      12.689
  76.6953           809.151      12.201
  76.7953           648.442      10.911
  76.8953           559.401      10.147
  76.9953           625.875      10.793
  77.0953           878.265      12.979
  77.1953          1485.423      16.899
  77.2953          1948.002      19.083
  77.3953          2014.414      19.296
  77.4953          1497.827      16.605
  77.5953           971.815      13.442
  77.6953          1007.091      13.524
  77.7953          1593.861      17.110
  77.8953          2304.841      20.605
  77.9953          2399.929      20.962
  78.0953          1723.830      17.727
  78.1953           977.505      13.416
  78.2953           568.544      10.193
  78.3953           462.891       9.201
  78.4953           443.401       9.006
  78.5953           427.010       8.854
  78.6953           427.237       8.840
  78.7953           438.922       8.959
  78.8953           453.946       9.143
  78.9953           490.232       9.482
  79.0953           551.716      10.058
  79.1953           584.495      10.334
  79.2953           558.996      10.152
  79.3953           472.364       9.294
  79.4953           426.669       8.794
  79.5953           436.347       8.986
  79.6953           420.478       8.794
  79.7953           402.483       8.591
  79.8953           414.827       8.771
  79.9953           415.549       8.762
  80.0953           415.697       8.777
  80.1953           415.156       8.823
  80.2953           416.063       8.992
  80.3953           410.148       8.827
  80.4953           415.367       8.824
  80.5953           413.509       8.723
  80.6953           407.565       8.695
  80.7953           418.331       8.757
  80.8953           428.220       8.881
  80.9953           459.422       9.145
  81.0953           471.006       9.300
  81.1953           497.432       9.522
  81.2953           470.117       9.286
  81.3953           436.628       8.894
  81.4953           434.900       8.915
  81.5953           446.456       9.023
  81.6953           442.753       8.982
  81.7953           445.496       9.032
  81.8953           455.157       9.083
  81.9953           459.640       9.135
  82.0953           446.802       9.034
  82.1953           445.340       9.040
  82.2953           461.733       9.140
  82.3953           486.520       9.410
  82.4953           466.962       9.249
  82.5953           450.595       9.061
  82.6953           453.813       9.053
  82.7953           456.833       9.192
  82.8953           437.924       8.947
  82.9953           428.649       8.846
  83.0953           422.363       8.809
  83.1953           428.256       8.882
  83.2953           478.446       9.387
  83.3953           624.280      10.765
  83.4953           807.143      12.465
  83.5953           858.650      12.807
  83.6953           768.097      11.990
  83.7953           606.549      10.551
  83.8953           500.055       9.622
  83.9953           485.195       9.447
  84.0953           489.215       9.477
  84.1953           503.844       9.597
  84.2953           594.463      10.450
  84.3953           635.519      10.719
  84.4953           577.850      10.299
  84.5953           497.766       9.532
  84.6953           427.675       8.820
  84.7953           430.254       8.847
  84.8953           413.323       8.798
  84.9953           415.402       8.508
  85.0953           429.000       8.934
  85.1953           419.786       8.727
  85.2953           426.067       8.813
  85.3953           417.502       8.747
  85.4953           403.120       8.562
  85.5953           396.544       8.476
  85.6953           410.684       8.666
  85.7953           413.695       8.683
  85.8953           416.496       8.702
  85.9953           431.149       8.932
  86.0953           423.803       8.755
  86.1953           431.707       8.926
  86.2953           435.549       8.904
  86.3953           438.895       8.989
  86.4953           413.108       8.780
  86.5953           422.792       8.816
  86.6953           420.787       8.988
  86.7953           479.535       9.608
  86.8953           596.601      10.545
  86.9953          1032.142      13.779
  87.0953          1914.645      18.765
  87.1953          2833.956      22.805
  87.2953          3011.826      23.424
  87.3953          2482.295      21.328
  87.4953          1699.156      17.653
  87.5953          1013.985      13.563
  87.6953           595.271      10.402
  87.7953           469.112       9.263
  87.8953           434.038       8.891
  87.9953           417.822       8.691
  88.0953           431.401       8.875
  88.1953           414.834       8.703
  88.2953           412.417       8.637
  88.3953           426.269       8.795
  88.4953           420.562       8.764
  88.5953           425.765       8.803
  88.6953           405.230       8.577
  88.7953           408.571       8.648
  88.8953           402.434       8.535
  88.9953           405.283       8.619
  89.0953           409.565       8.613
  89.1953           398.236       8.563
  89.2953           410.133       8.629
  89.3953           427.669       8.847
  89.4953           382.696       8.393
  89.5953           415.627       8.691
  89.6953           405.250       8.660
  89.7953           417.084       8.773
  89.8953           433.277       9.098
  89.9953           515.279       9.933
  90.0953           643.407      10.938
  90.1953           759.951      11.840
  90.2953           767.589      11.878
  90.3953           631.426      10.731
  90.4953           498.450       9.478
  90.5953           425.367       8.814
  90.6953           397.549       8.497
  90.7953           396.834       8.497
  90.8953           401.760       8.531
  90.9953           402.373       8.548
  91.0953           404.323       8.597
  91.1953           394.489       8.426
  91.2953           385.187       8.382
  91.3953           399.584       8.492
  91.4953           408.438       8.630
  91.5953           428.725       8.818
  91.6953           536.670       9.878
  91.7953           718.914      11.462
  91.8953           907.484      12.749
  91.9953           925.723      13.019
  92.0953           667.056      10.983
  92.1953           499.045       9.542
  92.2953           437.801       8.907
  92.3953           452.911       9.109
  92.4953           470.357       9.275
  92.5953           447.860       9.032
  92.6953           430.214       8.860
  92.7953           423.852       8.848
  92.8953           399.690       8.553
  92.9953           415.902       8.813
  93.0953           433.282       9.116
  93.1953           435.631       9.137
  93.2953           429.275       9.006
  93.3953           451.595       9.142
  93.4953           431.989       8.936
  93.5953           400.188       8.593
  93.6953           404.105       8.635
  93.7953           394.245       8.516
  93.8953           369.064       8.253
  93.9953           390.473       8.483
  94.0953           384.009       8.364
  94.1953           396.400       8.535
  94.2953           388.528       8.452
  94.3953           401.445       8.557
  94.4953           412.498       8.700
  94.5953           472.419       9.310
  94.6953           503.897       9.616
  94.7953           580.466      10.298
  94.8953           637.644      10.826
  94.9953           667.377      11.111
  95.0953           562.860      10.098
  95.1953           492.979       9.575
  95.2953           555.242      10.077
  95.3953           762.933      11.834
  95.4953           954.190      13.232
  95.5953           924.820      13.055
  95.6953           744.560      11.718
  95.7953           663.628      11.059
  95.8953           656.106      10.926
  95.9953           709.429      11.602
  96.0953           679.758      11.127
  96.1953           635.585      10.942
  96.2953           597.061      10.724
  96.3953           513.731       9.911
  96.4953           510.426       9.810
  96.5953           519.092       9.799
  96.6953           748.870      11.794
  96.7953          1067.855      14.098
  96.8953          1401.532      16.031
  96.9953          1344.329      15.762
  97.0953           972.171      13.408
  97.1953           700.170      11.290
  97.2953           671.901      11.134
  97.3953           692.769      11.295
  97.4953           669.226      11.095
  97.5953           676.031      11.124
  97.6953           708.647      11.409
  97.7953           632.632      10.774
  97.8953           534.204       9.888
  97.9953           427.503       8.839
  98.0953           419.159       8.774
  98.1953           449.479       9.103
  98.2953           471.094       9.248
  98.3953           533.473       9.925
  98.4953           606.776      10.590
  98.5953           652.122      10.887
  98.6953           617.347      10.636
  98.7953           528.450       9.887
  98.8953           526.903       9.865
  98.9953           574.131      10.262
  99.0953           569.236      10.274
  99.1953           537.157       9.929
  99.2953           492.642       9.601
  99.3953           458.597       9.246
  99.4953           446.635       9.305
  99.5953           428.690       9.056
  99.6953           411.726       8.784
  99.7953           396.528       8.520
  99.8953           398.852       8.560
  99.9953           402.377       8.596
 100.0953           392.409       8.467
 100.1953           416.256       8.714
 100.2953           437.122       8.951
 100.3953           473.841       9.268
 100.4953           493.552       9.486
 100.5953           492.516       9.466
 100.6953           450.447       9.054
 100.7953           423.636       8.763
 100.8953           390.088       8.425
 100.9953           390.104       8.411
 101.0953           401.675       8.546
 101.1953           422.943       8.753
 101.2953           392.989       8.458
 101.3953           391.589       8.437
 101.4953           387.484       8.390
 101.5953           373.813       8.272
 101.6953           389.397       8.410
 101.7953           377.333       8.272
 101.8953           378.836       8.329
 101.9953           387.310       8.400
 102.0953           374.149       8.270
 102.1953           376.578       8.277
 102.2953           380.599       8.361
 102.3953           391.411       8.471
 102.4953           390.961       8.434
 102.5953           395.602       8.586
 102.6953           414.719       8.895
 102.8953           664.137      11.173
 102.9953           873.723      12.699
 103.0953           904.930      12.924
 103.1953           724.252      11.566
 103.2953           529.315       9.839
 103.3953           447.460       9.072
 103.4953           417.864       8.749
 103.5953           408.534       8.611
 103.6953           416.591       8.723
 103.7953           425.438       8.821
 103.8953           410.359       8.653
 103.9953           440.893       8.972
 104.0953           432.039       8.875
 104.1953           403.045       8.601
 104.2953           377.470       8.283
 104.3953           395.487       8.498
 104.4953           406.605       8.610
 104.5953           404.694       8.601
 104.6953           390.262       8.428
 104.7953           387.288       8.419
 104.8953           382.120       8.358
 104.9953           370.735       8.251
 105.0953           390.951       8.416
 105.1953           364.841       8.216
 105.2953           388.798       8.426
 105.3953           381.639       8.382
 105.4953           395.279       8.525
 105.5953           442.057       9.012
 105.6953           430.611       8.866
 105.7953           476.347       9.439
 105.8953           570.310      10.565
 105.9953           597.552      10.461
 106.0953           661.258      11.245
 106.1953           642.607      10.857
 106.2953           669.805      11.149
 106.3953           757.664      11.750
 106.4953           749.657      11.723
 106.5953           666.150      11.031
 106.6953           523.720       9.798
 106.7953           513.713       9.650
 106.8953           567.426      10.009
 106.9953           641.665      11.235
 107.0953           679.134      10.914
 107.1953           630.998      10.686
 107.2953           533.000       9.891
 107.3953           450.500       9.024
 107.4953           402.106       8.557
 107.5953           365.866       8.151
 107.6953           393.081       8.462
 107.7953           444.296       9.011
 107.8953           556.889      10.062
 107.9953           649.035      10.901
 108.0953           681.336      11.126
 108.1953           594.926      10.447
 108.2953           467.273       9.224
 108.3953           388.934       8.445
 108.4953           377.921       8.294
 108.5953           375.664       8.301
 108.6953           393.908       8.511
 108.7953           431.145       8.900
 108.8953           504.479       9.585
 108.9953           595.433      10.586
 109.0953           689.312      11.462
 109.1953           757.407      12.028
 109.2953           786.742      12.156
 109.3953           762.360      11.836
 109.4953           666.456      11.092
 109.5953           523.235       9.864
 109.6953           476.324       9.308
 109.7953           446.681       9.073
 109.8953           419.266       8.742
 109.9953           406.627       8.624
 110.0953           417.439       8.714
 110.1953           487.149       9.422
 110.2953           557.441      10.080
 110.3953           642.509      10.810
 110.4953           631.205      10.695
 110.5953           541.582       9.988
 110.6953           452.052       9.046
 110.7953           381.045       8.333
 110.8953           393.718       8.462
 110.9953           434.150       8.909
 111.0953           512.013       9.638
 111.1953           622.551      10.645
 111.2953           645.394      10.846
 111.3953           544.969       9.986
 111.4953           477.988       9.310
 111.5953           391.140       8.489
 111.6953           371.686       8.213
 111.7953           387.719       8.471
 111.8953           397.107       8.476
 111.9953           388.888       8.517
 112.0953           343.529       7.914
 112.1953           357.665       8.190
 112.2953           350.541       8.183
 112.3953           331.144       7.943
 112.4953           358.566       8.149
 112.5953           358.724       8.086
 112.6953           401.971       8.584
 112.7953           520.687       9.724
 112.8953           661.822      10.959
 112.9953           753.332      11.673
 113.0953           748.850      11.702
 113.1953           617.574      10.570
 113.2953           467.047       9.177
 113.3953           399.158       8.529
 113.4953           360.984       8.084
 113.5953           353.740       8.023
 113.6953           348.230       7.912
 113.7953           351.414       7.970
 113.8953           370.028       8.183
 113.9953           372.629       8.190
 114.0953           416.437       8.655
 114.1953           470.212       9.306
 114.2953           501.913       9.482
 114.3953           456.571       9.095
 114.4953           410.104       8.623
 114.5953           387.574       8.363
 114.6953           351.134       8.016
 114.7953           354.448       7.946
 114.8953           362.785       8.190
 114.9953           347.512       7.925
 115.0953           335.963       7.839
 115.1953           340.978       7.881
 115.2953           367.138       8.224
 115.3953           362.048       8.157
 115.4953           375.681       8.484
 115.5953           436.119       9.074
 115.6953           546.973      10.072
 115.7953           635.296      10.757
 115.8953           655.863      10.948
 115.9953           604.971      10.530
 116.0953           501.142       9.536
 116.1953           445.137       9.008
 116.2953           425.370       8.801
 116.3953           390.612       8.416
 116.4953           395.399       8.525
 116.5953           406.850       8.502
 116.6953           419.015       8.743
 116.7953           404.514       8.549
 116.8953           378.984       8.292
 116.9953           353.939       8.017
 117.0953           350.696       7.950
 117.1953           346.502       7.937
 117.2953           352.353       7.983
 117.3953           348.569       7.951
 117.4953           362.627       8.109
 117.5953           351.012       7.967
 117.6953           347.241       7.935
 117.7953           349.856       7.970
 117.8953           337.352       7.795
 117.9953           344.515       7.995
 118.0953           321.062       7.522
 118.1953           334.970       7.876
 118.2953           332.810       7.773
 118.3953           355.572       8.067
 118.4953           377.499       8.295
 118.5953           386.323       8.461
 118.6953           431.173       9.012
 118.7953           451.165       9.319
 118.8953           476.492       9.329
 118.9953           470.439       9.305
 119.0953           461.985       9.136
 119.1953           437.713       8.944
 119.2953           476.951       9.302
 119.3953           575.556      10.214
 119.4953           709.295      11.333
 119.5953           839.550      12.352
 119.6953           781.014      11.831
 119.7953           721.811      11.456
 119.8953           583.819      10.268
 119.9953           471.818       9.214
 120.0953           411.879       8.590
 120.1953           354.190       8.149
 120.2953           334.166       7.497
 120.3953           322.965       7.756
 120.4953           322.807       7.626
 120.5953           307.590       7.484
 120.6953           310.500       7.427
 120.7953           309.174       7.490
 120.8953           321.430       7.597
 120.9953           316.627       7.567
 121.0953           308.410       7.445
 121.1953           321.248       7.634
 121.2953           324.348       7.673
 121.3953           294.540       7.293
 121.4953           320.342       7.619
 121.5953           321.448       7.719
 121.6953           315.258       7.458
 121.7953           332.866       7.971
 121.8953           338.594       7.939
 121.9953           391.374       8.623
 122.0953           430.600       8.928
 122.1953           466.044       9.209
 122.2953           482.052       9.412
 122.3953           488.147       9.429
 122.4953           498.884       9.573
 122.5953           499.732       9.533
 122.6953           472.722       9.314
 122.7953           404.821       8.567
 122.8953           364.432       8.119
 122.9953           333.013       7.817
 123.0953           331.606       7.758
 123.1953           331.109       7.734
 123.2953           357.300       8.069
 123.3953           367.729       8.164
 123.4953           389.380       8.396
 123.5953           375.091       8.244
 123.6953           373.712       8.262
 123.7953           358.559       8.068
 123.8953           332.984       7.765
 123.9953           330.863       7.745
 124.0953           336.152       7.822
 124.1953           321.515       7.646
 124.2953           366.970       8.171
 124.3953           367.824       8.192
 124.4953           399.774       8.560
 124.5953           396.941       8.490
 124.6953           378.113       8.351
 124.7953           354.024       7.964
 124.8953           340.865       7.927
 124.9953           330.167       7.830
 125.0953           316.072       7.702
 125.1953           313.934       7.724
 125.2953           314.209       7.641
 125.3953           333.645       7.877
 125.4953           334.061       7.769
 125.5953           357.987       8.066
 125.6953           371.932       8.217
 125.7953           459.626       9.093
 125.8953           465.753       9.182
 125.9953           488.321       9.382
 126.0953           484.698       9.311
 126.1953           456.516       9.076
 126.2953           385.767       8.343
 126.3953           338.278       7.775
 126.4953           336.197       7.816
 126.5953           309.969       7.450
 126.6953           310.467       7.469
 126.7953           323.845       7.620
 126.8953           329.283       7.697
 126.9953           359.713       8.072
 127.0953           383.276       8.272
 127.1953           411.357       8.587
 127.2953           451.599       9.019
 127.3953           444.956       9.000
 127.4953           443.741       8.905
 127.5953           392.921       8.427
 127.6953           367.916       8.136
 127.7953           329.957       7.747
 127.8953           326.733       7.674
 127.9953           325.783       7.717
 128.0953           318.050       7.560
 128.1953           311.387       7.599
 128.2953           306.095       7.596
 128.3953           306.616       7.616
 128.4953           321.094       7.698
 128.5953           303.334       7.441
 128.6953           325.245       7.692
 128.7953           300.965       7.407
 128.8953           302.907       7.395
 128.9953           322.016       7.656
 129.0953           342.827       7.907
 129.1953           391.592       8.387
 129.2953           426.482       8.768
 129.3953           451.362       9.060
 129.4953           494.330       9.432
 129.5953           482.123       9.327
 129.6953           468.460       9.201
 129.7953           424.905       8.784
 129.8953           365.902       8.113
 129.9953           355.090       8.017
 130.0953           341.655       7.832
 130.1953           339.956       7.845
 130.2953           325.838       7.669
 130.3953           321.879       7.616
 130.4953           313.780       7.537
 130.5953           320.072       7.608
 130.6953           330.486       7.721
 130.7953           324.581       7.680
 130.8953           320.373       7.624
 130.9953           333.632       7.774
 131.0953           354.892       8.033
 131.1953           363.378       8.146
 131.2953           389.735       8.399
 131.3953           392.502       8.523
 131.4953           395.282       8.628
 131.5953           389.149       8.616
 131.6953           381.979       8.390
 131.7953           370.597       8.213
 131.8953           355.914       8.023
 131.9953           335.480       7.832
 132.0953           336.630       7.787
 132.1953           320.848       7.650
 132.2953           329.852       7.732
 132.3953           309.320       7.450
 132.4953           307.947       7.467
 132.5953           317.567       7.546
 132.6953           297.987       7.358
 132.7953           324.858       7.625
 132.8953           318.029       7.566
 132.9953           323.169       7.630
 133.0953           320.453       7.589
 133.1953           329.574       7.577
 133.2953           321.928       7.852
 133.3953           340.533       7.719
 133.4953           321.075       7.591
 133.5953           334.675       7.762
 133.6953           337.017       7.787
 133.7953           345.847       7.905
 133.8953           355.003       7.954
 133.9953           366.339       8.157
 134.0953           351.147       7.964
 134.1953           350.363       7.930
 134.2953           355.908       8.041
 134.3953           371.887       8.218
 134.4953           358.410       8.055
 134.5953           336.836       7.883
 134.6953           327.073       7.891
 134.7953           328.399       7.837
 134.8953           336.235       7.879
 134.9953           311.078       7.488
 135.0953           300.822       7.361
 135.1953           304.336       7.425
 135.2953           290.374       7.237
 135.3953           284.636       7.156
 135.4953           288.149       7.220
 135.5953           302.810       7.355
 135.6953           302.194       7.377
 135.7953           288.148       7.172
 135.8953           300.775       7.369
 135.9953           318.896       7.563
 136.0953           331.971       7.716
 136.1953           351.322       7.958
 136.2953           392.378       8.369
 136.3953           486.776       9.351
 136.4953           589.493      10.301
 136.5953           700.258      11.236
 136.6953           785.073      11.830
 136.7953           829.334      12.212
 136.8953           817.691      12.133
 136.9953           769.012      11.707
 137.0953           682.369      11.087
 137.1953           574.962      10.198
 137.2953           483.913       9.330
 137.3953           423.911       8.724
 137.4953           415.664       8.658
 137.5953           408.065       8.589
 137.6953           465.545       9.185
 137.7953           488.352       9.439
 137.8953           533.062      10.024
 137.9953           536.050      10.043
 138.0953           548.705      10.045
 138.1953           548.433       9.918
 138.2953           526.751       9.790
 138.3953           454.751       9.036
 138.4953           449.801       8.991
 138.5953           399.381       8.467
 138.6953           366.816       8.104
 138.7953           340.200       7.782
 138.8953           325.174       7.608
 138.9953           320.999       7.583
 139.0953           308.183       7.409
 139.1953           287.692       7.130
 139.2953           286.651       7.182
 139.3953           303.312       7.320
 139.4953           290.497       7.217
 139.5953           296.085       7.215
 139.6953           294.903       7.271
 139.7953           293.695       7.254
 139.8953           295.338       7.234
 139.9953           322.681       7.583
 140.0953           334.022       7.714
 140.1953           345.813       7.880
 140.2953           388.742       8.301
 140.3953           414.645       8.640
 140.4953           463.593       9.109
 140.5953           462.120       9.103
 140.6953           480.145       9.311
 140.7953           478.638       9.272
 140.8953           461.992       9.126
 140.9953           445.175       9.051
 141.0953           436.181       9.038
 141.1953           452.059       9.208
 141.2953           475.425       9.299
 141.3953           477.468       9.237
 141.4953           517.774       9.658
 141.5953           526.136       9.687
 141.6953           533.705       9.788
 141.7953           535.135       9.803
 141.8953           502.905       9.459
 141.9953           499.011       9.390
 142.0953           448.316       8.947
 142.1953           435.385       8.823
 142.2953           413.690       8.585
 142.3953           458.412       8.985
 142.4953           462.996       9.105
 142.5953           522.759       9.649
 142.6953           566.940      10.027
 142.7953           609.413      10.387
 142.8953           612.476      10.441
 142.9953           605.411      10.381
 143.0953           584.110      10.156
 143.1953           593.395      10.285
 143.2953           539.431       9.792
 143.3953           510.778       9.533
 143.4953           503.554       9.447
 143.5953           493.894       9.376
 143.6953           463.355       9.142
 143.7953           469.121       9.254
 143.8953           495.761       9.088
 143.9953           485.176       9.490
 144.0953           477.487       9.218
 144.1953           470.587       9.283
 144.2953           428.050       8.898
 144.3953           413.469       8.821
 144.4953           369.966       8.232
 144.5953           357.362       8.017
 144.6953           331.823       7.708
 144.7953           327.005       7.663
 144.8953           313.567       7.479
 144.9953           310.010       7.443
 145.0953           299.284       7.300
 145.1953           290.075       7.207
 145.2953           284.495       7.088
 145.3953           295.684       7.264
 145.4953           300.113       7.311
 145.5953           282.982       6.549
 145.6953           330.745       9.340
 145.7953           299.290       6.757
 145.8953           294.433       7.224
 145.9953           312.856       7.443
 146.0953           310.213       7.426
 146.1953           324.275       7.601
 146.2953           343.493       7.817
 146.3953           351.557       7.845
 146.4953           348.918       7.924
 146.5953           340.536       7.772
 146.6953           355.753       7.947
 146.7953           363.877       8.082
 146.8953           390.220       8.342
 146.9953           385.608       8.307
 147.0953           409.061       8.556
 147.1953           378.958       8.236
 147.2953           388.663       8.345
 147.3953           406.605       8.593
 147.4953           407.004       8.741
 147.5953           387.577       8.492
 147.6953           367.997       8.210
 147.7953           337.766       7.771
 147.8953           344.827       7.896
 147.9953           328.931       7.645
 148.0953           297.598       7.320
 148.1953           291.874       7.190
 148.2953           296.116       7.308
 148.3953           290.679       7.187
 148.4953           288.899       7.270
 148.5953           292.066       6.988
 148.6953           283.245       7.234
 148.7953           276.212       7.204
 148.8953           279.790       6.679
 148.9953           292.355       7.224
 149.0953           280.069       7.193
 149.1953           297.939       7.118
 149.2953           300.256       7.238
 149.3953           315.840       7.467
 149.4953           321.597       7.461
 149.5953           326.191       7.475
 149.6953           322.588       7.707
 149.7953           331.575       7.659
 149.8953           333.632       7.443
 149.9953           330.685       8.054
 150.0953           334.246       7.217
 150.1953           326.960       8.406
 150.2953           303.221       6.980
 150.3953           310.102       7.495
 150.4953           304.146       7.377
 150.5953           300.457       7.368
 150.6953           289.966       6.663
 150.7953             0.000       0.000
 150.8953             0.000       0.000
