XYDATA  Co2SiO4 8mmV 1.87A HiRes FullBeam 500K CF ROC 
INTER        1       1       0     0.100000
TEMP       56.7860      56.0250      56.0020
! d20 23-Apr-08 09:22:09 User Sazono   L.C.Hansen  Run 594842*d20_2008_04_5880
! d20 23-Apr-08 09:22:09 User Sazono   L.C.Hansen  Run 594842*d20_2008_04_5880
! Monitor/counts, Counting time/sec:       100000.      62.5111
   0.0953          4111.988      28.081
   0.1953          4311.934      29.226
   0.2953          4346.018      29.607
   0.3953          4186.541      28.873
   0.4953          3899.440      27.661
   0.5953          3487.023      25.948
   0.6953          3090.646      24.360
   0.7953          2669.017      22.697
   0.8953          2274.249      20.883
   0.9953          1978.188      19.526
   1.0953          1632.227      17.681
   1.1953          1374.351      16.192
   1.2953          1045.276      14.147
   1.3953           783.987      12.241
   1.4953           556.404      10.306
   1.5953           434.884       9.088
   1.6953           381.176       8.553
   1.7953           346.139       8.145
   1.8953           320.500       7.808
   1.9953           321.383       7.822
   2.0953           302.089       7.605
   2.1953           290.564       7.453
   2.2953           294.833       7.484
   2.3953           284.254       7.362
   2.4953           282.975       7.376
   2.5953           263.355       7.043
   2.6953           262.045       7.119
   2.7953           250.268       6.904
   2.8953           255.935       7.010
   2.9953           271.148       7.208
   3.0953           251.168       6.950
   3.1953           245.839       6.871
   3.2953           244.069       6.838
   3.3953           234.452       6.762
   3.4953           241.598       6.960
   3.5953           242.623       6.972
   3.6953           245.896       6.936
   3.7953           249.386       6.941
   3.8953           255.812       7.012
   3.9953           267.669       7.177
   4.0953           319.204       7.795
   4.1953           327.689       7.969
   4.2953           371.079       8.403
   4.3953           423.445       8.979
   4.4953           478.066       9.537
   4.5953           533.035      10.124
   4.6953           568.898      10.373
   4.7953           613.041      10.803
   4.8953           649.299      11.124
   4.9953           647.940      11.143
   5.0953           671.498      11.291
   5.1953           686.735      11.415
   5.2953           680.569      11.419
   5.3953           683.172      11.405
   5.4953           678.898      11.345
   5.5953           689.433      11.470
   5.6953           680.109      11.405
   5.7953           681.785      11.427
   5.8953           695.384      11.466
   5.9953           677.672      11.425
   6.0953           690.125      11.499
   6.1953           684.481      11.483
   6.2953           699.599      11.577
   6.3953           691.630      11.506
   6.4953           665.127      11.350
   6.5953           669.560      11.358
   6.6953           667.294      11.553
   6.7953           651.183      11.423
   6.8953           652.444      11.286
   6.9953           667.370      11.292
   7.0953           643.156      11.097
   7.1953           634.740      11.058
   7.2953           627.128      10.912
   7.3953           647.857      11.163
   7.4953           629.259      10.957
   7.5953           619.670      10.848
   7.6953           644.525      11.070
   7.7953           614.958      10.820
   7.8953           622.079      10.869
   7.9953           637.977      10.959
   8.0953           622.718      10.915
   8.1953           619.657      10.840
   8.2953           612.596      10.772
   8.3953           595.959      10.634
   8.4953           600.464      10.687
   8.5953           598.760      10.643
   8.6953           595.956      10.618
   8.7953           594.750      10.607
   8.8953           607.975      10.739
   8.9953           592.179      10.598
   9.0953           563.864      10.331
   9.1953           587.957      10.593
   9.2953           591.256      10.621
   9.3953           584.697      10.507
   9.4953           588.771      10.621
   9.5953           585.316      10.557
   9.6953           581.117      10.540
   9.7953           575.198      10.585
   9.8953           596.911      10.918
   9.9953           574.234      10.695
  10.0953           562.385      10.423
  10.1953           558.111      10.311
  10.2953           573.791      10.471
  10.3953           556.531      10.283
  10.4953           554.274      10.254
  10.5953           573.494      10.410
  10.6953           564.967      10.370
  10.7953           580.108      10.427
  10.8953           559.494      10.259
  10.9953           542.785      10.102
  11.0953           563.917      10.218
  11.1953           532.905       9.989
  11.2953           550.774      10.760
  11.3953           555.900      10.023
  11.4953           521.610       9.854
  11.5953           526.190       9.916
  11.6953           545.819      10.167
  11.7953           541.983      10.096
  11.8953           522.622       9.928
  11.9953           524.125       9.937
  12.0953           529.428      10.018
  12.1953           528.498       9.982
  12.2953           532.204       9.994
  12.3953           548.689      10.240
  12.4953           519.988       9.928
  12.5953           529.707      10.007
  12.6953           520.786       9.938
  12.7953           524.293      10.036
  12.8953           523.759       9.918
  12.9953           513.053       9.931
  13.0953           515.426      10.263
  13.1953           511.390       9.770
  13.2953           538.188      10.373
  13.3953           513.850       9.889
  13.4953           535.428      10.124
  13.5953           534.146      10.037
  13.6953           514.888       9.922
  13.7953           519.135       9.883
  13.8953           530.862      10.074
  13.9953           532.732       9.977
  14.0953           532.726      10.098
  14.1953           513.053       9.727
  14.2953           515.597       9.930
  14.3953           507.486       9.754
  14.4953           509.733       9.801
  14.5953           508.091       9.855
  14.6953           527.505       9.941
  14.7953           509.032       9.775
  14.8953           509.398       9.787
  14.9953           504.356       9.786
  15.0953           508.971       9.949
  15.1953           521.681       9.607
  15.2953           505.044       9.943
  15.3953           514.991       9.851
  15.4953           495.817       9.653
  15.5953           496.453       9.697
  15.6953           507.755       9.836
  15.7953           508.362       9.776
  15.8953           501.957       9.816
  15.9953           510.656       9.840
  16.0953           486.295       9.660
  16.1953           511.084       9.900
  16.2953           507.770      10.028
  16.3953           480.908       9.802
  16.4953           512.661       9.953
  16.5953           515.576       9.891
  16.6953           505.335       9.843
  16.7953           504.301       9.796
  16.8953           487.874       9.644
  16.9953           496.351       9.693
  17.0953           479.881       9.554
  17.1953           497.275       9.711
  17.2953           500.132       9.710
  17.3953           494.624       9.691
  17.4953           499.161       9.726
  17.5953           487.159       9.545
  17.6953           499.060       9.741
  17.7953           519.041       9.912
  17.8953           527.501       9.951
  17.9953           511.351       9.810
  18.0953           498.986       9.724
  18.1953           505.825       9.771
  18.2953           488.329       9.605
  18.3953           515.702       9.848
  18.4953           505.387       9.799
  18.5953           510.190       9.784
  18.6953           505.145       9.761
  18.7953           505.273       9.797
  18.8953           514.449       9.877
  18.9953           525.145       9.947
  19.0953           502.452       9.781
  19.1953           531.319      10.055
  19.2953           504.590       9.813
  19.3953           503.870       9.805
  19.4953           486.834       9.866
  19.5953           485.430       9.767
  19.6953           517.144       9.941
  19.7953           479.794       9.565
  19.8953           498.847       9.731
  19.9953           495.807       9.690
  20.0953           516.178       9.877
  20.1953           491.451       9.476
  20.2953           500.747      10.100
  20.3953           504.548       9.685
  20.4953           505.726       9.525
  20.5953           506.658       9.906
  20.6953           524.829       9.901
  20.7953           525.968       9.943
  20.8953           535.549      10.026
  20.9953           556.348      10.268
  21.0953           553.425      10.172
  21.1953           579.226      10.439
  21.2953           572.890      10.368
  21.3953           546.643      10.153
  21.4953           526.934       9.960
  21.5953           509.428       9.779
  21.6953           515.118       9.890
  21.7953           524.679       9.891
  21.8953           514.030       9.862
  21.9953           503.856       9.729
  22.0953           528.616       9.995
  22.1953           533.370      10.073
  22.2953           508.486       9.804
  22.3953           498.309       9.743
  22.4953           516.903       9.922
  22.5953           485.367       9.638
  22.6953           507.628      10.035
  22.7953           485.448       9.786
  22.8953           484.769       9.624
  22.9953           478.902       9.495
  23.0953           475.481       9.491
  23.1953           488.290       9.611
  23.2953           491.191       9.598
  23.3953           467.726       9.383
  23.4953           483.923       9.577
  23.5953           474.179       9.374
  23.6953           464.627       9.336
  23.7953           467.209       9.354
  23.8953           461.955       9.299
  23.9953           453.744       9.188
  24.0953           489.263       9.582
  24.1953           470.103       9.389
  24.2953           483.147       9.466
  24.3953           468.790       9.366
  24.4953           465.846       9.311
  24.5953           471.860       9.441
  24.6953           476.325       9.400
  24.7953           499.576       9.632
  24.8953           504.083       9.744
  24.9953           554.798      10.160
  25.0953           541.176      10.056
  25.1953           541.238      10.071
  25.2953           528.413       9.963
  25.3953           503.760       9.718
  25.4953           491.722       9.619
  25.5953           467.465       9.387
  25.6953           441.925       9.112
  25.7953           435.011       9.132
  25.8953           456.642       9.456
  25.9953           459.322       9.503
  26.0953           462.685       9.374
  26.1953           442.104       9.124
  26.2953           457.536       9.257
  26.3953           457.840       9.311
  26.4953           473.786       9.403
  26.5953           485.596       9.511
  26.6953           495.000       9.652
  26.7953           493.577       9.603
  26.8953           522.792       9.890
  26.9953           477.381       9.409
  27.0953           487.583       9.568
  27.1953           511.919       9.760
  27.2953           500.151       9.665
  27.3953           528.354       9.941
  27.4953           546.114      10.089
  27.5953           633.504      10.863
  27.6953           688.803      11.375
  27.7953           793.892      12.155
  27.8953           867.581      12.753
  27.9953           902.050      12.910
  28.0953           832.773      12.516
  28.1953           687.012      11.347
  28.2953           583.725      10.412
  28.3953           515.843       9.856
  28.4953           446.398       9.127
  28.5953           462.311       9.312
  28.6953           471.940       9.437
  28.7953           479.999       9.524
  28.8953           493.598       9.667
  28.9953           537.186      10.066
  29.0953           558.262      10.448
  29.1953           585.508      10.677
  29.2953           564.587      10.425
  29.3953           534.064      10.053
  29.4953           518.987       9.908
  29.5953           473.826       9.429
  29.6953           456.524       9.244
  29.7953           448.675       9.199
  29.8953           456.267       9.279
  29.9953           446.250       9.128
  30.0953           436.093       9.052
  30.1953           444.699       9.137
  30.2953           453.100       9.224
  30.3953           439.843       9.050
  30.4953           448.236       9.194
  30.5953           465.641       9.354
  30.6953           446.830       9.148
  30.7953           449.941       9.163
  30.8953           488.470       9.565
  30.9953           505.760       9.768
  31.0953           514.182       9.787
  31.1953           532.145       9.986
  31.2953           516.804       9.871
  31.3953           499.242       9.665
  31.4953           461.491       9.306
  31.5953           448.508       9.176
  31.6953           440.426       9.134
  31.7953           432.394       9.006
  31.8953           441.250       9.135
  31.9953           428.519       8.972
  32.0953           430.832       9.037
  32.1953           431.066       9.084
  32.2953           422.259       9.117
  32.3953           420.101       9.045
  32.4953           422.886       8.961
  32.5953           428.395       8.972
  32.6953           417.065       8.856
  32.7953           430.422       8.961
  32.8953           412.200       8.808
  32.9953           441.683       9.054
  33.0953           419.753       8.895
  33.1953           416.582       8.788
  33.2953           404.377       8.703
  33.3953           404.309       8.651
  33.4953           420.991       8.860
  33.5953           417.150       8.790
  33.6953           412.291       8.744
  33.7953           433.128       9.020
  33.8953           409.851       8.695
  33.9953           428.622       8.918
  34.0953           448.062       9.135
  34.1953           406.743       8.703
  34.2953           414.648       8.800
  34.3953           407.832       8.627
  34.4953           423.477       8.946
  34.5953           435.443       8.950
  34.6953           433.227       9.024
  34.7953           461.637       9.279
  34.8953           449.273       9.148
  34.9953           436.526       9.011
  35.0953           421.244       8.902
  35.1953           430.526       8.977
  35.2953           439.043       9.098
  35.3953           456.323       9.350
  35.4953           439.417       9.251
  35.5953           445.003       9.318
  35.6953           452.718       9.295
  35.7953           459.890       9.278
  35.8953           447.324       9.175
  35.9953           463.654       9.294
  36.0953           482.314       9.507
  36.1953           494.005       9.591
  36.2953           501.976       9.722
  36.3953           533.725       9.961
  36.4953           537.574      10.038
  36.5953           510.602       9.710
  36.6953           522.633       9.884
  36.7953           476.547       9.389
  36.8953           462.596       9.287
  36.9953           442.354       9.081
  37.0953           444.752       9.088
  37.1953           430.344       8.913
  37.2953           445.447       9.129
  37.3953           422.155       8.849
  37.4953           446.314       9.088
  37.5953           427.660       8.937
  37.6953           436.456       9.007
  37.7953           429.078       8.951
  37.8953           412.374       8.740
  37.9953           417.472       8.827
  38.0953           444.909       9.118
  38.1953           424.510       8.916
  38.2953           433.800       8.981
  38.3953           450.762       9.211
  38.4953           430.735       8.952
  38.5953           447.784       9.247
  38.6953           427.241       9.132
  38.7953           443.114       9.311
  38.8953           445.203       9.194
  38.9953           468.356       9.416
  39.0953           497.265       9.669
  39.1953           537.787      10.011
  39.2953           619.152      10.770
  39.3953           653.137      11.029
  39.4953           652.759      11.064
  39.5953           600.391      10.556
  39.6953           510.687       9.762
  39.7953           475.435       9.393
  39.8953           448.745       9.154
  39.9953           455.229       9.176
  40.0953           438.166       9.027
  40.1953           432.359       9.006
  40.2953           442.096       9.047
  40.3953           441.330       9.046
  40.4953           440.829       9.080
  40.5953           459.477       9.251
  40.6953           435.572       8.995
  40.7953           444.427       9.110
  40.8953           425.635       8.922
  40.9953           462.713       9.280
  41.0953           448.350       9.116
  41.1953           446.375       9.167
  41.2953           455.864       9.225
  41.3953           455.073       9.220
  41.4953           452.731       9.241
  41.5953           439.161       9.071
  41.6953           447.663       9.163
  41.7953           451.655       9.311
  41.8953           468.829       9.734
  41.9953           463.525       9.239
  42.0953           502.244       9.944
  42.1953           555.220      10.203
  42.2953           633.698      10.993
  42.3953           781.768      12.098
  42.4953           886.733      12.937
  42.5953           934.549      13.152
  42.6953           905.596      13.103
  42.7953           789.401      12.145
  42.8953           695.418      11.362
  42.9953           601.032      10.645
  43.0953           522.212       9.850
  43.1953           508.734       9.724
  43.2953           490.518       9.601
  43.3953           529.703       9.908
  43.4953           562.944      10.257
  43.5953           638.676      10.912
  43.6953           622.872      10.744
  43.7953           592.486      10.512
  43.8953           537.841      10.033
  43.9953           494.441       9.571
  44.0953           490.687       9.557
  44.1953           472.848       9.442
  44.2953           489.832       9.537
  44.3953           514.171       9.835
  44.4953           574.473      10.361
  44.5953           665.154      11.104
  44.6953           740.623      11.841
  44.7953           764.149      11.988
  44.8953           751.378      11.895
  44.9953           635.470      11.007
  45.0953           536.950      10.269
  45.1953           481.325       9.675
  45.2953           457.534       9.293
  45.3953           453.074       9.210
  45.4953           418.663       8.824
  45.5953           444.120       9.115
  45.6953           465.141       9.294
  45.7953           481.169       9.444
  45.8953           520.342       9.853
  45.9953           593.501      10.469
  46.0953           728.159      11.590
  46.1953           860.383      12.621
  46.2953           920.710      13.064
  46.3953           846.633      12.490
  46.4953           712.794      11.486
  46.5953           570.270      10.267
  46.6953           494.290       9.553
  46.7953           456.790       9.202
  46.8953           448.513       9.097
  46.9953           466.777       9.260
  47.0953           473.310       9.367
  47.1953           492.948       9.547
  47.2953           530.563       9.914
  47.3953           589.883      10.438
  47.4953           637.094      10.872
  47.5953           640.557      10.860
  47.6953           617.273      10.724
  47.7953           545.995      10.056
  47.8953           511.671       9.761
  47.9953           489.814       9.577
  48.0953           507.926       9.700
  48.1953           592.318      10.633
  48.2953           815.265      12.584
  48.3953          1144.234      14.958
  48.4953          1817.100      18.488
  48.5953          2635.499      22.234
  48.6953          3370.405      25.061
  48.7953          3523.622      25.712
  48.8953          3305.753      24.746
  48.9953          2669.790      22.276
  49.0953          1910.861      18.933
  49.1953          1229.165      15.055
  49.2953           775.106      11.983
  49.3953           559.349      10.192
  49.4953           489.576       9.523
  49.5953           486.262       9.487
  49.6953           486.994       9.469
  49.7953           471.112       9.389
  49.8953           471.283       9.296
  49.9953           465.372       9.265
  50.0953           478.148       9.435
  50.1953           459.480       9.228
  50.2953           482.493       9.450
  50.3953           480.464       9.435
  50.4953           488.410       9.511
  50.5953           485.138       9.507
  50.6953           479.130       9.413
  50.7953           506.310       9.713
  50.8953           542.741      10.047
  50.9953           616.888      10.721
  51.0953           739.165      11.749
  51.1953           845.564      12.571
  51.2953           834.075      12.495
  51.3953           724.343      11.638
  51.4953           620.654      11.036
  51.5953           518.695      10.023
  51.6953           495.715       9.690
  51.7953           469.763       9.367
  51.8953           479.308       9.438
  51.9953           495.498       9.573
  52.0953           525.338       9.893
  52.1953           516.079       9.793
  52.2953           492.547       9.507
  52.3953           531.038       9.926
  52.4953           520.624       9.788
  52.5953           518.283       9.763
  52.6953           518.813       9.784
  52.7953           495.599       9.547
  52.8953           464.193       9.271
  52.9953           451.470       9.090
  53.0953           461.298       9.235
  53.1953           441.893       9.007
  53.2953           454.830       9.155
  53.3953           443.698       9.044
  53.4953           436.854       8.987
  53.5953           439.018       8.967
  53.6953           440.954       9.031
  53.7953           432.045       8.937
  53.8953           441.157       8.985
  53.9953           437.419       9.016
  54.0953           459.208       9.223
  54.1953           454.387       9.159
  54.2953           441.864       9.050
  54.3953           478.072       9.449
  54.4953           503.612       9.665
  54.5953           551.109      10.185
  54.6953           591.313      10.711
  54.7953           593.904      10.759
  54.8953           570.498      10.337
  54.9953           523.423       9.904
  55.0953           486.589       9.490
  55.1953           476.734       9.422
  55.2953           496.194       9.556
  55.3953           467.828       9.312
  55.4953           479.659       9.423
  55.5953           460.194       9.189
  55.6953           457.813       9.223
  55.7953           457.456       9.195
  55.8953           452.019       9.123
  55.9953           443.077       9.029
  56.0953           455.973       9.164
  56.1953           442.214       9.034
  56.2953           456.417       9.171
  56.3953           446.821       9.049
  56.4953           445.457       9.091
  56.5953           446.930       9.091
  56.6953           442.394       9.017
  56.7953           452.085       9.128
  56.8953           449.873       9.128
  56.9953           457.667       9.155
  57.0953           482.964       9.463
  57.1953           455.676       9.172
  57.2953           466.158       9.314
  57.3953           473.564       9.385
  57.4953           466.999       9.255
  57.5953           436.641       9.050
  57.6953           439.990       9.057
  57.7953           438.624       9.067
  57.8953           437.414       9.275
  57.9953           462.888       9.417
  58.0953           439.882       9.105
  58.1953           430.440       8.958
  58.2953           433.381       8.961
  58.3953           416.379       8.819
  58.4953           427.249       8.861
  58.5953           425.795       8.894
  58.6953           432.631       8.919
  58.7953           432.914       8.934
  58.8953           425.580       8.860
  58.9953           432.902       8.978
  59.0953           428.859       8.763
  59.1953           431.646       8.965
  59.2953           439.357       9.004
  59.3953           465.554       9.252
  59.4953           464.288       9.227
  59.5953           454.374       9.131
  59.6953           450.105       9.097
  59.7953           439.917       9.048
  59.8953           444.114       8.967
  59.9953           438.428       9.012
  60.0953           454.965       9.177
  60.1953           440.375       8.984
  60.2953           427.007       8.841
  60.3953           425.015       8.880
  60.4953           425.826       8.837
  60.5953           424.529       8.846
  60.6953           438.568       9.011
  60.7953           460.565       9.235
  60.8953           471.304       9.381
  60.9953           518.766       9.885
  61.0953           534.538      10.138
  61.1953           532.427      10.149
  61.2953           515.068       9.790
  61.3953           485.742       9.470
  61.4953           449.546       9.075
  61.5953           421.060       8.812
  61.6953           435.489       8.930
  61.7953           419.600       8.766
  61.8953           426.456       8.873
  61.9953           440.859       8.958
  62.0953           464.849       9.182
  62.1953           471.067       9.332
  62.2953           466.200       9.193
  62.3953           457.422       9.130
  62.4953           469.985       9.244
  62.5953           487.183       9.482
  62.6953           489.806       9.412
  62.7953           479.266       9.349
  62.8953           443.219       8.984
  62.9953           431.044       8.864
  63.0953           424.051       8.776
  63.1953           420.337       8.736
  63.2953           432.972       8.949
  63.3953           422.741       8.745
  63.4953           415.435       8.685
  63.5953           436.685       8.961
  63.6953           424.395       8.821
  63.7953           429.390       8.826
  63.8953           438.813       8.995
  63.9953           457.109       9.139
  64.0953           514.250       9.732
  64.1953           726.856      11.612
  64.2953          1105.598      14.332
  64.3953          1797.968      18.983
  64.4953          2238.805      20.154
  64.5953          2404.690      21.241
  64.6953           922.556      12.468
  64.7953          1157.918      14.054
  64.8953           715.117      12.587
  64.9953           585.621      12.034
  65.0953           546.819      10.236
  65.1953           592.449       9.603
  65.2953           661.440      10.905
  65.3953           711.086      11.362
  65.4953           667.736      11.060
  65.5953           521.520       9.708
  65.6953           484.194       9.449
  65.7953           433.662       8.902
  65.8953           444.449       8.996
  65.9953           447.204       9.046
  66.0953           441.820       9.019
  66.1953           437.465       8.937
  66.2953           429.589       8.862
  66.3953           435.204       8.915
  66.4953           434.617       8.988
  66.5953           434.532       8.877
  66.6953           435.413       8.948
  66.7953           449.387       9.116
  66.8953           448.534       9.106
  66.9953           437.958       8.951
  67.0953           433.469       8.963
  67.1953           445.035       9.052
  67.2953           448.535       9.146
  67.3953           442.591       9.089
  67.4953           482.931       9.664
  67.5953           549.662      10.266
  67.6953           665.017      11.108
  67.7953           677.754      11.177
  67.8953           608.442      10.569
  67.9953           520.126       9.769
  68.0953           446.507       9.004
  68.1953           424.215       8.790
  68.2953           434.724       8.930
  68.3953           415.166       8.664
  68.4953           413.225       8.665
  68.5953           438.127       8.914
  68.6953           446.510       9.004
  68.7953           434.659       8.871
  68.8953           447.544       8.974
  68.9953           550.947      10.034
  69.0953           688.039      11.090
  69.1953           844.726      12.378
  69.2953           847.446      12.413
  69.3953           705.292      11.342
  69.4953           550.813       9.930
  69.5953           473.952       9.282
  69.6953           466.076       9.192
  69.7953           427.568       8.805
  69.8953           419.226       8.694
  69.9953           414.660       8.701
  70.0953           445.231       9.025
  70.1953           449.804       9.030
  70.2953           494.812       9.526
  70.3953           535.413       9.901
  70.4953           549.446      10.002
  70.5953           521.549       9.846
  70.6953           488.140       9.655
  70.7953           496.308       9.698
  70.8953           533.268       9.921
  70.9953           521.372       9.770
  71.0953           497.202       9.565
  71.1953           463.659       9.166
  71.2953           437.729       8.935
  71.3953           427.816       8.816
  71.4953           411.678       8.646
  71.5953           427.187       8.803
  71.6953           434.426       8.858
  71.7953           427.449       8.791
  71.8953           413.510       8.673
  71.9953           407.220       8.581
  72.0953           414.780       8.689
  72.1953           408.912       8.594
  72.2953           426.978       8.785
  72.3953           405.313       8.550
  72.4953           451.881       9.038
  72.5953           503.236       9.600
  72.6953           586.482      10.245
  72.7953           717.594      11.353
  72.8953           725.201      11.436
  72.9953           611.214      10.429
  73.0953           588.909      10.310
  73.1953           483.620       9.202
  73.2953           437.409       8.677
  73.3953           416.024       7.489
  73.4953           434.161      16.887
  73.5953           449.784       8.659
  73.6953           523.383       9.063
  73.7953           621.225       9.771
  73.8953           587.182      14.004
  73.9953           576.831       9.932
  74.0953           478.954       9.371
  74.1953           447.531       9.018
  74.2953           418.702       8.732
  74.3953           393.563       8.482
  74.4953           430.935       8.828
  74.5953           409.596       8.685
  74.6953           401.703       8.559
  74.7953           419.819       8.754
  74.8953           431.441       8.823
  74.9953           449.793       9.078
  75.0953           418.536       8.740
  75.1953           406.009       8.577
  75.2953           412.524       8.664
  75.3953           418.770       8.751
  75.4953           413.715       8.655
  75.5953           427.524       8.808
  75.6953           422.030       8.769
  75.7953           454.397       9.088
  75.8953           459.774       9.146
  75.9953           483.831       9.397
  76.0953           499.092       9.516
  76.1953           559.102      10.122
  76.2953           626.290      10.629
  76.3953           695.235      11.299
  76.4953           840.598      12.370
  76.5953           886.848      12.707
  76.6953           829.769      12.356
  76.7953           663.507      11.037
  76.8953           549.095      10.054
  76.9953           602.797      10.592
  77.0953           830.311      12.620
  77.1953          1406.983      16.447
  77.2953          1908.570      18.889
  77.3953          2054.177      19.486
  77.4953          1558.594      16.938
  77.5953          1032.447      13.855
  77.6953           955.510      13.173
  77.7953          1533.442      16.782
  77.8953          2216.618      20.207
  77.9953          2437.671      21.126
  78.0953          1841.990      18.325
  78.1953          1034.603      13.802
  78.2953           599.993      10.472
  78.3953           462.164       9.194
  78.4953           435.170       8.922
  78.5953           440.972       8.998
  78.6953           416.812       8.731
  78.7953           448.074       9.052
  78.8953           454.687       9.151
  78.9953           494.456       9.523
  79.0953           542.184       9.971
  79.1953           591.080      10.392
  79.2953           539.452       9.973
  79.3953           472.551       9.296
  79.4953           425.403       8.781
  79.5953           425.244       8.871
  79.6953           421.770       8.808
  79.7953           408.540       8.655
  79.8953           417.799       8.802
  79.9953           401.874       8.617
  80.0953           413.661       8.756
  80.1953           409.907       8.767
  80.2953           401.096       8.829
  80.3953           409.961       8.825
  80.4953           414.620       8.816
  80.5953           416.643       8.756
  80.6953           420.561       8.833
  80.7953           441.810       9.000
  80.8953           430.988       8.910
  80.9953           472.901       9.278
  81.0953           459.805       9.189
  81.1953           492.696       9.477
  81.2953           483.333       9.416
  81.3953           433.007       8.857
  81.4953           437.829       8.945
  81.5953           431.317       8.869
  81.6953           436.377       8.917
  81.7953           455.392       9.132
  81.8953           445.731       8.989
  81.9953           454.922       9.088
  82.0953           430.359       8.866
  82.1953           449.566       9.083
  82.2953           456.307       9.086
  82.3953           474.507       9.293
  82.4953           463.851       9.218
  82.5953           460.443       9.160
  82.6953           461.405       9.128
  82.7953           465.904       9.283
  82.8953           439.756       8.965
  82.9953           400.527       8.551
  83.0953           406.193       8.638
  83.1953           435.263       8.954
  83.2953           497.610       9.573
  83.3953           612.030      10.659
  83.4953           780.964      12.261
  83.5953           865.537      12.858
  83.6953           769.601      12.002
  83.7953           596.457      10.463
  83.8953           519.136       9.804
  83.9953           496.055       9.552
  84.0953           474.345       9.331
  84.1953           499.094       9.552
  84.2953           555.695      10.104
  84.3953           610.386      10.505
  84.4953           595.115      10.452
  84.5953           501.423       9.567
  84.6953           440.600       8.953
  84.7953           411.875       8.656
  84.8953           417.074       8.838
  84.9953           422.902       8.584
  85.0953           426.771       8.910
  85.1953           417.249       8.700
  85.2953           420.052       8.751
  85.3953           413.655       8.707
  85.4953           420.951       8.749
  85.5953           408.691       8.604
  85.6953           410.322       8.662
  85.7953           417.528       8.723
  85.8953           401.404       8.542
  85.9953           423.933       8.857
  86.0953           435.569       8.876
  86.1953           425.433       8.861
  86.2953           442.654       8.976
  86.3953           452.160       9.124
  86.4953           431.406       8.972
  86.5953           418.934       8.776
  86.6953           433.850       9.126
  86.7953           455.659       9.366
  86.8953           577.031      10.370
  86.9953          1028.104      13.752
  87.0953          1844.771      18.419
  87.1953          2800.764      22.671
  87.2953          3022.604      23.466
  87.3953          2541.329      21.580
  87.4953          1762.267      17.978
  87.5953          1029.419      13.666
  87.6953           613.276      10.558
  87.7953           458.322       9.155
  87.8953           435.682       8.908
  87.9953           412.581       8.637
  88.0953           420.811       8.765
  88.1953           427.077       8.831
  88.2953           423.641       8.754
  88.3953           417.377       8.703
  88.4953           407.412       8.625
  88.5953           411.201       8.652
  88.6953           413.589       8.665
  88.7953           419.929       8.768
  88.8953           418.376       8.703
  88.9953           417.940       8.753
  89.0953           398.877       8.500
  89.1953           419.239       8.786
  89.2953           393.244       8.450
  89.3953           417.055       8.736
  89.4953           400.196       8.583
  89.5953           409.813       8.630
  89.6953           391.739       8.514
  89.7953           415.611       8.758
  89.8953           441.308       9.182
  89.9953           512.219       9.904
  90.0953           625.370      10.784
  90.1953           762.910      11.863
  90.2953           781.202      11.983
  90.3953           653.872      10.921
  90.4953           497.012       9.464
  90.5953           450.586       9.072
  90.6953           414.996       8.682
  90.7953           391.741       8.443
  90.8953           395.240       8.461
  90.9953           403.285       8.557
  91.0953           375.067       8.280
  91.1953           389.991       8.378
  91.2953           404.715       8.592
  91.3953           396.518       8.460
  91.4953           394.213       8.478
  91.5953           431.269       8.844
  91.6953           519.944       9.722
  91.7953           718.555      11.459
  91.8953           886.713      12.602
  91.9953           891.852      12.779
  92.0953           724.218      11.444
  92.1953           507.082       9.619
  92.2953           461.191       9.142
  92.3953           430.187       8.878
  92.4953           453.348       9.105
  92.5953           467.543       9.228
  92.6953           447.741       9.038
  92.7953           398.728       8.581
  92.8953           407.933       8.640
  92.9953           406.004       8.708
  93.0953           422.732       9.004
  93.1953           424.898       9.024
  93.2953           440.242       9.120
  93.3953           444.193       9.067
  93.4953           417.754       8.788
  93.5953           412.560       8.725
  93.6953           398.755       8.578
  93.7953           403.635       8.617
  93.8953           394.731       8.535
  93.9953           394.717       8.529
  94.0953           394.948       8.482
  94.1953           405.596       8.634
  94.2953           395.706       8.530
  94.3953           390.865       8.443
  94.4953           419.845       8.777
  94.5953           450.950       9.096
  94.6953           500.230       9.581
  94.7953           580.106      10.295
  94.8953           654.934      10.972
  94.9953           653.137      10.991
  95.0953           573.920      10.197
  95.1953           507.309       9.713
  95.2953           535.855       9.900
  95.3953           727.134      11.553
  95.4953           934.010      13.092
  95.5953           934.783      13.126
  95.6953           777.220      11.973
  95.7953           672.299      11.131
  95.8953           655.748      10.923
  95.9953           665.594      11.238
  96.0953           672.477      11.067
  96.1953           662.160      11.169
  96.2953           582.231      10.590
  96.3953           526.933      10.037
  96.4953           482.514       9.538
  96.5953           523.353       9.840
  96.6953           676.609      11.210
  96.7953          1032.493      13.863
  96.8953          1383.938      15.931
  96.9953          1381.679      15.980
  97.0953          1049.311      13.930
  97.1953           698.902      11.280
  97.2953           667.848      11.100
  97.3953           678.224      11.176
  97.4953           675.672      11.149
  97.5953           666.515      11.046
  97.6953           686.606      11.230
  97.7953           671.180      11.097
  97.8953           535.674       9.901
  97.9953           444.147       9.010
  98.0953           420.633       8.790
  98.1953           438.047       8.987
  98.2953           482.721       9.361
  98.3953           513.528       9.738
  98.4953           561.301      10.185
  98.5953           620.313      10.618
  98.6953           598.106      10.469
  98.7953           532.711       9.926
  98.8953           511.758       9.722
  98.9953           543.861       9.988
  99.0953           570.725      10.287
  99.1953           550.013      10.047
  99.2953           485.160       9.528
  99.3953           451.141       9.171
  99.4953           452.845       9.369
  99.5953           431.373       9.084
  99.6953           425.417       8.929
  99.7953           389.755       8.447
  99.8953           392.055       8.487
  99.9953           387.314       8.434
 100.0953           404.475       8.596
 100.1953           409.325       8.641
 100.2953           409.989       8.668
 100.3953           474.752       9.277
 100.4953           507.783       9.622
 100.5953           508.173       9.616
 100.6953           462.286       9.173
 100.7953           418.924       8.714
 100.8953           405.928       8.594
 100.9953           383.031       8.335
 101.0953           404.590       8.577
 101.1953           385.799       8.359
 101.2953           405.558       8.592
 101.3953           392.684       8.449
 101.4953           389.850       8.416
 101.5953           371.069       8.242
 101.6953           390.491       8.422
 101.7953           391.850       8.429
 101.8953           385.434       8.401
 101.9953           398.614       8.522
 102.0953           381.650       8.352
 102.1953           383.134       8.349
 102.2953           376.744       8.319
 102.3953           378.575       8.331
 102.4953           380.954       8.325
 102.5953           384.792       8.468
 102.6953           403.844       8.777
 102.8953           667.152      11.199
 102.9953           870.962      12.679
 103.0953           917.860      13.016
 103.1953           739.039      11.684
 103.2953           532.064       9.865
 103.3953           442.865       9.025
 103.4953           419.884       8.770
 103.5953           410.172       8.628
 103.6953           402.343       8.572
 103.7953           400.556       8.559
 103.8953           406.530       8.613
 103.9953           416.788       8.723
 104.0953           403.046       8.572
 104.1953           394.786       8.512
 104.2953           396.565       8.490
 104.3953           388.001       8.417
 104.4953           406.426       8.608
 104.5953           392.811       8.474
 104.6953           389.173       8.417
 104.7953           386.742       8.413
 104.8953           387.977       8.422
 104.9953           378.271       8.334
 105.0953           366.305       8.146
 105.1953           378.728       8.371
 105.2953           376.560       8.293
 105.3953           397.299       8.552
 105.4953           407.239       8.653
 105.5953           415.593       8.738
 105.6953           429.520       8.855
 105.7953           462.506       9.300
 105.8953           568.945      10.552
 105.9953           577.224      10.281
 106.0953           660.691      11.240
 106.1953           633.805      10.783
 106.2953           654.588      11.022
 106.3953           724.317      11.488
 106.4953           753.882      11.756
 106.5953           671.638      11.076
 106.6953           573.053      10.249
 106.7953           505.921       9.576
 106.8953           536.878       9.736
 106.9953           634.784      11.174
 107.0953           691.772      11.015
 107.1953           648.019      10.829
 107.2953           548.612      10.035
 107.3953           451.951       9.039
 107.4953           392.271       8.452
 107.5953           374.771       8.249
 107.6953           387.435       8.401
 107.7953           423.639       8.799
 107.8953           519.792       9.721
 107.9953           623.401      10.683
 108.0953           661.351      10.962
 108.1953           577.499      10.293
 108.2953           472.196       9.273
 108.3953           409.485       8.666
 108.4953           368.271       8.188
 108.5953           374.933       8.293
 108.6953           409.918       8.682
 108.7953           432.435       8.913
 108.8953           472.600       9.277
 108.9953           575.484      10.407
 109.0953           667.587      11.279
 109.1953           765.439      12.092
 109.2953           773.600      12.054
 109.3953           783.136      11.996
 109.4953           671.449      11.134
 109.5953           546.862      10.084
 109.6953           450.857       9.055
 109.7953           433.412       8.937
 109.8953           403.403       8.575
 109.9953           409.741       8.657
 110.0953           417.807       8.718
 110.1953           465.640       9.212
 110.2953           513.682       9.677
 110.3953           625.233      10.663
 110.4953           641.000      10.778
 110.5953           549.510      10.061
 110.6953           445.536       8.981
 110.7953           384.148       8.367
 110.8953           364.793       8.145
 110.9953           422.633       8.790
 111.0953           491.690       9.445
 111.1953           589.417      10.358
 111.2953           646.130      10.852
 111.3953           568.405      10.199
 111.4953           470.374       9.235
 111.5953           397.595       8.559
 111.6953           391.663       8.431
 111.7953           385.501       8.447
 111.8953           381.364       8.306
 111.9953           384.600       8.470
 112.0953           375.277       8.272
 112.1953           374.558       8.382
 112.2953           362.203       8.318
 112.3953           339.726       8.046
 112.4953           341.335       7.951
 112.5953           353.803       8.031
 112.6953           383.454       8.384
 112.7953           484.719       9.382
 112.8953           649.303      10.855
 112.9953           768.174      11.787
 113.0953           782.331      11.961
 113.1953           658.655      10.916
 113.2953           488.699       9.388
 113.3953           396.062       8.496
 113.4953           362.799       8.104
 113.5953           342.638       7.896
 113.6953           347.514       7.904
 113.7953           354.311       8.003
 113.8953           357.178       8.039
 113.9953           372.092       8.184
 114.0953           423.459       8.728
 114.1953           461.925       9.224
 114.2953           477.189       9.245
 114.3953           455.669       9.086
 114.4953           409.201       8.613
 114.5953           385.772       8.343
 114.6953           361.023       8.128
 114.7953           359.976       8.007
 114.8953           338.183       7.908
 114.9953           340.464       7.844
 115.0953           350.057       8.001
 115.1953           345.173       7.929
 115.2953           361.243       8.158
 115.3953           365.177       8.192
 115.4953           366.101       8.375
 115.5953           433.479       9.047
 115.6953           527.311       9.890
 115.7953           628.014      10.695
 115.8953           655.869      10.948
 115.9953           603.510      10.517
 116.0953           493.524       9.463
 116.1953           453.165       9.089
 116.2953           414.443       8.687
 116.3953           391.341       8.424
 116.4953           402.391       8.601
 116.5953           402.766       8.459
 116.6953           416.464       8.716
 116.7953           403.614       8.539
 116.8953           387.882       8.389
 116.9953           346.492       7.932
 117.0953           339.520       7.822
 117.1953           347.051       7.943
 117.2953           332.087       7.750
 117.3953           357.101       8.048
 117.4953           361.723       8.099
 117.5953           361.872       8.090
 117.6953           345.067       7.910
 117.7953           343.138       7.893
 117.8953           332.309       7.736
 117.9953           338.949       7.930
 118.0953           335.699       7.691
 118.1953           324.413       7.751
 118.2953           329.907       7.740
 118.3953           337.998       7.865
 118.4953           349.236       7.978
 118.5953           378.170       8.371
 118.6953           419.304       8.887
 118.7953           451.939       9.327
 118.8953           472.477       9.289
 118.9953           471.180       9.313
 119.0953           450.964       9.027
 119.1953           431.866       8.884
 119.2953           471.873       9.252
 119.3953           538.387       9.879
 119.4953           655.506      10.895
 119.5953           833.378      12.306
 119.6953           816.156      12.094
 119.7953           741.277      11.609
 119.8953           609.475      10.491
 119.9953           482.083       9.314
 120.0953           389.657       8.355
 120.1953           346.314       8.058
 120.2953           342.414       7.589
 120.3953           307.686       7.570
 120.4953           336.868       7.790
 120.5953           324.175       7.684
 120.6953           306.415       7.378
 120.7953           316.438       7.577
 120.8953           311.731       7.482
 120.9953           311.745       7.508
 121.0953           316.146       7.538
 121.1953           313.628       7.543
 121.2953           301.287       7.395
 121.3953           310.625       7.490
 121.4953           313.274       7.534
 121.5953           306.241       7.535
 121.6953           313.849       7.441
 121.7953           324.657       7.872
 121.8953           339.528       7.950
 121.9953           383.774       8.539
 122.0953           422.269       8.842
 122.1953           443.656       8.985
 122.2953           465.326       9.248
 122.3953           487.605       9.424
 122.4953           505.503       9.636
 122.5953           481.544       9.358
 122.6953           475.664       9.343
 122.7953           428.948       8.819
 122.8953           374.749       8.233
 122.9953           349.905       8.013
 123.0953           323.618       7.664
 123.1953           345.571       7.901
 123.2953           342.355       7.898
 123.3953           379.882       8.298
 123.4953           387.935       8.380
 123.5953           394.855       8.459
 123.6953           366.954       8.187
 123.7953           359.471       8.078
 123.8953           328.458       7.712
 123.9953           331.229       7.749
 124.0953           326.504       7.709
 124.1953           329.524       7.741
 124.2953           342.582       7.895
 124.3953           383.526       8.365
 124.4953           382.539       8.374
 124.5953           384.228       8.353
 124.6953           369.628       8.257
 124.7953           349.546       7.914
 124.8953           346.033       7.987
 124.9953           331.285       7.843
 125.0953           315.323       7.693
 125.1953           329.149       7.909
 125.2953           315.885       7.661
 125.3953           307.968       7.568
 125.4953           338.042       7.815
 125.5953           338.718       7.845
 125.6953           369.937       8.195
 125.7953           405.821       8.544
 125.8953           465.757       9.182
 125.9953           484.899       9.349
 126.0953           474.504       9.212
 126.1953           451.105       9.022
 126.2953           396.421       8.457
 126.3953           357.412       7.992
 126.4953           338.201       7.840
 126.5953           310.509       7.457
 126.6953           306.695       7.423
 126.7953           310.571       7.463
 126.8953           320.464       7.594
 126.9953           323.292       7.652
 127.0953           357.918       7.993
 127.1953           408.312       8.555
 127.2953           430.339       8.804
 127.3953           436.764       8.917
 127.4953           467.703       9.143
 127.5953           409.380       8.602
 127.6953           372.780       8.190
 127.7953           349.616       7.975
 127.8953           341.702       7.847
 127.9953           309.140       7.518
 128.0953           309.063       7.452
 128.1953           316.586       7.663
 128.2953           301.760       7.542
 128.3953           302.266       7.561
 128.4953           308.541       7.546
 128.5953           298.223       7.378
 128.6953           306.137       7.462
 128.7953           324.498       7.691
 128.8953           296.949       7.321
 128.9953           320.197       7.635
 129.0953           342.101       7.898
 129.1953           364.280       8.089
 129.2953           427.568       8.779
 129.3953           455.004       9.096
 129.4953           503.515       9.519
 129.5953           494.944       9.450
 129.6953           462.498       9.143
 129.7953           429.814       8.834
 129.8953           381.204       8.281
 129.9953           347.850       7.934
 130.0953           344.353       7.863
 130.1953           325.288       7.674
 130.2953           317.894       7.575
 130.3953           328.374       7.693
 130.4953           311.609       7.511
 130.5953           317.723       7.580
 130.6953           308.649       7.462
 130.7953           311.856       7.528
 130.8953           312.571       7.530
 130.9953           323.306       7.652
 131.0953           329.611       7.741
 131.1953           358.083       8.086
 131.2953           364.565       8.124
 131.3953           398.615       8.589
 131.4953           402.822       8.710
 131.5953           388.007       8.603
 131.6953           387.513       8.450
 131.7953           380.253       8.320
 131.8953           361.527       8.086
 131.9953           347.922       7.976
 132.0953           331.768       7.730
 132.1953           322.677       7.672
 132.2953           325.865       7.685
 132.3953           309.143       7.448
 132.4953           316.826       7.574
 132.5953           305.370       7.400
 132.6953           305.626       7.452
 132.7953           305.699       7.397
 132.8953           314.250       7.521
 132.9953           310.375       7.477
 133.0953           312.364       7.493
 133.1953           314.065       7.396
 133.2953           318.674       7.812
 133.3953           319.000       7.471
 133.4953           329.338       7.688
 133.5953           337.380       7.794
 133.6953           335.220       7.766
 133.7953           333.918       7.768
 133.8953           340.564       7.791
 133.9953           344.900       7.915
 134.0953           349.163       7.942
 134.1953           371.737       8.169
 134.2953           345.005       7.917
 134.3953           358.628       8.070
 134.4953           348.090       7.938
 134.5953           340.899       7.930
 134.6953           350.697       8.171
 134.7953           333.455       7.897
 134.8953           331.989       7.829
 134.9953           326.049       7.666
 135.0953           315.425       7.538
 135.1953           292.194       7.275
 135.2953           305.175       7.419
 135.3953           310.203       7.471
 135.4953           278.016       7.091
 135.5953           299.237       7.312
 135.6953           288.142       7.204
 135.7953           306.729       7.400
 135.8953           294.636       7.293
 135.9953           317.284       7.544
 136.0953           323.541       7.617
 136.1953           335.815       7.780
 136.2953           379.523       8.231
 136.3953           471.328       9.201
 136.4953           561.770      10.056
 136.5953           690.526      11.158
 136.6953           749.597      11.560
 136.7953           817.471      12.124
 136.8953           829.043      12.217
 136.9953           774.902      11.752
 137.0953           710.124      11.310
 137.1953           616.037      10.556
 137.2953           498.494       9.470
 137.3953           417.269       8.656
 137.4953           374.354       8.216
 137.5953           401.919       8.525
 137.6953           425.303       8.779
 137.7953           489.086       9.446
 137.8953           514.399       9.847
 137.9953           545.842      10.134
 138.0953           540.616       9.970
 138.1953           535.342       9.798
 138.2953           530.215       9.822
 138.3953           477.206       9.256
 138.4953           447.288       8.966
 138.5953           415.188       8.633
 138.6953           356.789       7.992
 138.7953           348.396       7.875
 138.8953           352.423       7.920
 138.9953           312.399       7.481
 139.0953           305.691       7.379
 139.1953           310.151       7.403
 139.2953           289.895       7.223
 139.3953           301.017       7.292
 139.4953           281.887       7.110
 139.5953           296.440       7.220
 139.6953           299.211       7.324
 139.7953           295.311       7.274
 139.8953           298.177       7.268
 139.9953           304.143       7.361
 140.0953           329.390       7.660
 140.1953           346.894       7.892
 140.2953           379.346       8.200
 140.3953           416.630       8.661
 140.4953           439.961       8.874
 140.5953           457.281       9.056
 140.6953           482.860       9.338
 140.7953           471.276       9.200
 140.8953           471.734       9.221
 140.9953           466.904       9.270
 141.0953           448.364       9.164
 141.1953           452.439       9.212
 141.2953           459.418       9.141
 141.3953           493.025       9.386
 141.4953           503.901       9.528
 141.5953           523.821       9.666
 141.6953           543.587       9.878
 141.7953           539.991       9.847
 141.8953           528.891       9.700
 141.9953           487.349       9.280
 142.0953           459.573       9.058
 142.1953           439.146       8.861
 142.2953           420.824       8.659
 142.3953           464.582       9.045
 142.4953           435.417       8.829
 142.5953           506.015       9.494
 142.6953           551.157       9.886
 142.7953           549.734       9.866
 142.8953           596.992      10.308
 142.9953           607.375      10.398
 143.0953           590.827      10.214
 143.1953           584.485      10.207
 143.2953           539.436       9.792
 143.3953           540.148       9.803
 143.4953           490.615       9.325
 143.5953           495.857       9.394
 143.6953           470.216       9.209
 143.7953           496.882       9.524
 143.8953           477.435       8.918
 143.9953           494.093       9.576
 144.0953           494.227       9.379
 144.1953           494.222       9.513
 144.2953           452.113       9.145
 144.3953           420.439       8.895
 144.4953           386.828       8.417
 144.5953           359.344       8.039
 144.6953           348.489       7.900
 144.7953           330.421       7.703
 144.8953           323.921       7.601
 144.9953           316.628       7.522
 145.0953           312.291       7.457
 145.1953           306.024       7.403
 145.2953           296.337       7.234
 145.3953           284.438       7.124
 145.4953           283.185       7.102
 145.5953           270.853       6.407
 145.6953           344.210       9.528
 145.7953           269.989       6.417
 145.8953           302.950       7.328
 145.9953           318.351       7.508
 146.0953           315.018       7.483
 146.1953           315.008       7.492
 146.2953           338.691       7.762
 146.3953           342.452       7.743
 146.4953           322.995       7.624
 146.5953           355.978       7.946
 146.6953           364.992       8.050
 146.7953           376.992       8.227
 146.8953           382.373       8.258
 146.9953           388.297       8.336
 147.0953           380.600       8.252
 147.1953           397.587       8.436
 147.2953           400.499       8.472
 147.3953           384.443       8.355
 147.4953           391.419       8.572
 147.5953           382.368       8.435
 147.6953           363.419       8.159
 147.7953           364.426       8.072
 147.8953           352.610       7.985
 147.9953           341.736       7.793
 148.0953           326.965       7.673
 148.1953           314.383       7.462
 148.2953           285.292       7.173
 148.3953           289.437       7.171
 148.4953           282.311       7.187
 148.5953           291.901       6.986
 148.6953           283.617       7.239
 148.7953           286.556       7.338
 148.8953           277.240       6.648
 148.9953           272.712       6.977
 149.0953           286.912       7.281
 149.1953           295.219       7.085
 149.2953           300.608       7.242
 149.3953           310.190       7.400
 149.4953           324.544       7.495
 149.5953           322.766       7.436
 149.6953           325.354       7.740
 149.7953           335.296       7.702
 149.8953           337.456       7.486
 149.9953           332.650       8.077
 150.0953           317.100       7.029
 150.1953           330.423       8.450
 150.2953           309.173       7.049
 150.3953           314.998       7.554
 150.4953           301.643       7.346
 150.5953           305.160       7.425
 150.6953           279.706       6.544
 150.7953             0.000       0.000
 150.8953             0.000       0.000
