XYDATA  Co2SiO4 8mmV 1.87A HiRes FullBeam 500K CF ROC 
INTER        1       1       0     0.100000
TEMP       80.1810      79.9760      80.0020
! d20 23-Apr-08 09:22:09 User Sazono   L.C.Hansen  Run 594842*d20_2008_04_5880
! d20 23-Apr-08 09:22:09 User Sazono   L.C.Hansen  Run 594842*d20_2008_04_5880
! Monitor/counts, Counting time/sec:       100000.      62.5111
   0.0953          4101.195      27.991
   0.1953          4278.634      29.057
   0.2953          4268.277      29.285
   0.3953          4156.014      28.712
   0.4953          3862.601      27.477
   0.5953          3494.432      25.925
   0.6953          3070.576      24.234
   0.7953          2621.868      22.453
   0.8953          2331.250      21.103
   0.9953          1975.406      19.475
   1.0953          1621.010      17.586
   1.1953          1330.119      15.899
   1.2953          1027.725      14.001
   1.3953           777.364      12.166
   1.4953           579.569      10.498
   1.5953           422.997       8.945
   1.6953           364.985       8.354
   1.7953           338.890       8.044
   1.8953           324.201       7.838
   1.9953           310.283       7.671
   2.0953           301.885       7.588
   2.1953           297.835       7.531
   2.2953           292.188       7.436
   2.3953           277.274       7.257
   2.4953           274.034       7.244
   2.5953           273.801       7.168
   2.6953           270.487       7.219
   2.7953           262.980       7.064
   2.8953           258.399       7.030
   2.9953           246.230       6.856
   3.0953           236.209       6.727
   3.1953           228.430       6.611
   3.2953           240.269       6.772
   3.3953           220.135       6.540
   3.4953           241.872       6.950
   3.5953           240.894       6.934
   3.6953           248.269       6.956
   3.7953           237.838       6.765
   3.8953           278.207       7.299
   3.9953           272.974       7.234
   4.0953           305.269       7.608
   4.1953           356.952       8.301
   4.2953           403.797       8.749
   4.3953           407.211       8.788
   4.4953           471.115       9.449
   4.5953           525.818      10.036
   4.6953           549.002      10.170
   4.7953           637.821      10.999
   4.8953           664.661      11.233
   4.9953           675.628      11.357
   5.0953           664.006      11.206
   5.1953           673.703      11.285
   5.2953           687.124      11.452
   5.3953           695.352      11.484
   5.4953           684.608      11.371
   5.5953           701.052      11.544
   5.6953           683.410      11.411
   5.7953           678.599      11.378
   5.8953           681.038      11.325
   5.9953           685.055      11.465
   6.0953           688.052      11.460
   6.1953           682.818      11.447
   6.2953           683.746      11.423
   6.3953           666.852      11.277
   6.4953           677.439      11.433
   6.5953           666.802      11.313
   6.6953           678.889      11.631
   6.7953           666.457      11.534
   6.8953           654.807      11.285
   6.9953           651.676      11.137
   7.0953           646.605      11.106
   7.1953           633.267      11.024
   7.2953           635.887      10.967
   7.3953           615.089      10.856
   7.4953           647.381      11.093
   7.5953           615.024      10.787
   7.6953           623.109      10.863
   7.7953           612.221      10.776
   7.8953           617.613      10.809
   7.9953           607.957      10.677
   8.0953           610.609      10.787
   8.1953           608.779      10.723
   8.2953           587.220      10.526
   8.3953           601.426      10.662
   8.4953           605.744      10.713
   8.5953           589.301      10.538
   8.6953           614.033      10.758
   8.7953           595.299      10.592
   8.8953           605.456      10.696
   8.9953           568.362      10.363
   9.0953           586.789      10.519
   9.1953           591.219      10.602
   9.2953           590.701      10.596
   9.3953           563.267      10.292
   9.4953           574.105      10.468
   9.5953           582.883      10.515
   9.6953           567.079      10.392
   9.7953           571.635      10.532
   9.8953           562.981      10.583
   9.9953           555.956      10.503
  10.0953           545.598      10.247
  10.1953           551.986      10.234
  10.2953           563.785      10.359
  10.3953           554.208      10.242
  10.4953           533.058      10.036
  10.5953           547.194      10.149
  10.6953           545.919      10.174
  10.7953           555.472      10.184
  10.8953           557.537      10.222
  10.9953           551.758      10.166
  11.0953           546.997      10.044
  11.1953           540.006      10.036
  11.2953           522.476      10.460
  11.3953           521.534       9.690
  11.4953           540.202      10.009
  11.5953           512.442       9.767
  11.6953           528.062       9.981
  11.7953           538.969      10.048
  11.8953           529.640       9.975
  11.9953           527.373       9.949
  12.0953           515.310       9.864
  12.1953           520.648       9.889
  12.2953           549.613      10.136
  12.3953           513.829       9.890
  12.4953           532.919      10.032
  12.5953           530.502       9.995
  12.6953           538.634      10.088
  12.7953           532.430      10.094
  12.8953           528.114       9.940
  12.9953           513.194       9.913
  13.0953           511.618      10.206
  13.1953           514.265       9.778
  13.2953           514.011      10.118
  13.3953           520.605       9.935
  13.4953           502.663       9.790
  13.5953           517.251       9.858
  13.6953           516.154       9.915
  13.7953           519.583       9.869
  13.8953           510.730       9.862
  13.9953           515.608       9.797
  14.0953           510.083       9.862
  14.1953           520.275       9.777
  14.2953           523.531       9.987
  14.3953           506.475       9.726
  14.4953           510.221       9.787
  14.5953           513.953       9.893
  14.6953           493.936       9.600
  14.7953           517.181       9.834
  14.8953           490.768       9.588
  14.9953           514.723       9.868
  15.0953           515.742       9.996
  15.1953           515.098       9.527
  15.2953           494.915       9.824
  15.3953           505.506       9.741
  15.4953           516.018       9.829
  15.5953           529.283       9.994
  15.6953           502.581       9.767
  15.7953           500.605       9.683
  15.8953           513.423       9.908
  15.9953           514.556       9.859
  16.0953           496.479       9.742
  16.1953           513.712       9.907
  16.2953           505.429       9.986
  16.3953           503.158      10.007
  16.4953           510.311       9.911
  16.5953           499.039       9.713
  16.6953           493.464       9.708
  16.7953           475.060       9.490
  16.8953           503.483       9.779
  16.9953           503.316       9.742
  17.0953           512.160       9.851
  17.1953           506.331       9.781
  17.2953           496.712       9.658
  17.3953           505.974       9.783
  17.4953           489.127       9.609
  17.5953           506.165       9.711
  17.6953           497.148       9.703
  17.7953           502.149       9.731
  17.8953           502.843       9.697
  17.9953           488.573       9.571
  18.0953           486.875       9.587
  18.1953           501.065       9.706
  18.2953           497.376       9.675
  18.3953           504.542       9.723
  18.4953           503.071       9.758
  18.5953           522.820       9.886
  18.6953           498.133       9.675
  18.7953           501.822       9.745
  18.8953           500.384       9.722
  18.9953           508.110       9.766
  19.0953           488.193       9.622
  19.1953           495.148       9.688
  19.2953           496.570       9.716
  19.3953           469.427       9.445
  19.4953           483.574       9.814
  19.5953           482.786       9.722
  19.6953           482.786       9.587
  19.7953           478.145       9.531
  19.8953           494.286       9.668
  19.9953           507.307       9.783
  20.0953           505.159       9.753
  20.1953           497.032       9.511
  20.2953           501.264      10.086
  20.3953           507.431       9.694
  20.4953           499.140       9.445
  20.5953           493.136       9.754
  20.6953           501.972       9.664
  20.7953           505.782       9.732
  20.8953           522.647       9.886
  20.9953           522.870       9.935
  21.0953           571.426      10.316
  21.1953           561.072      10.254
  21.2953           549.004      10.130
  21.3953           543.984      10.109
  21.4953           520.412       9.879
  21.5953           506.353       9.730
  21.6953           487.222       9.600
  21.7953           477.518       9.418
  21.8953           495.469       9.663
  21.9953           515.779       9.825
  22.0953           520.751       9.902
  22.1953           523.364       9.958
  22.2953           500.886       9.712
  22.3953           501.904       9.759
  22.4953           490.248       9.644
  22.5953           493.043       9.696
  22.6953           472.076       9.658
  22.7953           472.972       9.640
  22.8953           473.009       9.489
  22.9953           486.259       9.549
  23.0953           471.582       9.434
  23.1953           466.434       9.376
  23.2953           467.067       9.341
  23.3953           473.812       9.425
  23.4953           450.523       9.223
  23.5953           459.251       9.207
  23.6953           467.707       9.349
  23.7953           455.528       9.218
  23.8953           453.842       9.199
  23.9953           470.545       9.338
  24.0953           458.025       9.254
  24.1953           461.761       9.287
  24.2953           466.879       9.288
  24.3953           458.228       9.243
  24.4953           453.488       9.169
  24.5953           472.875       9.433
  24.6953           479.120       9.409
  24.7953           491.369       9.534
  24.8953           504.216       9.727
  24.9953           518.373       9.802
  25.0953           535.191       9.981
  25.1953           528.145       9.930
  25.2953           513.285       9.800
  25.3953           513.226       9.790
  25.4953           488.337       9.568
  25.5953           469.618       9.390
  25.6953           456.522       9.244
  25.7953           448.056       9.251
  25.8953           447.867       9.347
  25.9953           454.426       9.435
  26.0953           451.069       9.238
  26.1953           451.106       9.199
  26.2953           467.354       9.338
  26.3953           473.068       9.446
  26.4953           443.332       9.078
  26.5953           466.286       9.302
  26.6953           488.039       9.566
  26.7953           497.084       9.618
  26.8953           491.514       9.572
  26.9953           499.024       9.602
  27.0953           491.702       9.590
  27.1953           511.255       9.735
  27.2953           530.619       9.936
  27.3953           521.110       9.853
  27.4953           554.794      10.149
  27.5953           630.148      10.813
  27.6953           696.832      11.419
  27.7953           795.856      12.147
  27.8953           883.494      12.845
  27.9953           926.208      13.057
  28.0953           840.827      12.552
  28.1953           725.273      11.636
  28.2953           581.858      10.375
  28.3953           487.028       9.559
  28.4953           479.652       9.443
  28.5953           465.025       9.321
  28.6953           476.149       9.461
  28.7953           490.400       9.608
  28.8953           493.027       9.643
  28.9953           537.759      10.052
  29.0953           569.957      10.537
  29.1953           590.637      10.704
  29.2953           567.027      10.427
  29.3953           538.241      10.073
  29.4953           507.763       9.781
  29.5953           474.628       9.419
  29.6953           452.723       9.188
  29.7953           458.045       9.277
  29.8953           462.980       9.329
  29.9953           425.746       8.899
  30.0953           450.713       9.185
  30.1953           429.712       8.964
  30.2953           434.522       9.015
  30.3953           437.786       9.012
  30.4953           451.592       9.210
  30.5953           448.876       9.166
  30.6953           457.808       9.242
  30.7953           469.232       9.340
  30.8953           487.531       9.537
  30.9953           488.407       9.580
  31.0953           513.326       9.760
  31.1953           518.155       9.834
  31.2953           518.957       9.873
  31.3953           488.192       9.539
  31.4953           447.939       9.151
  31.5953           459.886       9.274
  31.6953           440.059       9.113
  31.7953           440.645       9.074
  31.8953           435.789       9.061
  31.9953           426.315       8.932
  32.0953           430.315       9.014
  32.1953           431.512       9.071
  32.2953           442.222       9.313
  32.3953           423.344       9.063
  32.4953           413.506       8.844
  32.5953           421.697       8.884
  32.6953           423.337       8.905
  32.7953           436.023       9.002
  32.8953           423.188       8.908
  32.9953           413.912       8.747
  33.0953           425.846       8.942
  33.1953           430.136       8.913
  33.2953           417.761       8.829
  33.3953           412.538       8.722
  33.4953           418.077       8.812
  33.5953           418.874       8.792
  33.6953           424.389       8.855
  33.7953           428.660       8.956
  33.8953           422.619       8.812
  33.9953           436.041       8.978
  34.0953           414.237       8.766
  34.1953           426.343       8.894
  34.2953           430.556       8.951
  34.3953           419.908       8.737
  34.4953           425.432       8.949
  34.5953           452.658       9.108
  34.6953           436.436       9.040
  34.7953           447.786       9.121
  34.8953           441.055       9.046
  34.9953           451.721       9.149
  35.0953           440.067       9.082
  35.1953           449.956       9.160
  35.2953           448.445       9.177
  35.3953           450.183       9.269
  35.4953           458.309       9.430
  35.5953           467.017       9.527
  35.6953           443.565       9.183
  35.7953           457.009       9.231
  35.8953           447.485       9.159
  35.9953           457.236       9.211
  36.0953           476.544       9.431
  36.1953           503.802       9.667
  36.2953           519.754       9.874
  36.3953           537.607       9.978
  36.4953           538.128      10.024
  36.5953           519.871       9.779
  36.6953           531.620       9.949
  36.7953           474.905       9.355
  36.8953           495.756       9.596
  36.9953           448.461       9.126
  37.0953           434.534       8.966
  37.1953           427.959       8.872
  37.2953           413.909       8.783
  37.3953           434.216       8.957
  37.4953           421.737       8.817
  37.5953           432.349       8.968
  37.6953           436.079       8.986
  37.7953           418.502       8.823
  37.8953           439.965       9.011
  37.9953           437.261       9.016
  38.0953           442.645       9.077
  38.1953           447.517       9.137
  38.2953           445.665       9.086
  38.3953           439.093       9.073
  38.4953           449.852       9.131
  38.5953           441.691       9.166
  38.6953           461.978       9.478
  38.7953           447.460       9.338
  38.8953           453.903       9.265
  38.9953           490.898       9.622
  39.0953           506.039       9.735
  39.1953           543.340      10.043
  39.2953           592.697      10.517
  39.3953           647.850      10.963
  39.4953           664.458      11.141
  39.5953           607.522      10.598
  39.6953           524.349       9.872
  39.7953           487.483       9.493
  39.8953           468.056       9.331
  39.9953           452.931       9.136
  40.0953           445.198       9.082
  40.1953           447.900       9.148
  40.2953           439.479       9.003
  40.3953           441.671       9.033
  40.4953           442.122       9.076
  40.5953           447.693       9.114
  40.6953           464.075       9.267
  40.7953           447.934       9.128
  40.8953           442.082       9.075
  40.9953           449.995       9.134
  41.0953           449.956       9.115
  41.1953           457.610       9.264
  41.2953           460.628       9.255
  41.3953           443.462       9.084
  41.4953           446.672       9.162
  41.5953           476.875       9.434
  41.6953           459.404       9.264
  41.7953           460.827       9.387
  41.8953           484.352       9.874
  41.9953           476.797       9.353
  42.0953           496.984       9.873
  42.1953           557.203      10.202
  42.2953           639.441      11.022
  42.3953           768.140      11.969
  42.4953           891.797      12.949
  42.5953           969.328      13.369
  42.6953           914.403      13.141
  42.7953           801.827      12.216
  42.8953           705.701      11.424
  42.9953           598.353      10.601
  43.0953           532.615       9.928
  43.1953           483.446       9.461
  43.2953           507.367       9.746
  43.3953           540.971       9.994
  43.4953           607.907      10.639
  43.5953           644.402      10.939
  43.6953           652.063      10.972
  43.7953           582.038      10.399
  43.8953           527.015       9.912
  43.9953           494.023       9.548
  44.0953           459.497       9.231
  44.1953           458.071       9.275
  44.2953           490.545       9.526
  44.3953           503.201       9.711
  44.4953           569.292      10.295
  44.5953           652.630      10.978
  44.6953           768.156      12.036
  44.7953           768.529      11.999
  44.8953           736.677      11.756
  44.9953           650.703      11.117
  45.0953           522.170      10.107
  45.1953           456.030       9.399
  45.2953           448.633       9.185
  45.3953           434.732       9.004
  45.4953           446.160       9.092
  45.5953           449.316       9.151
  45.6953           457.437       9.199
  45.7953           492.994       9.541
  45.8953           512.770       9.762
  45.9953           594.538      10.458
  46.0953           735.846      11.629
  46.1953           869.630      12.665
  46.2953           908.316      12.951
  46.3953           866.153      12.609
  46.4953           706.004      11.409
  46.5953           565.874      10.208
  46.6953           476.203       9.359
  46.7953           440.813       9.023
  46.8953           454.333       9.138
  46.9953           442.654       9.000
  47.0953           479.071       9.406
  47.1953           487.926       9.480
  47.2953           520.407       9.800
  47.3953           564.434      10.190
  47.4953           606.182      10.584
  47.5953           632.047      10.767
  47.6953           598.755      10.542
  47.7953           530.798       9.896
  47.8953           509.153       9.718
  47.9953           479.726       9.459
  48.0953           510.963       9.710
  48.1953           586.434      10.560
  48.2953           801.689      12.455
  48.3953          1120.952      14.776
  48.4953          1805.076      18.391
  48.5953          2668.562      22.330
  48.6953          3344.678      24.917
  48.7953          3578.151      25.860
  48.8953          3247.872      24.481
  48.9953          2596.601      21.926
  49.0953          1889.707      18.792
  49.1953          1221.882      14.981
  49.2953           773.428      11.947
  49.3953           534.998       9.948
  49.4953           483.085       9.441
  49.5953           496.204       9.565
  49.6953           469.899       9.284
  49.7953           462.221       9.282
  49.8953           483.731       9.400
  49.9953           463.772       9.231
  50.0953           467.965       9.317
  50.1953           476.005       9.375
  50.2953           459.802       9.207
  50.3953           475.668       9.370
  50.4953           472.511       9.337
  50.5953           466.941       9.309
  50.6953           482.454       9.427
  50.7953           489.327       9.531
  50.8953           530.096       9.911
  50.9953           591.317      10.476
  51.0953           725.167      11.615
  51.1953           841.020      12.514
  51.2953           842.068      12.531
  51.3953           731.814      11.675
  51.4953           609.868      10.918
  51.5953           507.636       9.897
  51.6953           476.448       9.482
  51.7953           470.382       9.355
  51.8953           471.729       9.345
  51.9953           502.631       9.623
  52.0953           522.768       9.850
  52.1953           515.027       9.765
  52.2953           514.433       9.698
  52.3953           497.569       9.590
  52.4953           527.615       9.835
  52.5953           536.091       9.911
  52.6953           508.000       9.663
  52.7953           489.485       9.469
  52.8953           470.902       9.320
  52.9953           441.533       8.972
  53.0953           458.793       9.192
  53.1953           440.017       8.971
  53.2953           453.087       9.120
  53.3953           449.345       9.084
  53.4953           441.259       9.015
  53.5953           433.868       8.897
  53.6953           438.895       8.993
  53.7953           453.235       9.136
  53.8953           433.449       8.889
  53.9953           459.261       9.220
  54.0953           482.000       9.431
  54.1953           457.982       9.178
  54.2953           442.941       9.043
  54.3953           467.306       9.324
  54.4953           501.127       9.623
  54.5953           544.120      10.101
  54.6953           577.834      10.567
  54.7953           591.821      10.720
  54.8953           560.286      10.224
  54.9953           511.332       9.770
  55.0953           492.287       9.527
  55.1953           470.638       9.344
  55.2953           471.183       9.294
  55.3953           474.347       9.359
  55.4953           468.780       9.298
  55.5953           454.042       9.110
  55.6953           449.762       9.124
  55.7953           448.703       9.089
  55.8953           464.415       9.229
  55.9953           458.615       9.169
  56.0953           428.715       8.868
  56.1953           447.140       9.067
  56.2953           444.569       9.033
  56.3953           432.871       8.890
  56.4953           438.942       9.007
  56.5953           454.063       9.145
  56.6953           435.203       8.926
  56.7953           438.231       8.970
  56.8953           434.859       8.957
  56.9953           462.118       9.182
  57.0953           473.722       9.354
  57.1953           469.018       9.288
  57.2953           473.829       9.372
  57.3953           466.559       9.298
  57.4953           441.994       8.987
  57.5953           439.641       9.063
  57.6953           428.271       8.918
  57.7953           444.228       9.108
  57.8953           437.698       9.260
  57.9953           429.609       9.055
  58.0953           443.455       9.125
  58.1953           429.905       8.935
  58.2953           419.533       8.800
  58.3953           422.602       8.868
  58.4953           435.684       8.931
  58.5953           429.162       8.912
  58.6953           433.538       8.911
  58.7953           429.784       8.885
  58.8953           428.361       8.872
  58.9953           422.522       8.853
  59.0953           432.569       8.784
  59.1953           428.692       8.918
  59.2953           441.719       9.011
  59.3953           451.676       9.096
  59.4953           450.996       9.076
  59.5953           458.485       9.155
  59.6953           461.573       9.195
  59.7953           438.046       9.011
  59.8953           441.870       8.927
  59.9953           431.579       8.924
  60.0953           447.319       9.082
  60.1953           457.133       9.135
  60.2953           436.315       8.919
  60.3953           446.496       9.084
  60.4953           451.791       9.085
  60.5953           447.335       9.063
  60.6953           449.248       9.102
  60.7953           458.430       9.196
  60.8953           477.127       9.421
  60.9953           510.208       9.785
  61.0953           521.759       9.997
  61.1953           538.484      10.187
  61.2953           521.438       9.831
  61.3953           470.081       9.298
  61.4953           457.498       9.137
  61.5953           440.768       8.999
  61.6953           447.507       9.035
  61.7953           432.047       8.879
  61.8953           449.108       9.088
  61.9953           433.002       8.861
  62.0953           453.488       9.052
  62.1953           457.286       9.177
  62.2953           459.716       9.111
  62.3953           464.387       9.182
  62.4953           463.654       9.164
  62.5953           480.351       9.397
  62.6953           490.633       9.402
  62.7953           447.623       9.018
  62.8953           443.516       8.970
  62.9953           431.572       8.852
  63.0953           422.969       8.748
  63.1953           425.602       8.774
  63.2953           417.489       8.770
  63.3953           414.992       8.648
  63.4953           435.015       8.870
  63.5953           419.253       8.763
  63.6953           423.134       8.791
  63.7953           436.422       8.881
  63.8953           447.972       9.071
  63.9953           469.377       9.243
  64.0953           522.925       9.795
  64.1953           734.792      11.653
  64.2953          1130.977      14.468
  64.3953          1824.223      19.084
  64.4953          2242.334      20.131
  64.5953          2394.165      21.153
  64.6953           920.699      12.432
  64.7953          1120.509      13.799
  64.8953           745.489      12.827
  64.9953           579.187      11.945
  65.0953           530.022      10.058
  65.1953           598.244       9.632
  65.2953           690.793      11.123
  65.3953           716.863      11.386
  65.4953           663.351      11.002
  65.5953           544.732       9.903
  65.6953           490.240       9.489
  65.7953           460.776       9.159
  65.8953           451.636       9.051
  65.9953           436.372       8.919
  66.0953           440.127       8.984
  66.1953           442.157       8.968
  66.2953           446.707       9.019
  66.3953           427.893       8.823
  66.4953           431.840       8.942
  66.5953           432.143       8.836
  66.6953           421.100       8.782
  66.7953           434.026       8.942
  66.8953           429.126       8.890
  66.9953           422.059       8.770
  67.0953           423.312       8.840
  67.1953           434.154       8.924
  67.2953           442.355       9.065
  67.3953           445.918       9.106
  67.4953           506.907       9.883
  67.5953           542.015      10.174
  67.6953           658.770      11.035
  67.7953           681.401      11.186
  67.8953           604.830      10.518
  67.9953           516.670       9.717
  68.0953           460.358       9.125
  68.1953           432.029       8.854
  68.2953           420.079       8.761
  68.3953           422.045       8.719
  68.4953           421.963       8.740
  68.5953           418.737       8.697
  68.6953           428.150       8.800
  68.7953           438.766       8.895
  68.8953           455.333       9.035
  68.9953           568.137      10.170
  69.0953           695.377      11.128
  69.1953           824.500      12.206
  69.2953           808.872      12.104
  69.3953           697.682      11.259
  69.4953           551.913       9.921
  69.5953           466.519       9.192
  69.6953           459.050       9.105
  69.7953           446.711       8.983
  69.8953           427.682       8.765
  69.9953           430.540       8.849
  70.0953           431.676       8.869
  70.1953           449.345       9.009
  70.2953           503.150       9.588
  70.3953           525.698       9.792
  70.4953           539.358       9.890
  70.5953           519.550       9.808
  70.6953           471.614       9.472
  70.7953           513.857       9.849
  70.8953           525.705       9.832
  70.9953           536.887       9.895
  71.0953           501.531       9.588
  71.1953           464.410       9.155
  71.2953           442.958       8.971
  71.3953           420.564       8.724
  71.4953           424.941       8.768
  71.5953           423.380       8.747
  71.6953           436.181       8.859
  71.7953           418.963       8.687
  71.8953           427.880       8.806
  71.9953           421.518       8.714
  72.0953           426.431       8.793
  72.1953           415.805       8.649
  72.2953           425.882       8.757
  72.3953           410.951       8.593
  72.4953           449.969       9.001
  72.5953           529.411       9.828
  72.6953           602.781      10.367
  72.7953           700.167      11.193
  72.8953           715.772      11.340
  72.9953           608.872      10.389
  73.0953           592.407      10.320
  73.1953           489.095       9.236
  73.2953           428.528       8.572
  73.3953           398.444       7.315
  73.4953           420.702      16.591
  73.5953           455.370       8.696
  73.6953           538.735       9.177
  73.7953           601.386       9.595
  73.8953           594.253      14.061
  73.9953           567.463       9.832
  74.0953           491.189       9.472
  74.1953           431.149       8.834
  74.2953           411.108       8.636
  74.3953           414.281       8.686
  74.4953           410.721       8.602
  74.5953           413.349       8.708
  74.6953           419.972       8.734
  74.7953           427.488       8.817
  74.8953           425.112       8.742
  74.9953           425.793       8.815
  75.0953           437.123       8.915
  75.1953           430.996       8.820
  75.2953           406.590       8.585
  75.3953           422.815       8.776
  75.4953           416.099       8.663
  75.5953           421.183       8.726
  75.6953           435.667       8.893
  75.7953           432.549       8.850
  75.8953           452.935       9.061
  75.9953           466.517       9.210
  76.0953           509.111       9.592
  76.1953           558.420      10.097
  76.2953           647.077      10.783
  76.3953           720.017      11.477
  76.4953           811.259      12.129
  76.5953           893.064      12.727
  76.6953           804.407      12.142
  76.7953           656.207      10.955
  76.8953           561.665      10.149
  76.9953           599.374      10.541
  77.0953           859.809      12.817
  77.1953          1416.723      16.472
  77.2953          1921.743      18.918
  77.3953          2038.754      19.375
  77.4953          1481.096      16.480
  77.5953          1006.445      13.653
  77.6953           973.744      13.273
  77.7953          1588.865      17.050
  77.8953          2236.935      20.261
  77.9953          2444.744      21.116
  78.0953          1795.155      18.056
  78.1953           964.228      13.299
  78.2953           579.664      10.273
  78.3953           464.584       9.200
  78.4953           417.460       8.722
  78.5953           430.317       8.871
  78.6953           433.441       8.887
  78.7953           439.431       8.948
  78.8953           448.173       9.067
  78.9953           501.882       9.576
  79.0953           539.740       9.929
  79.1953           600.649      10.456
  79.2953           553.001      10.078
  79.3953           480.399       9.355
  79.4953           439.850       8.912
  79.5953           431.913       8.923
  79.6953           406.772       8.633
  79.7953           409.533       8.649
  79.8953           417.492       8.782
  79.9953           405.490       8.639
  80.0953           415.031       8.754
  80.1953           415.437       8.809
  80.2953           398.010       8.778
  80.3953           420.318       8.919
  80.4953           413.405       8.786
  80.5953           418.531       8.759
  80.6953           419.503       8.805
  80.7953           421.847       8.777
  80.8953           429.519       8.877
  80.9953           452.767       9.061
  81.0953           474.696       9.319
  81.1953           478.092       9.317
  81.2953           466.674       9.234
  81.3953           440.375       8.915
  81.4953           423.039       8.775
  81.5953           443.113       8.972
  81.6953           446.326       9.001
  81.7953           446.895       9.029
  81.8953           452.874       9.043
  81.9953           441.600       8.936
  82.0953           450.008       9.049
  82.1953           457.901       9.149
  82.2953           462.312       9.128
  82.3953           470.875       9.240
  82.4953           463.716       9.199
  82.5953           451.051       9.048
  82.6953           440.200       8.899
  82.7953           435.364       8.956
  82.8953           436.067       8.910
  82.9953           419.187       8.731
  83.0953           436.677       8.940
  83.1953           435.246       8.937
  83.2953           491.298       9.494
  83.3953           616.528      10.678
  83.4953           794.275      12.341
  83.5953           854.987      12.755
  83.6953           767.211      11.960
  83.7953           601.303      10.485
  83.8953           506.630       9.666
  83.9953           489.938       9.475
  84.0953           482.771       9.396
  84.1953           495.541       9.500
  84.2953           574.983      10.258
  84.3953           614.532      10.521
  84.4953           562.653      10.143
  84.5953           475.490       9.298
  84.6953           436.011       8.889
  84.7953           414.829       8.671
  84.8953           402.037       8.660
  84.9953           420.065       8.539
  85.0953           429.770       8.925
  85.1953           438.611       8.903
  85.2953           434.067       8.879
  85.3953           408.965       8.641
  85.4953           399.223       8.504
  85.5953           404.416       8.543
  85.6953           394.353       8.475
  85.7953           411.932       8.648
  85.8953           401.315       8.525
  85.9953           409.030       8.683
  86.0953           421.822       8.718
  86.1953           436.310       8.957
  86.2953           431.344       8.844
  86.3953           428.043       8.860
  86.4953           420.083       8.837
  86.5953           425.023       8.822
  86.6953           418.030       8.941
  86.7953           459.284       9.385
  86.8953           602.492      10.577
  86.9953          1023.247      13.693
  87.0953          1866.467      18.492
  87.1953          2826.046      22.729
  87.2953          3014.467      23.390
  87.3953          2488.870      21.315
  87.4953          1708.920      17.669
  87.5953          1042.104      13.724
  87.6953           638.637      10.754
  87.7953           451.462       9.069
  87.8953           428.748       8.820
  87.9953           405.053       8.541
  88.0953           406.644       8.600
  88.1953           405.969       8.593
  88.2953           398.943       8.479
  88.3953           413.607       8.647
  88.4953           406.579       8.600
  88.5953           416.699       8.693
  88.6953           410.195       8.613
  88.7953           410.840       8.656
  88.8953           419.839       8.701
  88.9953           425.290       8.813
  89.0953           414.860       8.652
  89.1953           389.741       8.455
  89.2953           424.849       8.766
  89.3953           401.413       8.554
  89.4953           422.879       8.806
  89.5953           396.831       8.476
  89.6953           402.594       8.615
  89.7953           401.879       8.595
  89.8953           439.807       9.149
  89.9953           529.910      10.054
  90.0953           633.535      10.833
  90.1953           755.759      11.784
  90.2953           765.570      11.840
  90.3953           642.643      10.806
  90.4953           499.597       9.470
  90.5953           429.929       8.844
  90.6953           404.536       8.555
  90.7953           396.224       8.475
  90.8953           387.588       8.363
  90.9953           397.939       8.484
  91.0953           396.037       8.492
  91.1953           401.052       8.479
  91.2953           373.717       8.240
  91.3953           389.962       8.373
  91.4953           399.789       8.522
  91.5953           434.496       8.860
  91.6953           520.668       9.711
  91.7953           708.335      11.356
  91.8953           916.149      12.785
  91.9953           892.994      12.762
  92.0953           695.316      11.192
  92.1953           507.684       9.606
  92.2953           453.103       9.044
  92.3953           446.249       9.025
  92.4953           474.027       9.293
  92.5953           462.302       9.159
  92.6953           421.660       8.754
  92.7953           404.378       8.625
  92.8953           403.451       8.576
  92.9953           397.933       8.604
  93.0953           403.334       8.779
  93.1953           426.134       9.020
  93.2953           426.127       8.956
  93.3953           456.139       9.171
  93.4953           414.126       8.732
  93.5953           406.014       8.639
  93.6953           394.653       8.517
  93.7953           392.554       8.482
  93.8953           375.930       8.313
  93.9953           402.938       8.600
  94.0953           399.244       8.512
  94.1953           387.741       8.425
  94.2953           385.393       8.402
  94.3953           409.544       8.626
  94.4953           421.162       8.774
  94.5953           451.233       9.081
  94.6953           503.799       9.597
  94.7953           571.510      10.199
  94.8953           653.522      10.939
  94.9953           666.669      11.083
  95.0953           555.293      10.011
  95.1953           485.535       9.484
  95.2953           533.437       9.858
  95.3953           714.653      11.432
  95.4953           937.012      13.087
  95.5953           924.590      13.029
  95.6953           770.382      11.897
  95.7953           665.498      11.053
  95.8953           669.915      11.019
  95.9953           706.149      11.553
  96.0953           661.187      10.953
  96.1953           636.721      10.931
  96.2953           585.949      10.603
  96.3953           545.491      10.193
  96.4953           489.684       9.591
  96.5953           524.850       9.835
  96.6953           711.585      11.474
  96.7953          1073.045      14.106
  96.8953          1395.260      15.965
  96.9953          1357.971      15.812
  97.0953           974.166      13.396
  97.1953           705.656      11.313
  97.2953           650.030      10.930
  97.3953           668.284      11.072
  97.4953           662.818      11.021
  97.5953           667.791      11.035
  97.6953           698.799      11.308
  97.7953           667.876      11.049
  97.8953           519.578       9.733
  97.9953           452.463       9.077
  98.0953           427.991       8.850
  98.1953           440.043       8.990
  98.2953           467.483       9.195
  98.3953           520.024       9.780
  98.4953           592.301      10.443
  98.5953           624.455      10.633
  98.6953           611.882      10.569
  98.7953           530.116       9.883
  98.8953           508.509       9.672
  98.9953           550.367      10.028
  99.0953           576.668      10.321
  99.1953           517.364       9.725
  99.2953           484.605       9.504
  99.3953           437.336       9.012
  99.4953           445.120       9.271
  99.5953           438.871       9.145
  99.6953           414.635       8.798
  99.7953           390.815       8.442
  99.8953           388.904       8.437
  99.9953           385.098       8.394
 100.0953           394.550       8.474
 100.1953           407.029       8.600
 100.2953           418.464       8.741
 100.3953           484.855       9.357
 100.4953           505.474       9.582
 100.5953           491.358       9.437
 100.6953           444.553       8.978
 100.7953           409.370       8.598
 100.8953           392.948       8.439
 100.9953           395.120       8.449
 101.0953           388.541       8.389
 101.1953           384.681       8.331
 101.2953           394.570       8.459
 101.3953           405.855       8.573
 101.4953           380.389       8.297
 101.5953           377.857       8.301
 101.6953           377.047       8.259
 101.7953           376.433       8.246
 101.8953           377.570       8.299
 101.9953           374.935       8.249
 102.0953           377.637       8.292
 102.1953           379.309       8.291
 102.2953           378.778       8.325
 102.3953           385.529       8.391
 102.4953           382.576       8.327
 102.5953           388.889       8.496
 102.6953           409.711       8.824
 102.8953           666.281      11.170
 102.9953           849.602      12.498
 103.0953           867.264      12.628
 103.1953           717.249      11.488
 103.2953           532.212       9.847
 103.3953           439.884       8.977
 103.4953           403.121       8.577
 103.5953           415.654       8.669
 103.6953           391.154       8.436
 103.7953           385.896       8.385
 103.8953           419.337       8.731
 103.9953           419.557       8.735
 104.0953           416.762       8.700
 104.1953           402.419       8.578
 104.2953           409.355       8.609
 104.3953           385.604       8.375
 104.4953           390.331       8.420
 104.5953           396.770       8.500
 104.6953           391.854       8.429
 104.7953           392.557       8.460
 104.8953           370.272       8.212
 104.9953           388.900       8.434
 105.0953           388.915       8.378
 105.1953           387.602       8.452
 105.2953           372.387       8.231
 105.3953           390.455       8.462
 105.4953           414.107       8.709
 105.5953           424.071       8.810
 105.6953           424.235       8.783
 105.7953           472.848       9.386
 105.8953           552.137      10.375
 105.9953           601.107      10.472
 106.0953           689.790      11.463
 106.1953           626.806      10.703
 106.2953           655.593      11.009
 106.3953           741.876      11.605
 106.4953           746.608      11.677
 106.5953           657.961      10.942
 106.6953           533.226       9.868
 106.7953           504.162       9.541
 106.8953           576.340      10.068
 106.9953           642.348      11.219
 107.0953           665.352      10.782
 107.1953           630.388      10.660
 107.2953           548.887      10.018
 107.3953           449.138       8.994
 107.4953           404.017       8.561
 107.5953           372.611       8.210
 107.6953           378.689       8.289
 107.7953           428.026       8.828
 107.8953           524.322       9.745
 107.9953           656.405      10.942
 108.0953           669.860      11.011
 108.1953           573.640      10.239
 108.2953           470.023       9.234
 108.3953           407.550       8.628
 108.4953           379.379       8.295
 108.5953           373.131       8.257
 108.6953           404.498       8.608
 108.7953           448.536       9.060
 108.8953           504.183       9.564
 108.9953           615.660      10.743
 109.0953           682.879      11.386
 109.1953           749.943      11.946
 109.2953           763.149      11.949
 109.3953           746.263      11.687
 109.4953           679.361      11.178
 109.5953           543.469      10.033
 109.6953           465.622       9.185
 109.7953           432.485       8.910
 109.8953           406.399       8.591
 109.9953           412.364       8.668
 110.0953           405.510       8.572
 110.1953           447.873       9.017
 110.2953           535.509       9.861
 110.3953           628.455      10.670
 110.4953           655.338      10.877
 110.5953           522.439       9.791
 110.6953           453.571       9.044
 110.7953           370.326       8.199
 110.8953           382.062       8.319
 110.9953           418.827       8.733
 111.0953           502.281       9.528
 111.1953           607.110      10.492
 111.2953           640.384      10.783
 111.3953           581.545      10.296
 111.4953           461.704       9.132
 111.5953           405.069       8.622
 111.6953           368.999       8.168
 111.7953           371.665       8.278
 111.8953           394.507       8.432
 111.9953           372.158       8.315
 112.0953           377.837       8.285
 112.1953           350.503       8.092
 112.2953           341.203       8.058
 112.3953           344.311       8.084
 112.4953           348.703       8.021
 112.5953           361.167       8.098
 112.6953           396.964       8.514
 112.7953           508.923       9.595
 112.8953           643.921      10.789
 112.9953           769.195      11.773
 113.0953           772.773      11.865
 113.1953           641.891      10.755
 113.2953           478.379       9.270
 113.3953           400.720       8.530
 113.4953           363.934       8.101
 113.5953           353.294       8.003
 113.6953           342.240       7.829
 113.7953           356.376       8.011
 113.8953           370.417       8.171
 113.9953           377.305       8.226
 114.0953           414.127       8.615
 114.1953           459.788       9.185
 114.2953           494.996       9.398
 114.3953           469.450       9.205
 114.4953           426.785       8.780
 114.5953           376.921       8.231
 114.6953           359.640       8.097
 114.7953           356.466       7.953
 114.8953           361.582       8.161
 114.9953           356.270       8.009
 115.0953           343.429       7.910
 115.1953           347.118       7.936
 115.2953           342.784       7.931
 115.3953           368.357       8.212
 115.4953           373.290       8.440
 115.5953           421.469       8.903
 115.6953           535.456       9.947
 115.7953           631.052      10.700
 115.8953           642.248      10.813
 115.9953           567.411      10.178
 116.0953           507.001       9.573
 116.1953           448.703       9.027
 116.2953           415.758       8.684
 116.3953           403.396       8.537
 116.4953           391.506       8.467
 116.5953           403.347       8.449
 116.6953           405.778       8.587
 116.7953           395.945       8.442
 116.8953           369.218       8.169
 116.9953           356.567       8.032
 117.0953           340.913       7.823
 117.1953           335.212       7.791
 117.2953           330.274       7.714
 117.3953           360.070       8.066
 117.4953           366.119       8.132
 117.5953           362.107       8.077
 117.6953           358.383       8.046
 117.7953           342.185       7.867
 117.8953           328.881       7.682
 117.9953           322.302       7.718
 118.0953           342.667       7.756
 118.1953           340.519       7.925
 118.2953           352.349       7.983
 118.3953           340.898       7.883
 118.4953           363.521       8.125
 118.5953           375.797       8.328
 118.6953           412.629       8.799
 118.7953           431.984       9.101
 118.8953           477.582       9.321
 118.9953           469.007       9.273
 119.0953           462.920       9.128
 119.1953           429.664       8.844
 119.2953           485.432       9.366
 119.3953           556.194      10.022
 119.4953           674.105      11.027
 119.5953           834.348      12.290
 119.6953           793.564      11.903
 119.7953           727.747      11.481
 119.8953           608.939      10.466
 119.9953           485.615       9.330
 120.0953           407.447       8.527
 120.1953           349.285       8.077
 120.2953           330.039       7.436
 120.3953           339.181       7.933
 120.4953           320.675       7.586
 120.5953           321.480       7.637
 120.6953           320.291       7.528
 120.7953           307.268       7.452
 120.8953           316.801       7.528
 120.9953           306.765       7.434
 121.0953           319.771       7.567
 121.1953           312.426       7.514
 121.2953           307.730       7.459
 121.3953           318.975       7.575
 121.4953           299.793       7.356
 121.5953           310.241       7.569
 121.6953           318.625       7.483
 121.7953           334.067       7.970
 121.8953           347.318       8.025
 121.9953           394.800       8.644
 122.0953           423.603       8.838
 122.1953           439.598       8.927
 122.2953           470.319       9.279
 122.3953           498.986       9.515
 122.4953           501.735       9.582
 122.5953           502.533       9.541
 122.6953           477.681       9.345
 122.7953           428.569       8.798
 122.8953           371.691       8.183
 122.9953           345.456       7.946
 123.0953           327.082       7.690
 123.1953           351.809       7.957
 123.2953           361.563       8.101
 123.3953           375.355       8.232
 123.4953           392.763       8.416
 123.5953           385.576       8.343
 123.6953           369.007       8.194
 123.7953           334.389       7.776
 123.8953           319.078       7.586
 123.9953           319.659       7.598
 124.0953           325.978       7.688
 124.1953           322.461       7.643
 124.2953           337.642       7.823
 124.3953           359.507       8.083
 124.4953           378.881       8.318
 124.5953           396.690       8.471
 124.6953           385.308       8.414
 124.7953           358.028       7.994
 124.8953           343.605       7.944
 124.9953           324.647       7.749
 125.0953           328.146       7.833
 125.1953           323.910       7.831
 125.2953           326.713       7.777
 125.3953           319.764       7.697
 125.4953           321.439       7.606
 125.5953           332.711       7.761
 125.6953           391.496       8.414
 125.7953           417.173       8.646
 125.8953           465.956       9.166
 125.9953           496.873       9.446
 126.0953           471.616       9.167
 126.1953           444.161       8.935
 126.2953           390.766       8.381
 126.3953           355.152       7.951
 126.4953           332.738       7.761
 126.5953           303.072       7.353
 126.6953           315.727       7.517
 126.7953           306.521       7.399
 126.8953           316.904       7.537
 126.9953           346.423       7.906
 127.0953           365.265       8.059
 127.1953           407.283       8.528
 127.2953           444.487       8.931
 127.3953           448.517       9.019
 127.4953           442.579       8.876
 127.5953           412.674       8.620
 127.6953           382.468       8.279
 127.7953           334.679       7.787
 127.8953           333.387       7.736
 127.9953           314.332       7.566
 128.0953           307.879       7.424
 128.1953           305.575       7.514
 128.2953           304.736       7.564
 128.3953           305.632       7.589
 128.4953           307.359       7.517
 128.5953           318.729       7.613
 128.6953           292.997       7.286
 128.7953           303.267       7.421
 128.8953           323.161       7.623
 128.9953           314.253       7.549
 129.0953           331.157       7.756
 129.1953           373.625       8.177
 129.2953           422.157       8.707
 129.3953           477.183       9.298
 129.4953           481.500       9.291
 129.5953           481.898       9.307
 129.6953           466.849       9.168
 129.7953           413.508       8.649
 129.8953           376.515       8.214
 129.9953           358.242       8.037
 130.0953           337.128       7.765
 130.1953           328.552       7.697
 130.2953           330.350       7.708
 130.3953           321.367       7.596
 130.4953           316.009       7.550
 130.5953           317.407       7.562
 130.6953           319.333       7.575
 130.7953           311.928       7.515
 130.8953           324.392       7.657
 130.9953           323.872       7.644
 131.0953           333.965       7.777
 131.1953           339.057       7.853
 131.2953           383.374       8.315
 131.3953           376.615       8.332
 131.4953           399.964       8.662
 131.5953           382.337       8.524
 131.6953           385.477       8.412
 131.7953           376.074       8.258
 131.8953           347.884       7.917
 131.9953           338.024       7.846
 132.0953           346.294       7.883
 132.1953           331.258       7.758
 132.2953           322.448       7.630
 132.3953           322.086       7.587
 132.4953           306.228       7.431
 132.5953           292.046       7.223
 132.6953           309.345       7.483
 132.7953           312.912       7.469
 132.8953           311.431       7.472
 132.9953           320.497       7.584
 133.0953           321.019       7.581
 133.1953           311.994       7.358
 133.2953           317.834       7.787
 133.3953           330.859       7.594
 133.4953           326.108       7.636
 133.5953           334.651       7.747
 133.6953           335.549       7.755
 133.7953           350.648       7.945
 133.8953           343.699       7.811
 133.9953           376.886       8.258
 134.0953           364.387       8.097
 134.1953           377.110       8.212
 134.2953           351.650       7.978
 134.3953           368.836       8.168
 134.4953           343.689       7.872
 134.5953           341.983       7.927
 134.6953           331.895       7.934
 134.7953           350.631       8.082
 134.8953           328.508       7.773
 134.9953           317.793       7.554
 135.0953           309.547       7.453
 135.1953           292.157       7.261
 135.2953           289.264       7.209
 135.3953           283.189       7.124
 135.4953           277.491       7.071
 135.5953           288.297       7.163
 135.6953           294.218       7.265
 135.7953           296.656       7.264
 135.8953           306.463       7.424
 135.9953           314.637       7.498
 136.0953           324.088       7.609
 136.1953           354.829       7.982
 136.2953           402.976       8.465
 136.3953           479.903       9.267
 136.4953           588.136      10.269
 136.5953           663.986      10.920
 136.6953           769.815      11.692
 136.7953           809.679      12.043
 136.8953           835.552      12.241
 136.9953           782.054      11.783
 137.0953           702.018      11.224
 137.1953           594.572      10.350
 137.2953           486.724       9.339
 137.3953           424.795       8.717
 137.4953           414.434       8.628
 137.5953           417.136       8.668
 137.6953           455.819       9.071
 137.7953           494.484       9.480
 137.8953           527.079       9.948
 137.9953           543.563      10.094
 138.0953           563.098      10.156
 138.1953           532.754       9.756
 138.2953           509.688       9.612
 138.3953           465.716       9.126
 138.4953           447.007       8.946
 138.5953           404.652       8.506
 138.6953           372.015       8.145
 138.7953           347.593       7.851
 138.8953           334.574       7.702
 138.9953           314.059       7.486
 139.0953           303.454       7.338
 139.1953           298.922       7.254
 139.2953           295.062       7.273
 139.3953           290.003       7.144
 139.4953           279.198       7.062
 139.5953           290.221       7.130
 139.6953           288.951       7.183
 139.7953           274.710       7.003
 139.8953           298.447       7.258
 139.9953           299.780       7.294
 140.0953           336.651       7.729
 140.1953           350.396       7.917
 140.2953           368.529       8.067
 140.3953           434.233       8.825
 140.4953           450.940       8.967
 140.5953           463.213       9.097
 140.6953           489.826       9.387
 140.7953           482.536       9.292
 140.8953           467.052       9.158
 140.9953           446.407       9.047
 141.0953           450.379       9.167
 141.1953           439.862       9.066
 141.2953           456.026       9.090
 141.3953           497.012       9.406
 141.4953           510.049       9.568
 141.5953           518.792       9.601
 141.6953           564.759      10.050
 141.7953           520.205       9.647
 141.8953           531.651       9.707
 141.9953           492.348       9.309
 142.0953           465.818       9.102
 142.1953           442.274       8.876
 142.2953           412.996       8.561
 142.3953           438.582       8.772
 142.4953           468.184       9.138
 142.5953           506.916       9.484
 142.6953           561.945       9.964
 142.7953           584.324      10.152
 142.8953           598.961      10.305
 142.9953           602.387      10.335
 143.0953           597.008      10.248
 143.1953           573.008      10.087
 143.2953           552.070       9.887
 143.3953           519.108       9.592
 143.4953           498.626       9.383
 143.5953           498.568       9.402
 143.6953           475.424       9.242
 143.7953           484.245       9.384
 143.8953           482.079       8.944
 143.9953           501.448       9.629
 144.0953           480.982       9.234
 144.1953           452.730       9.087
 144.2953           433.788       8.941
 144.3953           418.453       8.857
 144.4953           393.924       8.478
 144.5953           364.241       8.078
 144.6953           333.410       7.712
 144.7953           325.396       7.630
 144.8953           304.012       7.350
 144.9953           310.072       7.429
 145.0953           308.255       7.394
 145.1953           289.680       7.188
 145.2953           282.527       7.050
 145.3953           294.020       7.230
 145.4953           287.781       7.146
 145.5953           282.051       6.526
 145.6953           334.739       9.378
 145.7953           294.953       6.695
 145.8953           319.811       7.515
 145.9953           308.484       7.376
 146.0953           326.037       7.599
 146.1953           329.429       7.647
 146.2953           348.740       7.861
 146.3953           342.710       7.731
 146.4953           350.812       7.930
 146.5953           353.553       7.904
 146.6953           359.524       7.974
 146.7953           382.882       8.275
 146.8953           374.686       8.159
 146.9953           395.012       8.391
 147.0953           402.325       8.469
 147.1953           403.021       8.478
 147.2953           390.035       8.344
 147.3953           380.074       8.292
 147.4953           407.132       8.726
 147.5953           379.048       8.382
 147.6953           373.710       8.258
 147.7953           350.019       7.896
 147.8953           349.636       7.936
 147.9953           326.434       7.602
 148.0953           323.379       7.616
 148.1953           305.763       7.345
 148.2953           292.108       7.244
 148.3953           290.276       7.168
 148.4953           283.964       7.194
 148.5953           279.285       6.820
 148.6953           272.216       7.078
 148.7953           275.717       7.184
 148.8953           272.205       6.575
 148.9953           283.587       7.101
 149.0953           280.472       7.185
 149.1953           277.816       6.860
 149.2953           296.326       7.176
 149.3953           308.825       7.370
 149.4953           318.470       7.410
 149.5953           324.432       7.441
 149.6953           329.796       7.778
 149.7953           327.309       7.595
 149.8953           323.584       7.316
 149.9953           331.375       8.047
 150.0953           323.495       7.086
 150.1953           310.846       8.180
 150.2953           302.862       6.963
 150.3953           301.153       7.372
 150.4953           296.207       7.266
 150.5953           288.503       7.206
 150.6953           289.315       6.643
 150.7953             0.000       0.000
 150.8953             0.000       0.000
