XYDATA  Co2SiO4 8mmV 1.87A HiRes FullBeam 500K CF ROC 
INTER        1       1       0     0.100000
TEMP       70.2250      70.0350      70.0020
! d20 23-Apr-08 09:22:09 User Sazono   L.C.Hansen  Run 594842*d20_2008_04_5880
! d20 23-Apr-08 09:22:09 User Sazono   L.C.Hansen  Run 594842*d20_2008_04_5880
! Monitor/counts, Counting time/sec:       100000.      62.5111
   0.0953          4120.265      28.123
   0.1953          4284.060      29.145
   0.2953          4324.862      29.549
   0.3953          4142.437      28.734
   0.4953          3880.711      27.608
   0.5953          3514.070      26.060
   0.6953          3082.978      24.341
   0.7953          2651.237      22.632
   0.8953          2289.822      20.964
   0.9953          1980.817      19.548
   1.0953          1641.237      17.738
   1.1953          1345.275      16.028
   1.2953          1051.434      14.196
   1.3953           782.044      12.231
   1.4953           554.060      10.289
   1.5953           431.109       9.052
   1.6953           371.347       8.446
   1.7953           326.310       7.912
   1.8953           321.563       7.824
   1.9953           304.333       7.615
   2.0953           302.372       7.612
   2.1953           296.772       7.536
   2.2953           296.632       7.510
   2.3953           298.079       7.542
   2.4953           282.663       7.375
   2.5953           274.357       7.193
   2.6953           266.552       7.183
   2.7953           253.556       6.953
   2.8953           247.713       6.900
   2.9953           247.026       6.883
   3.0953           244.276       6.857
   3.1953           238.951       6.778
   3.2953           234.319       6.703
   3.3953           234.867       6.772
   3.4953           243.834       6.995
   3.5953           237.231       6.897
   3.6953           246.715       6.950
   3.7953           246.911       6.909
   3.8953           262.598       7.108
   3.9953           289.894       7.473
   4.0953           318.360       7.788
   4.1953           339.060       8.110
   4.2953           390.485       8.624
   4.3953           423.843       8.987
   4.4953           476.610       9.526
   4.5953           529.492      10.095
   4.6953           586.286      10.535
   4.7953           614.570      10.822
   4.8953           648.954      11.126
   4.9953           682.702      11.444
   5.0953           700.070      11.534
   5.1953           691.749      11.462
   5.2953           702.885      11.610
   5.3953           690.485      11.472
   5.4953           706.109      11.576
   5.5953           701.735      11.577
   5.6953           675.769      11.374
   5.7953           693.355      11.529
   5.8953           682.786      11.367
   5.9953           688.915      11.525
   6.0953           687.320      11.481
   6.1953           686.860      11.509
   6.2953           681.268      11.429
   6.3953           660.655      11.251
   6.4953           687.084      11.542
   6.5953           659.964      11.282
   6.6953           662.313      11.515
   6.7953           659.418      11.500
   6.8953           656.575      11.327
   6.9953           635.286      11.022
   7.0953           645.677      11.124
   7.1953           653.273      11.223
   7.2953           630.758      10.949
   7.3953           635.947      11.065
   7.4953           626.603      10.939
   7.5953           631.280      10.954
   7.6953           629.520      10.945
   7.7953           625.067      10.914
   7.8953           611.636      10.782
   7.9953           611.435      10.734
   8.0953           590.931      10.637
   8.1953           622.327      10.868
   8.2953           612.982      10.781
   8.3953           614.376      10.802
   8.4953           591.506      10.612
   8.5953           596.291      10.626
   8.6953           591.590      10.584
   8.7953           606.863      10.720
   8.8953           598.289      10.658
   8.9953           585.518      10.543
   9.0953           569.890      10.391
   9.1953           592.522      10.639
   9.2953           587.226      10.590
   9.3953           569.745      10.376
   9.4953           570.716      10.462
   9.5953           562.607      10.355
   9.6953           571.710      10.459
   9.7953           576.908      10.606
   9.8953           557.480      10.556
   9.9953           562.408      10.589
  10.0953           563.300      10.437
  10.1953           553.104      10.269
  10.2953           531.475      10.082
  10.3953           548.112      10.210
  10.4953           543.209      10.156
  10.5953           546.788      10.169
  10.6953           557.874      10.310
  10.7953           548.374      10.143
  10.8953           561.150      10.279
  10.9953           541.600      10.096
  11.0953           548.319      10.080
  11.1953           540.343      10.063
  11.2953           568.973      10.942
  11.3953           530.184       9.793
  11.4953           538.689      10.019
  11.5953           550.820      10.150
  11.6953           528.126      10.006
  11.7953           533.642      10.022
  11.8953           529.911      10.002
  11.9953           540.274      10.094
  12.0953           513.602       9.871
  12.1953           534.847      10.047
  12.2953           513.162       9.818
  12.3953           529.877      10.068
  12.4953           513.073       9.867
  12.5953           535.693      10.068
  12.6953           526.972      10.002
  12.7953           516.129       9.962
  12.8953           525.191       9.936
  12.9953           524.122      10.042
  13.0953           516.524      10.279
  13.1953           506.824       9.730
  13.2953           512.269      10.125
  13.3953           516.810       9.922
  13.4953           510.821       9.893
  13.5953           528.416       9.988
  13.6953           514.989       9.928
  13.7953           530.362       9.994
  13.8953           521.981       9.994
  13.9953           521.632       9.877
  14.0953           526.518      10.044
  14.1953           519.444       9.792
  14.2953           525.081      10.026
  14.3953           498.201       9.669
  14.4953           512.665       9.834
  14.5953           513.927       9.916
  14.6953           514.121       9.818
  14.7953           511.577       9.804
  14.8953           533.600      10.022
  14.9953           507.681       9.823
  15.0953           517.239      10.034
  15.1953           509.595       9.499
  15.2953           504.146       9.939
  15.3953           534.531      10.041
  15.4953           520.937       9.900
  15.5953           500.334       9.740
  15.6953           533.033      10.082
  15.7953           495.850       9.660
  15.8953           517.805       9.974
  15.9953           522.148       9.955
  16.0953           517.497       9.970
  16.1953           504.075       9.837
  16.2953           499.918       9.955
  16.3953           497.565       9.975
  16.4953           509.466       9.927
  16.5953           490.979       9.657
  16.6953           496.211       9.758
  16.7953           500.392       9.763
  16.8953           504.177       9.809
  16.9953           506.864       9.800
  17.0953           492.901       9.687
  17.1953           491.475       9.659
  17.2953           502.112       9.734
  17.3953           506.306       9.809
  17.4953           509.687       9.833
  17.5953           499.601       9.671
  17.6953           492.105       9.677
  17.7953           497.163       9.705
  17.8953           507.884       9.769
  17.9953           497.697       9.683
  18.0953           492.623       9.667
  18.1953           508.379       9.800
  18.2953           504.677       9.769
  18.3953           501.120       9.713
  18.4953           490.832       9.661
  18.5953           506.724       9.756
  18.6953           504.297       9.758
  18.7953           509.552       9.843
  18.8953           506.958       9.809
  18.9953           491.866       9.631
  19.0953           499.683       9.758
  19.1953           499.806       9.757
  19.2953           495.700       9.731
  19.3953           483.329       9.607
  19.4953           485.490       9.857
  19.5953           506.943       9.986
  19.6953           493.710       9.718
  19.7953           482.345       9.595
  19.8953           502.166       9.768
  19.9953           483.568       9.574
  20.0953           475.784       9.487
  20.1953           499.413       9.557
  20.2953           489.181       9.987
  20.3953           498.321       9.629
  20.4953           502.429       9.498
  20.5953           522.454      10.064
  20.6953           519.337       9.853
  20.7953           512.722       9.822
  20.8953           536.428      10.039
  20.9953           549.281      10.207
  21.0953           550.762      10.152
  21.1953           558.862      10.258
  21.2953           563.658      10.289
  21.3953           535.450      10.053
  21.4953           505.751       9.762
  21.5953           509.530       9.784
  21.6953           515.602       9.899
  21.7953           504.449       9.703
  21.8953           511.482       9.842
  21.9953           510.725       9.800
  22.0953           482.559       9.554
  22.1953           513.872       9.891
  22.2953           521.266       9.931
  22.3953           489.049       9.656
  22.4953           506.136       9.823
  22.5953           469.725       9.486
  22.6953           471.159       9.672
  22.7953           483.139       9.767
  22.8953           474.509       9.526
  22.9953           493.112       9.639
  23.0953           470.806       9.448
  23.1953           472.268       9.457
  23.2953           478.319       9.476
  23.3953           469.485       9.405
  23.4953           452.681       9.267
  23.5953           462.007       9.257
  23.6953           468.444       9.378
  23.7953           460.710       9.293
  23.8953           466.887       9.353
  23.9953           473.358       9.389
  24.0953           474.313       9.439
  24.1953           468.104       9.373
  24.2953           455.744       9.198
  24.3953           464.920       9.332
  24.4953           465.724       9.314
  24.5953           474.951       9.476
  24.6953           498.131       9.617
  24.7953           483.123       9.477
  24.8953           497.954       9.690
  24.9953           512.846       9.772
  25.0953           551.227      10.154
  25.1953           535.929      10.027
  25.2953           533.048      10.011
  25.3953           505.735       9.742
  25.4953           482.385       9.532
  25.5953           457.901       9.295
  25.6953           460.026       9.302
  25.7953           453.658       9.330
  25.8953           461.189       9.508
  25.9953           467.432       9.592
  26.0953           440.297       9.149
  26.1953           461.751       9.329
  26.2953           449.714       9.182
  26.3953           462.631       9.364
  26.4953           491.422       9.581
  26.5953           484.933       9.508
  26.6953           476.619       9.476
  26.7953           505.265       9.720
  26.8953           499.302       9.670
  26.9953           490.272       9.540
  27.0953           509.661       9.787
  27.1953           509.791       9.744
  27.2953           515.395       9.816
  27.3953           527.165       9.934
  27.4953           578.913      10.393
  27.5953           616.195      10.718
  27.6953           695.280      11.433
  27.7953           795.942      12.176
  27.8953           881.158      12.858
  27.9953           882.549      12.776
  28.0953           808.884      12.341
  28.1953           709.797      11.539
  28.2953           592.269      10.493
  28.3953           491.812       9.629
  28.4953           466.626       9.336
  28.5953           466.501       9.358
  28.6953           478.052       9.502
  28.7953           484.423       9.572
  28.8953           490.270       9.639
  28.9953           543.923      10.134
  29.0953           565.247      10.518
  29.1953           605.749      10.866
  29.2953           570.321      10.483
  29.3953           532.292      10.041
  29.4953           489.742       9.629
  29.5953           458.111       9.276
  29.6953           457.515       9.258
  29.7953           456.840       9.287
  29.8953           466.143       9.383
  29.9953           452.092       9.192
  30.0953           432.552       9.019
  30.1953           446.808       9.163
  30.2953           438.295       9.076
  30.3953           448.087       9.139
  30.4953           449.224       9.208
  30.5953           455.730       9.258
  30.6953           463.189       9.318
  30.7953           479.142       9.461
  30.8953           467.549       9.362
  30.9953           473.935       9.460
  31.0953           518.956       9.837
  31.1953           529.455       9.965
  31.2953           505.773       9.770
  31.3953           506.082       9.736
  31.4953           464.367       9.340
  31.5953           435.205       9.043
  31.6953           444.633       9.182
  31.7953           437.308       9.062
  31.8953           427.081       8.992
  31.9953           439.081       9.087
  32.0953           415.673       8.880
  32.1953           428.212       9.058
  32.2953           416.347       9.057
  32.3953           409.379       8.933
  32.4953           431.269       9.054
  32.5953           420.518       8.893
  32.6953           418.587       8.876
  32.7953           421.671       8.874
  32.8953           426.346       8.962
  32.9953           417.939       8.811
  33.0953           427.697       8.983
  33.1953           410.661       8.730
  33.2953           426.139       8.938
  33.3953           413.402       8.752
  33.4953           410.558       8.753
  33.5953           436.276       8.994
  33.6953           421.779       8.849
  33.7953           415.479       8.838
  33.8953           408.204       8.681
  33.9953           408.586       8.711
  34.0953           419.951       8.847
  34.1953           422.231       8.872
  34.2953           404.750       8.699
  34.3953           440.375       8.969
  34.4953           427.659       8.994
  34.5953           449.115       9.094
  34.6953           427.234       8.965
  34.7953           440.218       9.066
  34.8953           454.731       9.208
  34.9953           454.443       9.198
  35.0953           444.624       9.151
  35.1953           441.614       9.096
  35.2953           431.527       9.023
  35.3953           448.694       9.276
  35.4953           462.650       9.497
  35.5953           424.908       9.109
  35.6953           428.680       9.049
  35.7953           439.893       9.078
  35.8953           470.358       9.413
  35.9953           459.799       9.259
  36.0953           470.571       9.395
  36.1953           506.029       9.712
  36.2953           519.793       9.898
  36.3953           540.182      10.026
  36.4953           523.064       9.906
  36.5953           544.735      10.034
  36.6953           506.653       9.736
  36.7953           491.999       9.545
  36.8953           469.938       9.365
  36.9953           458.262       9.247
  37.0953           427.132       8.910
  37.1953           433.521       8.950
  37.2953           434.625       9.021
  37.3953           428.309       8.917
  37.4953           423.016       8.851
  37.5953           425.818       8.922
  37.6953           440.402       9.052
  37.7953           420.132       8.861
  37.8953           442.072       9.054
  37.9953           433.562       8.999
  38.0953           429.422       8.962
  38.1953           427.346       8.950
  38.2953           431.601       8.963
  38.3953           426.873       8.967
  38.4953           448.467       9.139
  38.5953           433.673       9.104
  38.6953           456.373       9.442
  38.7953           447.252       9.358
  38.8953           454.746       9.296
  38.9953           485.478       9.591
  39.0953           476.272       9.467
  39.1953           547.062      10.101
  39.2953           591.785      10.534
  39.3953           665.871      11.141
  39.4953           661.633      11.144
  39.5953           611.547      10.659
  39.6953           530.037       9.949
  39.7953           476.625       9.409
  39.8953           460.200       9.275
  39.9953           441.950       9.046
  40.0953           448.261       9.135
  40.1953           460.565       9.299
  40.2953           449.741       9.129
  40.3953           469.040       9.331
  40.4953           440.868       9.085
  40.5953           437.901       9.035
  40.6953           444.537       9.091
  40.7953           465.600       9.329
  40.8953           448.881       9.167
  40.9953           443.578       9.091
  41.0953           430.953       8.941
  41.1953           447.548       9.183
  41.2953           452.554       9.196
  41.3953           465.976       9.334
  41.4953           442.389       9.139
  41.5953           446.140       9.147
  41.6953           456.910       9.261
  41.7953           463.996       9.442
  41.8953           467.448       9.724
  41.9953           462.300       9.231
  42.0953           491.676       9.843
  42.1953           552.550      10.184
  42.2953           643.267      11.081
  42.3953           788.125      12.152
  42.4953           928.382      13.244
  42.5953           954.328      13.297
  42.6953           902.841      13.089
  42.7953           785.279      12.119
  42.8953           695.885      11.371
  42.9953           588.572      10.539
  43.0953           530.888       9.936
  43.1953           517.029       9.808
  43.2953           496.437       9.664
  43.3953           522.221       9.843
  43.4953           596.035      10.560
  43.5953           652.715      11.036
  43.6953           636.817      10.869
  43.7953           623.478      10.788
  43.8953           529.165       9.956
  43.9953           491.195       9.544
  44.0953           472.695       9.385
  44.1953           467.062       9.388
  44.2953           507.026       9.708
  44.3953           512.770       9.826
  44.4953           575.948      10.380
  44.5953           650.373      10.985
  44.6953           736.959      11.817
  44.7953           788.781      12.186
  44.8953           747.935      11.873
  44.9953           637.021      11.026
  45.0953           541.977      10.322
  45.1953           488.983       9.756
  45.2953           455.129       9.273
  45.3953           454.624       9.230
  45.4953           447.552       9.128
  45.5953           456.713       9.248
  45.6953           452.562       9.171
  45.7953           484.962       9.485
  45.8953           517.468       9.830
  45.9953           593.319      10.472
  46.0953           735.677      11.655
  46.1953           852.108      12.566
  46.2953           909.512      12.990
  46.3953           846.321      12.493
  46.4953           703.271      11.415
  46.5953           582.651      10.383
  46.6953           492.165       9.537
  46.7953           470.399       9.343
  46.8953           453.553       9.152
  46.9953           449.925       9.095
  47.0953           457.418       9.213
  47.1953           511.925       9.734
  47.2953           514.182       9.764
  47.3953           594.690      10.485
  47.4953           651.252      10.997
  47.5953           642.264      10.880
  47.6953           615.055      10.710
  47.7953           553.925      10.134
  47.8953           503.575       9.688
  47.9953           478.087       9.466
  48.0953           514.524       9.767
  48.1953           594.021      10.653
  48.2953           796.972      12.448
  48.3953          1121.232      14.813
  48.4953          1788.302      18.350
  48.5953          2666.888      22.376
  48.6953          3350.067      24.997
  48.7953          3536.321      25.770
  48.8953          3297.547      24.727
  48.9953          2634.342      22.138
  49.0953          1863.829      18.708
  49.1953          1226.073      15.043
  49.2953           780.100      12.027
  49.3953           562.105      10.222
  49.4953           490.222       9.534
  49.5953           482.456       9.454
  49.6953           478.602       9.392
  49.7953           456.192       9.243
  49.8953           478.520       9.372
  49.9953           461.376       9.229
  50.0953           486.055       9.518
  50.1953           458.983       9.228
  50.2953           473.495       9.366
  50.3953           487.595       9.510
  50.4953           467.727       9.312
  50.5953           463.021       9.292
  50.6953           471.988       9.347
  50.7953           484.394       9.505
  50.8953           531.145       9.944
  50.9953           609.446      10.661
  51.0953           724.340      11.636
  51.1953           845.610      12.578
  51.2953           827.737      12.453
  51.3953           732.137      11.706
  51.4953           607.681      10.925
  51.5953           514.528       9.988
  51.6953           462.229       9.361
  51.7953           474.880       9.423
  51.8953           475.850       9.408
  51.9953           499.853       9.620
  52.0953           515.945       9.808
  52.1953           537.405       9.998
  52.2953           517.081       9.746
  52.3953           508.499       9.718
  52.4953           514.480       9.735
  52.5953           517.849       9.764
  52.6953           508.216       9.688
  52.7953           487.410       9.472
  52.8953           475.383       9.386
  52.9953           464.355       9.223
  53.0953           445.439       9.079
  53.1953           449.294       9.086
  53.2953           450.643       9.117
  53.3953           453.713       9.150
  53.4953           447.816       9.103
  53.5953           450.068       9.083
  53.6953           441.738       9.043
  53.7953           443.558       9.060
  53.8953           445.603       9.034
  53.9953           440.806       9.055
  54.0953           448.695       9.121
  54.1953           434.292       8.959
  54.2953           453.601       9.173
  54.3953           467.862       9.352
  54.4953           519.129       9.818
  54.5953           539.188      10.079
  54.6953           580.991      10.622
  54.7953           578.263      10.622
  54.8953           560.532      10.251
  54.9953           512.843       9.808
  55.0953           496.869       9.594
  55.1953           490.421       9.561
  55.2953           471.965       9.324
  55.3953           464.556       9.284
  55.4953           480.851       9.439
  55.5953           471.834       9.309
  55.6953           448.940       9.137
  55.7953           451.037       9.135
  55.8953           450.969       9.117
  55.9953           462.471       9.229
  56.0953           438.698       8.992
  56.1953           457.229       9.191
  56.2953           449.281       9.103
  56.3953           442.469       9.009
  56.4953           455.722       9.199
  56.5953           446.609       9.092
  56.6953           440.233       8.999
  56.7953           449.003       9.101
  56.8953           451.037       9.144
  56.9953           455.896       9.142
  57.0953           481.004       9.448
  57.1953           461.281       9.233
  57.2953           474.235       9.399
  57.3953           457.060       9.225
  57.4953           455.499       9.145
  57.5953           454.518       9.237
  57.6953           437.230       9.033
  57.7953           442.227       9.109
  57.8953           444.127       9.351
  57.9953           435.888       9.143
  58.0953           422.366       8.926
  58.1953           423.004       8.884
  58.2953           429.335       8.923
  58.3953           439.030       9.060
  58.4953           428.570       8.879
  58.5953           448.519       9.133
  58.6953           406.893       8.653
  58.7953           441.444       9.026
  58.8953           437.432       8.987
  58.9953           431.258       8.965
  59.0953           429.262       8.771
  59.1953           432.983       8.984
  59.2953           440.324       9.018
  59.3953           457.890       9.180
  59.4953           461.236       9.201
  59.5953           458.108       9.173
  59.6953           427.514       8.870
  59.7953           442.194       9.076
  59.8953           446.706       8.997
  59.9953           456.275       9.198
  60.0953           456.504       9.197
  60.1953           457.672       9.163
  60.2953           443.903       9.018
  60.3953           448.449       9.125
  60.4953           453.405       9.123
  60.5953           440.802       9.019
  60.6953           434.716       8.975
  60.7953           456.176       9.196
  60.8953           465.389       9.326
  60.9953           507.936       9.786
  61.0953           520.022      10.004
  61.1953           548.231      10.304
  61.2953           501.018       9.660
  61.3953           467.526       9.295
  61.4953           450.151       9.085
  61.5953           429.951       8.909
  61.6953           435.347       8.933
  61.7953           437.418       8.955
  61.8953           450.335       9.122
  61.9953           432.525       8.877
  62.0953           453.663       9.075
  62.1953           457.255       9.199
  62.2953           439.775       8.932
  62.3953           454.567       9.106
  62.4953           457.137       9.121
  62.5953           477.293       9.389
  62.6953           481.573       9.337
  62.7953           452.507       9.088
  62.8953           433.242       8.886
  62.9953           427.251       8.829
  63.0953           416.994       8.706
  63.1953           418.005       8.716
  63.2953           424.119       8.861
  63.3953           404.300       8.556
  63.4953           438.735       8.930
  63.5953           433.597       8.933
  63.6953           435.441       8.939
  63.7953           426.705       8.802
  63.8953           436.825       8.979
  63.9953           449.672       9.068
  64.0953           521.926       9.809
  64.1953           727.910      11.626
  64.2953          1108.868      14.360
  64.3953          1801.463      19.010
  64.4953          2237.638      20.158
  64.5953          2414.836      21.295
  64.6953           934.219      12.553
  64.7953          1145.515      13.985
  64.8953           722.664      12.659
  64.9953           579.237      11.974
  65.0953           537.357      10.151
  65.1953           595.655       9.634
  65.2953           689.782      11.141
  65.3953           713.572      11.387
  65.4953           651.122      10.927
  65.5953           541.913       9.901
  65.6953           478.556       9.398
  65.7953           464.996       9.223
  65.8953           432.651       8.880
  65.9953           429.484       8.869
  66.0953           437.073       8.974
  66.1953           437.876       8.946
  66.2953           433.104       8.902
  66.3953           447.865       9.048
  66.4953           444.891       9.098
  66.5953           421.501       8.747
  66.6953           433.981       8.937
  66.7953           432.216       8.945
  66.8953           429.331       8.913
  66.9953           439.652       8.972
  67.0953           421.442       8.842
  67.1953           435.496       8.959
  67.2953           426.359       8.921
  67.3953           458.148       9.252
  67.4953           490.937       9.749
  67.5953           564.000      10.403
  67.6953           640.004      10.902
  67.7953           683.189      11.227
  67.8953           622.249      10.694
  67.9953           504.816       9.628
  68.0953           453.836       9.082
  68.1953           427.532       8.829
  68.2953           430.173       8.887
  68.3953           407.227       8.585
  68.4953           429.626       8.840
  68.5953           410.029       8.627
  68.6953           418.019       8.716
  68.7953           426.728       8.793
  68.8953           482.021       9.318
  68.9953           561.527      10.134
  69.0953           702.466      11.211
  69.1953           822.820      12.222
  69.2953           834.590      12.324
  69.3953           694.815      11.262
  69.4953           551.151       9.938
  69.5953           473.123       9.279
  69.6953           473.411       9.268
  69.7953           450.848       9.046
  69.8953           437.495       8.886
  69.9953           422.546       8.788
  70.0953           445.466       9.031
  70.1953           451.134       9.048
  70.2953           487.380       9.459
  70.3953           534.266       9.896
  70.4953           543.946       9.956
  70.5953           524.830       9.881
  70.6953           481.905       9.598
  70.7953           512.713       9.862
  70.8953           532.290       9.917
  70.9953           512.514       9.691
  71.0953           481.086       9.413
  71.1953           453.935       9.073
  71.2953           429.921       8.859
  71.3953           431.856       8.861
  71.4953           412.974       8.664
  71.5953           431.039       8.847
  71.6953           429.046       8.808
  71.7953           418.254       8.700
  71.8953           421.914       8.765
  71.9953           412.673       8.642
  72.0953           407.697       8.618
  72.1953           400.434       8.508
  72.2953           428.646       8.807
  72.3953           413.100       8.636
  72.4953           459.726       9.120
  72.5953           532.497       9.880
  72.6953           610.148      10.455
  72.7953           720.965      11.385
  72.8953           724.798      11.439
  72.9953           604.128      10.373
  73.0953           598.859      10.401
  73.1953           480.567       9.177
  73.2953           416.619       8.472
  73.3953           425.729       7.579
  73.4953           437.203      16.954
  73.5953           452.209       8.687
  73.6953           529.845       9.123
  73.7953           601.343       9.618
  73.8953           583.384      13.966
  73.9953           548.778       9.692
  74.0953           470.407       9.292
  74.1953           433.396       8.878
  74.2953           425.661       8.809
  74.3953           420.292       8.769
  74.4953           407.075       8.584
  74.5953           396.333       8.548
  74.6953           410.297       8.654
  74.7953           412.537       8.682
  74.8953           457.685       9.092
  74.9953           428.016       8.860
  75.0953           413.994       8.697
  75.1953           419.453       8.722
  75.2953           421.840       8.766
  75.3953           402.499       8.583
  75.4953           417.549       8.699
  75.5953           420.112       8.735
  75.6953           422.608       8.780
  75.7953           441.719       8.964
  75.8953           452.736       9.080
  75.9953           475.147       9.317
  76.0953           523.539       9.750
  76.1953           559.076      10.127
  76.2953           623.989      10.614
  76.3953           698.461      11.331
  76.4953           808.767      12.139
  76.5953           905.544      12.846
  76.6953           826.865      12.340
  76.7953           649.241      10.923
  76.8953           570.806      10.255
  76.9953           607.835      10.641
  77.0953           861.815      12.863
  77.1953          1416.773      16.512
  77.2953          1930.200      19.005
  77.3953          1991.899      19.197
  77.4953          1507.171      16.664
  77.5953           974.598      13.467
  77.6953           987.136      13.396
  77.7953          1545.178      16.854
  77.8953          2259.267      20.410
  77.9953          2450.223      21.190
  78.0953          1828.208      18.265
  78.1953          1033.547      13.802
  78.2953           587.565      10.367
  78.3953           473.403       9.309
  78.4953           426.420       8.836
  78.5953           430.540       8.895
  78.6953           436.433       8.939
  78.7953           454.722       9.124
  78.8953           451.058       9.118
  78.9953           495.288       9.535
  79.0953           546.181      10.012
  79.1953           575.170      10.256
  79.2953           547.896      10.055
  79.3953           481.235       9.386
  79.4953           429.977       8.832
  79.5953           429.164       8.916
  79.6953           415.535       8.747
  79.7953           405.251       8.624
  79.8953           421.534       8.846
  79.9953           422.605       8.841
  80.0953           410.895       8.731
  80.1953           403.156       8.699
  80.2953           406.727       8.895
  80.3953           419.097       8.927
  80.4953           427.023       8.951
  80.5953           416.850       8.763
  80.6953           421.884       8.851
  80.7953           421.481       8.794
  80.8953           446.516       9.073
  80.9953           446.734       9.022
  81.0953           481.015       9.403
  81.1953           493.524       9.489
  81.2953           481.399       9.401
  81.3953           436.861       8.901
  81.4953           416.282       8.726
  81.5953           444.505       9.008
  81.6953           421.096       8.763
  81.7953           452.886       9.111
  81.8953           430.540       8.838
  81.9953           439.171       8.933
  82.0953           439.543       8.965
  82.1953           466.158       9.253
  82.2953           460.540       9.133
  82.3953           473.677       9.290
  82.4953           467.589       9.260
  82.5953           453.577       9.095
  82.6953           451.531       9.034
  82.7953           435.968       8.984
  82.8953           429.554       8.865
  82.9953           408.033       8.635
  83.0953           420.740       8.796
  83.1953           429.584       8.900
  83.2953           495.311       9.555
  83.3953           617.809      10.714
  83.4953           794.418      12.372
  83.5953           867.688      12.880
  83.6953           757.770      11.915
  83.7953           584.890      10.365
  83.8953           503.680       9.661
  83.9953           475.526       9.356
  84.0953           476.444       9.356
  84.1953           506.152       9.624
  84.2953           558.424      10.133
  84.3953           622.182      10.611
  84.4953           578.030      10.306
  84.5953           506.097       9.616
  84.6953           427.716       8.825
  84.7953           426.654       8.814
  84.8953           407.526       8.740
  84.9953           418.588       8.544
  85.0953           446.546       9.119
  85.1953           431.447       8.851
  85.2953           420.994       8.765
  85.3953           390.919       8.468
  85.4953           393.851       8.466
  85.5953           410.707       8.630
  85.6953           405.031       8.610
  85.7953           412.810       8.678
  85.8953           393.953       8.467
  85.9953           431.002       8.935
  86.0953           410.258       8.618
  86.1953           432.486       8.939
  86.2953           434.139       8.893
  86.3953           436.177       8.965
  86.4953           437.230       9.037
  86.5953           412.885       8.716
  86.6953           427.529       9.064
  86.7953           446.256       9.273
  86.8953           585.410      10.450
  86.9953          1011.574      13.648
  87.0953          1842.085      18.414
  87.1953          2799.721      22.677
  87.2953          3064.468      23.639
  87.3953          2495.289      21.394
  87.4953          1727.755      17.809
  87.5953          1011.314      13.552
  87.6953           607.300      10.511
  87.7953           465.528       9.232
  87.8953           429.890       8.853
  87.9953           405.002       8.561
  88.0953           423.949       8.802
  88.1953           405.720       8.611
  88.2953           413.895       8.657
  88.3953           410.682       8.637
  88.4953           423.521       8.799
  88.5953           418.149       8.728
  88.6953           406.524       8.595
  88.7953           408.775       8.654
  88.8953           407.891       8.597
  88.9953           398.509       8.551
  89.0953           417.391       8.699
  89.1953           413.364       8.728
  89.2953           413.613       8.670
  89.3953           400.404       8.564
  89.4953           386.009       8.433
  89.5953           399.278       8.522
  89.6953           403.225       8.642
  89.7953           431.156       8.924
  89.8953           425.653       9.022
  89.9953           520.369       9.987
  90.0953           638.804      10.904
  90.1953           756.055      11.815
  90.2953           762.245      11.842
  90.3953           642.799      10.833
  90.4953           500.546       9.502
  90.5953           420.101       8.764
  90.6953           405.747       8.588
  90.7953           395.753       8.490
  90.8953           414.657       8.671
  90.9953           384.571       8.360
  91.0953           389.148       8.438
  91.1953           412.525       8.620
  91.2953           378.795       8.316
  91.3953           380.805       8.294
  91.4953           396.409       8.506
  91.5953           430.766       8.843
  91.6953           534.630       9.863
  91.7953           709.167      11.389
  91.8953           892.029      12.646
  91.9953           905.887      12.885
  92.0953           693.939      11.207
  92.1953           507.740       9.630
  92.2953           465.435       9.188
  92.3953           453.891       9.124
  92.4953           469.522       9.271
  92.5953           467.070       9.228
  92.6953           423.497       8.794
  92.7953           401.321       8.613
  92.8953           384.125       8.388
  92.9953           406.385       8.716
  93.0953           408.339       8.854
  93.1953           434.125       9.126
  93.2953           439.709       9.119
  93.3953           451.282       9.143
  93.4953           431.844       8.939
  93.5953           406.111       8.660
  93.6953           388.228       8.468
  93.7953           393.329       8.511
  93.8953           395.471       8.547
  93.9953           393.427       8.519
  94.0953           385.650       8.386
  94.1953           382.237       8.385
  94.2953           400.681       8.588
  94.3953           422.282       8.780
  94.4953           424.649       8.832
  94.5953           455.415       9.145
  94.6953           490.961       9.496
  94.7953           580.650      10.305
  94.8953           668.615      11.091
  94.9953           650.972      10.978
  95.0953           557.953      10.059
  95.1953           481.344       9.465
  95.2953           555.036      10.080
  95.3953           714.584      11.459
  95.4953           898.697      12.848
  95.5953           941.750      13.181
  95.6953           778.320      11.987
  95.7953           661.675      11.048
  95.8953           663.469      10.992
  95.9953           692.055      11.464
  96.0953           689.703      11.214
  96.1953           653.351      11.099
  96.2953           596.470      10.723
  96.3953           520.344       9.979
  96.4953           486.932       9.586
  96.5953           525.141       9.861
  96.6953           693.980      11.358
  96.7953          1048.370      13.976
  96.8953          1374.774      15.885
  96.9953          1364.845      15.890
  97.0953           998.272      13.594
  97.1953           698.100      11.279
  97.2953           646.125      10.923
  97.3953           681.442      11.207
  97.4953           675.386      11.152
  97.5953           669.524      11.076
  97.6953           702.515      11.365
  97.7953           647.928      10.908
  97.8953           551.386      10.050
  97.9953           439.622       8.968
  98.0953           427.098       8.861
  98.1953           450.828       9.121
  98.2953           473.540       9.276
  98.3953           513.825       9.745
  98.4953           586.811      10.419
  98.5953           632.724      10.729
  98.6953           585.274      10.361
  98.7953           531.729       9.922
  98.8953           517.232       9.778
  98.9953           536.290       9.923
  99.0953           572.375      10.307
  99.1953           531.786       9.884
  99.2953           462.009       9.302
  99.3953           464.445       9.309
  99.4953           442.206       9.263
  99.5953           414.346       8.907
  99.6953           408.739       8.756
  99.7953           386.271       8.413
  99.8953           400.334       8.580
  99.9953           384.920       8.412
 100.0953           388.573       8.429
 100.1953           412.084       8.674
 100.2953           430.196       8.884
 100.3953           473.020       9.264
 100.4953           510.268       9.650
 100.5953           519.764       9.729
 100.6953           454.884       9.103
 100.7953           412.057       8.647
 100.8953           393.191       8.462
 100.9953           391.382       8.429
 101.0953           398.597       8.517
 101.1953           390.696       8.416
 101.2953           399.012       8.526
 101.3953           391.232       8.438
 101.4953           383.485       8.350
 101.5953           371.967       8.256
 101.6953           376.671       8.275
 101.7953           385.681       8.367
 101.8953           370.577       8.241
 101.9953           386.218       8.392
 102.0953           370.843       8.237
 102.1953           402.987       8.566
 102.2953           391.997       8.490
 102.3953           381.684       8.369
 102.4953           375.299       8.267
 102.5953           392.245       8.553
 102.6953           387.030       8.596
 102.8953           642.558      10.996
 102.9953           830.205      12.384
 103.0953           877.886      12.735
 103.1953           715.692      11.503
 103.2953           537.692       9.922
 103.3953           443.280       9.033
 103.4953           435.137       8.933
 103.5953           396.926       8.491
 103.6953           410.037       8.658
 103.7953           398.368       8.540
 103.8953           413.672       8.692
 103.9953           430.342       8.868
 104.0953           423.322       8.789
 104.1953           416.477       8.747
 104.2953           390.568       8.429
 104.3953           394.582       8.492
 104.4953           398.774       8.531
 104.5953           408.372       8.644
 104.6953           405.215       8.592
 104.7953           385.639       8.405
 104.8953           379.370       8.332
 104.9953           367.776       8.222
 105.0953           372.273       8.216
 105.1953           376.119       8.346
 105.2953           386.972       8.410
 105.3953           386.057       8.435
 105.4953           403.755       8.620
 105.5953           418.927       8.777
 105.6953           446.557       9.033
 105.7953           474.177       9.422
 105.8953           566.344      10.533
 105.9953           602.702      10.511
 106.0953           673.756      11.356
 106.1953           643.217      10.868
 106.2953           656.503      11.043
 106.3953           731.200      11.548
 106.4953           767.255      11.866
 106.5953           659.101      10.977
 106.6953           556.337      10.104
 106.7953           503.492       9.558
 106.8953           580.514      10.129
 106.9953           636.365      11.194
 107.0953           699.973      11.086
 107.1953           646.091      10.818
 107.2953           548.943      10.042
 107.3953           460.341       9.127
 107.4953           394.646       8.482
 107.5953           387.488       8.392
 107.6953           385.063       8.379
 107.7953           413.605       8.698
 107.8953           509.904       9.633
 107.9953           631.319      10.756
 108.0953           691.078      11.211
 108.1953           615.512      10.631
 108.2953           458.599       9.143
 108.3953           414.644       8.724
 108.4953           382.655       8.350
 108.5953           369.224       8.233
 108.6953           378.628       8.348
 108.7953           417.573       8.762
 108.8953           500.216       9.549
 108.9953           583.750      10.486
 109.0953           701.224      11.566
 109.1953           750.667      11.980
 109.2953           794.070      12.218
 109.3953           754.069      11.777
 109.4953           673.188      11.153
 109.5953           563.388      10.240
 109.6953           455.469       9.106
 109.7953           426.253       8.867
 109.8953           419.481       8.749
 109.9953           401.883       8.578
 110.0953           399.439       8.528
 110.1953           440.529       8.964
 110.2953           528.401       9.819
 110.3953           627.277      10.686
 110.4953           624.909      10.647
 110.5953           540.620       9.984
 110.6953           442.510       8.955
 110.7953           387.611       8.408
 110.8953           370.781       8.215
 110.9953           416.806       8.733
 111.0953           485.975       9.394
 111.1953           597.625      10.435
 111.2953           646.372      10.859
 111.3953           558.861      10.118
 111.4953           474.810       9.283
 111.5953           405.348       8.646
 111.6953           384.761       8.360
 111.7953           379.191       8.381
 111.8953           371.033       8.197
 111.9953           401.958       8.663
 112.0953           384.394       8.376
 112.1953           363.264       8.258
 112.2953           343.221       8.101
 112.3953           352.448       8.199
 112.4953           347.962       8.032
 112.5953           357.969       8.082
 112.6953           391.523       8.475
 112.7953           479.901       9.340
 112.8953           650.094      10.867
 112.9953           786.461      11.933
 113.0953           771.348      11.882
 113.1953           634.642      10.720
 113.2953           476.157       9.271
 113.3953           396.616       8.506
 113.4953           364.771       8.130
 113.5953           351.524       8.002
 113.6953           350.901       7.946
 113.7953           351.566       7.976
 113.8953           353.890       8.006
 113.9953           376.768       8.239
 114.0953           415.751       8.652
 114.1953           466.416       9.273
 114.2953           497.905       9.448
 114.3953           468.977       9.222
 114.4953           412.490       8.652
 114.5953           409.263       8.598
 114.6953           363.012       8.154
 114.7953           353.001       7.933
 114.8953           355.167       8.108
 114.9953           346.394       7.916
 115.0953           368.335       8.212
 115.1953           340.754       7.882
 115.2953           359.184       8.138
 115.3953           349.324       8.016
 115.4953           370.090       8.424
 115.5953           445.797       9.179
 115.6953           536.535       9.980
 115.7953           620.033      10.632
 115.8953           653.741      10.935
 115.9953           579.671      10.312
 116.0953           510.156       9.626
 116.1953           432.782       8.886
 116.2953           415.926       8.707
 116.3953           391.890       8.434
 116.4953           391.909       8.492
 116.5953           412.573       8.566
 116.6953           391.464       8.454
 116.7953           405.802       8.566
 116.8953           384.249       8.353
 116.9953           334.269       7.795
 117.0953           335.507       7.779
 117.1953           339.184       7.856
 117.2953           347.978       7.937
 117.3953           355.983       8.039
 117.4953           352.621       8.000
 117.5953           356.235       8.030
 117.6953           351.928       7.992
 117.7953           326.551       7.703
 117.8953           344.346       7.879
 117.9953           324.589       7.764
 118.0953           320.660       7.521
 118.1953           343.448       7.979
 118.2953           346.582       7.937
 118.3953           339.415       7.885
 118.4953           373.476       8.255
 118.5953           372.773       8.315
 118.6953           415.737       8.853
 118.7953           445.810       9.268
 118.8953           450.061       9.070
 118.9953           456.325       9.169
 119.0953           458.081       9.102
 119.1953           426.781       8.836
 119.2953           463.233       9.172
 119.3953           552.324      10.011
 119.4953           670.988      11.028
 119.5953           825.609      12.254
 119.6953           791.803      11.918
 119.7953           716.306      11.418
 119.8953           586.904      10.300
 119.9953           482.536       9.323
 120.0953           399.352       8.462
 120.1953           351.146       8.118
 120.2953           327.746       7.428
 120.3953           331.852       7.866
 120.4953           325.278       7.658
 120.5953           314.265       7.569
 120.6953           306.881       7.387
 120.7953           298.564       7.364
 120.8953           299.795       7.341
 120.9953           318.014       7.587
 121.0953           316.803       7.549
 121.1953           304.658       7.437
 121.2953           309.568       7.499
 121.3953           308.746       7.471
 121.4953           307.217       7.464
 121.5953           310.428       7.589
 121.6953           312.377       7.427
 121.7953           329.741       7.937
 121.8953           346.744       8.038
 121.9953           374.431       8.438
 122.0953           421.924       8.842
 122.1953           448.629       9.040
 122.2953           481.589       9.412
 122.3953           477.484       9.330
 122.4953           500.276       9.591
 122.5953           492.194       9.465
 122.6953           481.256       9.402
 122.7953           437.702       8.912
 122.8953           369.668       8.181
 122.9953           364.199       8.179
 123.0953           341.009       7.871
 123.1953           342.639       7.871
 123.2953           338.480       7.857
 123.3953           370.437       8.198
 123.4953           400.808       8.522
 123.5953           390.145       8.412
 123.6953           378.640       8.320
 123.7953           369.990       8.200
 123.8953           345.450       7.913
 123.9953           327.909       7.714
 124.0953           321.160       7.649
 124.1953           325.645       7.699
 124.2953           340.899       7.879
 124.3953           370.183       8.222
 124.4953           373.537       8.278
 124.5953           387.316       8.390
 124.6953           381.797       8.396
 124.7953           347.363       7.893
 124.8953           342.296       7.947
 124.9953           346.102       8.021
 125.0953           315.808       7.703
 125.1953           314.423       7.734
 125.2953           310.041       7.594
 125.3953           340.480       7.961
 125.4953           323.341       7.647
 125.5953           361.238       8.106
 125.6953           389.372       8.411
 125.7953           409.985       8.592
 125.8953           456.225       9.092
 125.9953           497.989       9.479
 126.0953           488.739       9.354
 126.1953           445.747       8.973
 126.2953           402.575       8.527
 126.3953           342.715       7.830
 126.4953           326.506       7.707
 126.5953           303.986       7.381
 126.6953           311.121       7.480
 126.7953           310.683       7.467
 126.8953           330.316       7.713
 126.9953           337.744       7.825
 127.0953           370.232       8.134
 127.1953           410.131       8.578
 127.2953           446.436       8.972
 127.3953           452.853       9.084
 127.4953           458.120       9.053
 127.5953           407.049       8.581
 127.6953           369.166       8.154
 127.7953           331.363       7.767
 127.8953           323.794       7.643
 127.9953           320.416       7.657
 128.0953           314.933       7.526
 128.1953           315.768       7.656
 128.2953           304.686       7.582
 128.3953           300.087       7.538
 128.4953           306.428       7.523
 128.5953           314.955       7.585
 128.6953           296.040       7.342
 128.7953           312.388       7.550
 128.8953           312.957       7.520
 128.9953           312.476       7.545
 129.0953           334.752       7.817
 129.1953           371.637       8.174
 129.2953           417.861       8.683
 129.3953           464.901       9.199
 129.4953           502.366       9.513
 129.5953           481.316       9.324
 129.6953           473.790       9.258
 129.7953           436.218       8.904
 129.8953           375.977       8.228
 129.9953           362.314       8.102
 130.0953           331.910       7.723
 130.1953           331.032       7.745
 130.2953           343.503       7.878
 130.3953           322.906       7.632
 130.4953           308.638       7.479
 130.5953           305.163       7.432
 130.6953           321.405       7.618
 130.7953           313.969       7.557
 130.8953           324.674       7.678
 130.9953           334.312       7.785
 131.0953           343.212       7.903
 131.1953           353.665       8.040
 131.2953           377.053       8.265
 131.3953           397.877       8.585
 131.4953           398.297       8.665
 131.5953           385.697       8.582
 131.6953           389.907       8.480
 131.7953           371.678       8.229
 131.8953           353.897       8.004
 131.9953           365.277       8.176
 132.0953           338.754       7.815
 132.1953           330.652       7.770
 132.2953           314.555       7.554
 132.3953           298.472       7.321
 132.4953           303.706       7.418
 132.5953           301.347       7.354
 132.6953           307.187       7.475
 132.7953           318.713       7.556
 132.8953           305.172       7.415
 132.9953           311.207       7.491
 133.0953           312.477       7.498
 133.1953           310.522       7.358
 133.2953           311.493       7.727
 133.3953           330.341       7.607
 133.4953           335.939       7.769
 133.5953           347.793       7.917
 133.6953           343.103       7.861
 133.7953           353.232       7.993
 133.8953           350.164       7.903
 133.9953           351.953       7.999
 134.0953           358.897       8.055
 134.1953           363.458       8.081
 134.2953           348.604       7.962
 134.3953           352.237       8.001
 134.4953           354.943       8.019
 134.5953           344.545       7.976
 134.6953           326.049       7.882
 134.7953           324.216       7.790
 134.8953           337.478       7.898
 134.9953           325.813       7.667
 135.0953           319.509       7.590
 135.1953           298.093       7.352
 135.2953           296.430       7.315
 135.3953           288.329       7.206
 135.4953           285.342       7.188
 135.5953           284.847       7.137
 135.6953           291.118       7.244
 135.7953           302.726       7.355
 135.8953           304.134       7.413
 135.9953           305.906       7.411
 136.0953           313.606       7.503
 136.1953           353.460       7.986
 136.2953           400.974       8.465
 136.3953           471.590       9.208
 136.4953           559.954      10.044
 136.5953           663.195      10.940
 136.6953           754.406      11.602
 136.7953           806.717      12.050
 136.8953           819.007      12.148
 136.9953           777.057      11.774
 137.0953           696.543      11.207
 137.1953           608.647      10.497
 137.2953           491.757       9.410
 137.3953           423.414       8.723
 137.4953           393.124       8.424
 137.5953           408.090       8.594
 137.6953           459.272       9.127
 137.7953           481.691       9.378
 137.8953           508.842       9.798
 137.9953           530.153       9.992
 138.0953           535.048       9.924
 138.1953           540.693       9.852
 138.2953           509.032       9.628
 138.3953           501.923       9.497
 138.4953           450.948       9.006
 138.5953           400.659       8.484
 138.6953           371.646       8.161
 138.7953           368.334       8.102
 138.8953           333.503       7.708
 138.9953           317.357       7.543
 139.0953           306.691       7.395
 139.1953           308.850       7.391
 139.2953           291.429       7.245
 139.3953           281.838       7.059
 139.4953           286.821       7.175
 139.5953           279.637       7.015
 139.6953           287.642       7.184
 139.7953           289.487       7.206
 139.8953           299.522       7.288
 139.9953           317.098       7.520
 140.0953           311.324       7.451
 140.1953           346.860       7.895
 140.2953           380.057       8.212
 140.3953           421.348       8.714
 140.4953           453.279       9.012
 140.5953           469.561       9.181
 140.6953           467.763       9.195
 140.7953           492.401       9.409
 140.8953           469.831       9.207
 140.9953           459.418       9.199
 141.0953           453.661       9.222
 141.1953           435.395       9.041
 141.2953           456.389       9.115
 141.3953           484.004       9.304
 141.4953           514.837       9.635
 141.5953           535.742       9.780
 141.6953           544.457       9.891
 141.7953           543.375       9.883
 141.8953           515.851       9.584
 141.9953           497.184       9.377
 142.0953           461.077       9.077
 142.1953           438.305       8.857
 142.2953           422.468       8.680
 142.3953           478.068       9.180
 142.4953           462.897       9.108
 142.5953           519.510       9.624
 142.6953           557.357       9.946
 142.7953           564.610      10.003
 142.8953           617.691      10.490
 142.9953           628.442      10.582
 143.0953           584.664      10.165
 143.1953           585.748      10.223
 143.2953           544.570       9.843
 143.3953           529.076       9.707
 143.4953           484.686       9.273
 143.5953           489.551       9.339
 143.6953           473.908       9.250
 143.7953           503.198       9.589
 143.8953           502.569       9.154
 143.9953           508.868       9.723
 144.0953           475.445       9.203
 144.1953           475.618       9.337
 144.2953           446.980       9.097
 144.3953           426.865       8.967
 144.4953           386.090       8.413
 144.5953           351.216       7.951
 144.6953           347.381       7.891
 144.7953           326.056       7.655
 144.8953           320.653       7.566
 144.9953           317.820       7.539
 145.0953           316.508       7.510
 145.1953           296.448       7.289
 145.2953           291.309       7.176
 145.3953           290.603       7.205
 145.4953           298.614       7.296
 145.5953           277.027       6.483
 145.6953           331.058       9.349
 145.7953           283.228       6.576
 145.8953           299.861       7.294
 145.9953           302.514       7.322
 146.0953           321.011       7.558
 146.1953           326.189       7.627
 146.2953           335.268       7.726
 146.3953           338.565       7.703
 146.4953           345.644       7.890
 146.5953           358.266       7.975
 146.6953           362.313       8.024
 146.7953           361.885       8.064
 146.8953           376.481       8.198
 146.9953           385.794       8.313
 147.0953           400.489       8.469
 147.1953           379.317       8.244
 147.2953           397.645       8.445
 147.3953           390.987       8.430
 147.4953           390.659       8.568
 147.5953           392.230       8.547
 147.6953           379.352       8.340
 147.7953           345.249       7.861
 147.8953           347.508       7.931
 147.9953           327.464       7.632
 148.0953           313.748       7.519
 148.1953           303.148       7.331
 148.2953           278.877       7.095
 148.3953           294.514       7.237
 148.4953           293.571       7.332
 148.5953           277.943       6.820
 148.6953           273.705       7.115
 148.7953           290.024       7.386
 148.8953           273.030       6.601
 148.9953           287.090       7.162
 149.0953           272.008       7.092
 149.1953           286.981       6.989
 149.2953           297.221       7.204
 149.3953           309.951       7.401
 149.4953           321.208       7.460
 149.5953           321.010       7.419
 149.6953           325.475       7.745
 149.7953           323.738       7.572
 149.8953           329.624       7.402
 149.9953           314.890       7.862
 150.0953           330.194       7.176
 150.1953           330.084       8.450
 150.2953           320.084       7.175
 150.3953           317.652       7.589
 150.4953           290.279       7.210
 150.5953           297.847       7.339
 150.6953           290.548       6.673
 150.7953             0.000       0.000
 150.8953             0.000       0.000
