XYDATA  Co2SiO4 8mmV 1.87A HiRes FullBeam 500K CF ROC 
INTER        1       1       0     0.100000
TEMP       66.2090      65.9680      66.0020
! d20 23-Apr-08 09:22:09 User Sazono   L.C.Hansen  Run 594842*d20_2008_04_5880
! d20 23-Apr-08 09:22:09 User Sazono   L.C.Hansen  Run 594842*d20_2008_04_5880
! Monitor/counts, Counting time/sec:       100000.      62.5111
   0.0953          4087.348      28.025
   0.1953          4268.748      29.108
   0.2953          4348.239      29.644
   0.3953          4204.288      28.963
   0.4953          3862.013      27.556
   0.5953          3477.742      25.939
   0.6953          3091.822      24.389
   0.7953          2659.460      22.679
   0.8953          2250.164      20.793
   0.9953          1957.807      19.444
   1.0953          1613.993      17.600
   1.1953          1367.921      16.171
   1.2953          1046.598      14.170
   1.3953           770.996      12.151
   1.4953           568.613      10.428
   1.5953           433.849       9.086
   1.6953           379.437       8.542
   1.7953           336.070       8.034
   1.8953           331.629       7.950
   1.9953           323.744       7.859
   2.0953           313.441       7.754
   2.1953           287.503       7.421
   2.2953           296.185       7.509
   2.3953           272.206       7.211
   2.4953           272.168       7.240
   2.5953           272.381       7.170
   2.6953           263.926       7.151
   2.7953           252.487       6.942
   2.8953           249.515       6.928
   2.9953           259.585       7.060
   3.0953           238.556       6.780
   3.1953           250.567       6.944
   3.2953           237.449       6.751
   3.3953           241.962       6.877
   3.4953           241.478       6.965
   3.5953           246.122       7.029
   3.6953           253.254       7.046
   3.7953           241.942       6.843
   3.8953           259.792       7.073
   3.9953           276.501       7.302
   4.0953           312.018       7.714
   4.1953           354.767       8.300
   4.2953           380.597       8.519
   4.3953           401.579       8.753
   4.4953           474.827       9.514
   4.5953           518.102       9.991
   4.6953           577.049      10.457
   4.7953           627.816      10.944
   4.8953           661.103      11.236
   4.9953           681.505      11.440
   5.0953           694.913      11.498
   5.1953           689.058      11.446
   5.2953           657.732      11.237
   5.3953           681.102      11.399
   5.4953           692.226      11.467
   5.5953           692.915      11.510
   5.6953           681.277      11.426
   5.7953           693.705      11.538
   5.8953           698.669      11.505
   5.9953           690.610      11.546
   6.0953           690.352      11.512
   6.1953           688.746      11.530
   6.2953           659.141      11.248
   6.3953           674.402      11.374
   6.4953           679.269      11.482
   6.5953           673.795      11.406
   6.6953           657.602      11.480
   6.7953           673.773      11.631
   6.8953           651.987      11.293
   6.9953           652.044      11.173
   7.0953           624.866      10.949
   7.1953           648.559      11.189
   7.2953           649.125      11.113
   7.3953           627.366      10.996
   7.4953           631.474      10.988
   7.5953           623.193      10.890
   7.6953           615.895      10.832
   7.7953           618.286      10.861
   7.8953           606.764      10.745
   7.9953           627.932      10.883
   8.0953           616.101      10.867
   8.1953           611.583      10.779
   8.2953           593.886      10.617
   8.3953           619.400      10.852
   8.4953           592.895      10.630
   8.5953           607.731      10.733
   8.6953           597.527      10.643
   8.7953           583.994      10.521
   8.8953           584.283      10.538
   8.9953           592.032      10.608
   9.0953           575.426      10.447
   9.1953           574.022      10.477
   9.2953           583.641      10.563
   9.3953           558.616      10.280
   9.4953           584.187      10.590
   9.5953           556.141      10.301
   9.6953           568.483      10.435
   9.7953           590.210      10.733
   9.8953           542.457      10.418
   9.9953           569.792      10.664
  10.0953           570.867      10.512
  10.1953           566.291      10.396
  10.2953           574.938      10.492
  10.3953           561.071      10.335
  10.4953           561.276      10.329
  10.5953           541.306      10.124
  10.6953           554.458      10.284
  10.7953           545.573      10.122
  10.8953           547.225      10.156
  10.9953           546.885      10.150
  11.0953           547.972      10.082
  11.1953           557.244      10.225
  11.2953           522.374      10.490
  11.3953           543.607       9.922
  11.4953           533.475       9.975
  11.5953           540.914      10.064
  11.6953           534.760      10.074
  11.7953           533.830      10.030
  11.8953           520.642       9.919
  11.9953           538.391      10.081
  12.0953           544.547      10.170
  12.1953           535.602      10.059
  12.2953           522.170       9.909
  12.3953           524.499      10.022
  12.4953           513.427       9.875
  12.5953           530.576      10.025
  12.6953           537.605      10.108
  12.7953           511.861       9.926
  12.8953           524.617       9.936
  12.9953           499.242       9.806
  13.0953           523.831      10.357
  13.1953           510.354       9.769
  13.2953           541.468      10.415
  13.3953           517.739       9.936
  13.4953           517.886       9.967
  13.5953           526.707       9.977
  13.6953           532.399      10.099
  13.7953           538.845      10.079
  13.8953           511.804       9.901
  13.9953           511.883       9.790
  14.0953           515.180       9.940
  14.1953           527.758       9.875
  14.2953           498.800       9.777
  14.3953           509.252       9.781
  14.4953           513.585       9.848
  14.5953           523.094      10.010
  14.6953           512.224       9.805
  14.7953           502.900       9.725
  14.8953           515.128       9.852
  14.9953           528.967      10.032
  15.0953           523.635      10.102
  15.1953           512.439       9.531
  15.2953           508.604       9.988
  15.3953           523.954       9.946
  15.4953           525.068       9.944
  15.5953           499.155       9.733
  15.6953           517.173       9.936
  15.7953           506.363       9.767
  15.8953           518.738       9.989
  15.9953           509.015       9.834
  16.0953           495.539       9.762
  16.1953           506.146       9.862
  16.2953           516.527      10.124
  16.3953           506.904      10.074
  16.4953           509.231       9.930
  16.5953           506.906       9.817
  16.6953           505.576       9.855
  16.7953           507.980       9.842
  16.8953           490.569       9.681
  16.9953           500.569       9.744
  17.0953           502.956       9.791
  17.1953           504.352       9.790
  17.2953           500.376       9.722
  17.3953           503.987       9.792
  17.4953           488.571       9.632
  17.5953           502.192       9.701
  17.6953           520.258       9.955
  17.7953           493.705       9.677
  17.8953           508.610       9.781
  17.9953           505.393       9.763
  18.0953           485.356       9.600
  18.1953           502.863       9.752
  18.2953           503.128       9.759
  18.3953           509.003       9.794
  18.4953           496.113       9.718
  18.5953           513.467       9.825
  18.6953           505.398       9.774
  18.7953           501.142       9.766
  18.8953           496.851       9.716
  18.9953           518.828       9.897
  19.0953           516.052       9.922
  19.1953           497.283       9.738
  19.2953           484.939       9.630
  19.3953           479.060       9.570
  19.4953           488.810       9.896
  19.5953           497.038       9.893
  19.6953           513.389       9.915
  19.7953           497.192       9.747
  19.8953           505.933       9.810
  19.9953           482.371       9.567
  20.0953           508.874       9.817
  20.1953           504.520       9.610
  20.2953           500.318      10.106
  20.3953           490.649       9.560
  20.4953           496.128       9.444
  20.5953           508.253       9.931
  20.6953           495.550       9.630
  20.7953           522.874       9.924
  20.8953           523.449       9.922
  20.9953           546.444      10.186
  21.0953           562.965      10.270
  21.1953           573.030      10.393
  21.2953           552.029      10.188
  21.3953           532.804      10.033
  21.4953           527.422       9.974
  21.5953           507.624       9.771
  21.6953           498.448       9.738
  21.7953           503.114       9.695
  21.8953           511.834       9.850
  21.9953           503.169       9.732
  22.0953           510.350       9.831
  22.1953           508.505       9.845
  22.2953           513.671       9.864
  22.3953           490.712       9.678
  22.4953           487.963       9.650
  22.5953           480.198       9.596
  22.6953           481.203       9.780
  22.7953           476.928       9.709
  22.8953           469.266       9.479
  22.9953           469.481       9.410
  23.0953           466.937       9.414
  23.1953           464.614       9.385
  23.2953           483.337       9.530
  23.3953           463.190       9.346
  23.4953           464.180       9.389
  23.5953           451.538       9.156
  23.6953           470.445       9.403
  23.7953           471.710       9.408
  23.8953           476.950       9.458
  23.9953           470.130       9.361
  24.0953           462.023       9.321
  24.1953           463.524       9.332
  24.2953           453.066       9.176
  24.3953           458.472       9.272
  24.4953           473.493       9.397
  24.5953           470.341       9.435
  24.6953           470.584       9.352
  24.7953           494.246       9.590
  24.8953           505.090       9.764
  24.9953           522.900       9.873
  25.0953           537.575      10.033
  25.1953           532.176       9.997
  25.2953           521.373       9.906
  25.3953           509.277       9.781
  25.4953           491.762       9.629
  25.5953           452.150       9.241
  25.6953           468.800       9.395
  25.7953           440.685       9.201
  25.8953           458.340       9.483
  25.9953           443.289       9.345
  26.0953           468.941       9.447
  26.1953           457.521       9.291
  26.2953           468.213       9.374
  26.3953           476.027       9.503
  26.4953           481.841       9.492
  26.5953           472.003       9.386
  26.6953           504.857       9.758
  26.7953           503.178       9.705
  26.8953           477.887       9.465
  26.9953           509.568       9.731
  27.0953           485.359       9.555
  27.1953           507.533       9.728
  27.2953           521.182       9.876
  27.3953           520.224       9.874
  27.4953           544.217      10.082
  27.5953           610.500      10.674
  27.6953           685.474      11.358
  27.7953           796.598      12.188
  27.8953           917.412      13.127
  27.9953           897.558      12.891
  28.0953           818.790      12.423
  28.1953           701.909      11.481
  28.2953           586.381      10.446
  28.3953           504.226       9.755
  28.4953           472.919       9.404
  28.5953           451.579       9.212
  28.6953           479.693       9.524
  28.7953           486.452       9.597
  28.8953           499.519       9.735
  28.9953           528.618       9.995
  29.0953           561.338      10.487
  29.1953           588.825      10.718
  29.2953           585.589      10.628
  29.3953           546.324      10.178
  29.4953           512.821       9.858
  29.5953           478.159       9.482
  29.6953           444.866       9.134
  29.7953           459.781       9.321
  29.8953           430.887       9.026
  29.9953           444.896       9.123
  30.0953           459.567       9.302
  30.1953           468.168       9.384
  30.2953           460.218       9.305
  30.3953           453.975       9.204
  30.4953           449.510       9.216
  30.5953           443.027       9.133
  30.6953           451.665       9.206
  30.7953           462.439       9.299
  30.8953           484.753       9.538
  30.9953           499.208       9.714
  31.0953           507.367       9.732
  31.1953           523.818       9.917
  31.2953           511.978       9.835
  31.3953           497.614       9.659
  31.4953           466.740       9.369
  31.5953           462.766       9.330
  31.6953           433.141       9.067
  31.7953           436.455       9.057
  31.8953           426.775       8.993
  31.9953           424.480       8.939
  32.0953           423.714       8.971
  32.1953           433.271       9.116
  32.2953           424.879       9.155
  32.3953           429.141       9.151
  32.4953           420.305       8.943
  32.5953           427.744       8.974
  32.6953           422.611       8.923
  32.7953           441.007       9.080
  32.8953           428.307       8.988
  32.9953           441.450       9.060
  33.0953           404.532       8.741
  33.1953           424.291       8.878
  33.2953           425.839       8.940
  33.3953           440.749       9.042
  33.4953           415.104       8.806
  33.5953           429.868       8.932
  33.6953           423.899       8.876
  33.7953           417.802       8.867
  33.8953           408.082       8.685
  33.9953           447.522       9.122
  34.0953           421.516       8.869
  34.1953           446.762       9.131
  34.2953           420.906       8.875
  34.3953           421.818       8.782
  34.4953           427.544       8.997
  34.5953           430.781       8.911
  34.6953           426.368       8.961
  34.7953           448.350       9.154
  34.8953           453.159       9.197
  34.9953           440.568       9.061
  35.0953           460.183       9.314
  35.1953           450.714       9.194
  35.2953           445.779       9.176
  35.3953           451.858       9.313
  35.4953           442.443       9.292
  35.5953           429.856       9.167
  35.6953           443.483       9.209
  35.7953           431.352       8.994
  35.8953           451.426       9.226
  35.9953           457.859       9.244
  36.0953           475.202       9.446
  36.1953           492.753       9.588
  36.2953           507.509       9.785
  36.3953           544.109      10.067
  36.4953           538.461      10.056
  36.5953           523.469       9.842
  36.6953           506.066       9.736
  36.7953           493.447       9.564
  36.8953           455.297       9.223
  36.9953           452.394       9.192
  37.0953           440.429       9.053
  37.1953           441.568       9.038
  37.2953           418.207       8.854
  37.3953           425.974       8.898
  37.4953           437.561       9.007
  37.5953           440.683       9.081
  37.6953           434.719       8.998
  37.7953           430.872       8.978
  37.8953           439.941       9.037
  37.9953           439.259       9.063
  38.0953           442.614       9.103
  38.1953           440.000       9.086
  38.2953           429.448       8.945
  38.3953           449.965       9.212
  38.4953           437.751       9.034
  38.5953           455.571       9.336
  38.6953           444.139       9.320
  38.7953           466.553       9.563
  38.8953           459.795       9.352
  38.9953           470.051       9.443
  39.0953           509.378       9.796
  39.1953           550.256      10.136
  39.2953           611.564      10.714
  39.3953           654.256      11.049
  39.4953           667.784      11.202
  39.5953           595.825      10.526
  39.6953           550.984      10.150
  39.7953           476.199       9.410
  39.8953           453.387       9.211
  39.9953           439.637       9.027
  40.0953           465.888       9.318
  40.1953           442.625       9.121
  40.2953           460.795       9.246
  40.3953           442.584       9.068
  40.4953           452.584       9.210
  40.5953           436.125       9.022
  40.6953           455.248       9.205
  40.7953           446.438       9.140
  40.8953           445.795       9.140
  40.9953           440.689       9.066
  41.0953           448.131       9.123
  41.1953           445.003       9.162
  41.2953           459.021       9.266
  41.3953           479.765       9.477
  41.4953           457.607       9.300
  41.5953           456.191       9.254
  41.6953           451.378       9.210
  41.7953           448.902       9.292
  41.8953           450.319       9.549
  41.9953           471.466       9.327
  42.0953           491.012       9.842
  42.1953           564.788      10.301
  42.2953           647.771      11.126
  42.3953           793.651      12.201
  42.4953           886.992      12.952
  42.5953           940.684      13.209
  42.6953           912.537      13.166
  42.7953           818.319      12.377
  42.8953           699.413      11.406
  42.9953           605.824      10.698
  43.0953           540.388      10.030
  43.1953           507.888       9.726
  43.2953           494.325       9.648
  43.3953           550.083      10.107
  43.4953           612.964      10.714
  43.5953           639.766      10.932
  43.6953           640.278      10.904
  43.7953           600.773      10.595
  43.8953           531.788       9.986
  43.9953           494.687       9.583
  44.0953           475.621       9.419
  44.1953           476.061       9.483
  44.2953           482.436       9.474
  44.3953           530.850      10.004
  44.4953           569.065      10.323
  44.5953           651.434      11.000
  44.6953           784.797      12.202
  44.7953           790.935      12.209
  44.8953           730.042      11.737
  44.9953           638.269      11.042
  45.0953           532.314      10.235
  45.1953           465.913       9.528
  45.2953           453.340       9.260
  45.3953           441.030       9.096
  45.4953           445.602       9.113
  45.5953           452.321       9.208
  45.6953           458.067       9.232
  45.7953           460.208       9.245
  45.8953           511.283       9.776
  45.9953           606.163      10.591
  46.0953           723.698      11.566
  46.1953           859.691      12.629
  46.2953           931.654      13.155
  46.3953           873.255      12.697
  46.4953           713.105      11.500
  46.5953           586.973      10.427
  46.6953           496.203       9.581
  46.7953           458.632       9.230
  46.8953           447.930       9.100
  46.9953           463.659       9.238
  47.0953           464.407       9.288
  47.1953           489.670       9.525
  47.2953           531.253       9.930
  47.3953           583.473      10.391
  47.4953           616.983      10.710
  47.5953           643.313      10.894
  47.6953           599.459      10.579
  47.7953           552.284      10.124
  47.8953           512.880       9.782
  47.9953           499.614       9.682
  48.0953           517.297       9.799
  48.1953           601.729      10.728
  48.2953           813.780      12.585
  48.3953          1133.589      14.903
  48.4953          1811.496      18.478
  48.5953          2689.072      22.481
  48.6953          3398.056      25.189
  48.7953          3528.222      25.754
  48.8953          3285.076      24.693
  48.9953          2649.983      22.215
  49.0953          1909.229      18.944
  49.1953          1254.351      15.224
  49.2953           783.897      12.063
  49.3953           571.821      10.315
  49.4953           499.282       9.627
  49.5953           488.533       9.519
  49.6953           482.800       9.438
  49.7953           473.179       9.418
  49.8953           489.504       9.484
  49.9953           477.211       9.391
  50.0953           462.306       9.287
  50.1953           480.092       9.443
  50.2953           479.562       9.430
  50.3953           468.980       9.331
  50.4953           487.345       9.510
  50.5953           458.283       9.249
  50.6953           476.381       9.395
  50.7953           490.698       9.572
  50.8953           529.098       9.930
  50.9953           611.585      10.685
  51.0953           739.707      11.765
  51.1953           808.854      12.308
  51.2953           844.934      12.589
  51.3953           756.149      11.902
  51.4953           615.208      10.998
  51.5953           505.560       9.905
  51.6953           472.592       9.471
  51.7953           468.642       9.365
  51.8953           478.776       9.442
  51.9953           516.141       9.780
  52.0953           517.799       9.831
  52.1953           509.473       9.740
  52.2953           520.571       9.784
  52.3953           506.806       9.707
  52.4953           508.384       9.682
  52.5953           511.023       9.704
  52.6953           520.036       9.805
  52.7953           496.221       9.562
  52.8953           448.046       9.117
  52.9953           459.710       9.181
  53.0953           451.471       9.145
  53.1953           448.113       9.079
  53.2953           455.370       9.170
  53.3953           447.172       9.088
  53.4953           448.105       9.111
  53.5953           435.857       8.944
  53.6953           454.072       9.174
  53.7953           463.672       9.268
  53.8953           450.660       9.090
  53.9953           440.901       9.060
  54.0953           454.555       9.185
  54.1953           449.743       9.122
  54.2953           467.830       9.321
  54.3953           460.870       9.286
  54.4953           494.392       9.586
  54.5953           542.966      10.119
  54.6953           582.773      10.643
  54.7953           584.736      10.686
  54.8953           550.613      10.165
  54.9953           525.033       9.929
  55.0953           488.675       9.520
  55.1953           468.540       9.350
  55.2953           475.601       9.365
  55.3953           454.829       9.191
  55.4953           466.700       9.304
  55.5953           472.702       9.323
  55.6953           457.610       9.230
  55.7953           460.038       9.230
  55.8953           451.815       9.130
  55.9953           444.147       9.049
  56.0953           444.332       9.055
  56.1953           449.573       9.118
  56.2953           455.483       9.170
  56.3953           450.838       9.099
  56.4953           448.021       9.126
  56.5953           455.609       9.188
  56.6953           467.782       9.282
  56.7953           447.816       9.094
  56.8953           448.916       9.127
  56.9953           465.374       9.241
  57.0953           453.451       9.178
  57.1953           463.990       9.265
  57.2953           466.157       9.323
  57.3953           464.070       9.300
  57.4953           445.501       9.049
  57.5953           432.249       9.013
  57.6953           459.559       9.266
  57.7953           453.593       9.230
  57.8953           433.754       9.246
  57.9953           456.708       9.364
  58.0953           446.240       9.180
  58.1953           445.316       9.120
  58.2953           432.390       8.960
  58.3953           429.009       8.961
  58.4953           418.893       8.782
  58.5953           422.177       8.865
  58.6953           419.120       8.787
  58.7953           416.221       8.769
  58.8953           416.999       8.779
  58.9953           442.353       9.085
  59.0953           440.127       8.886
  59.1953           437.548       9.036
  59.2953           450.779       9.129
  59.3953           469.802       9.303
  59.4953           470.179       9.295
  59.5953           460.985       9.207
  59.6953           435.707       8.959
  59.7953           442.289       9.081
  59.8953           438.468       8.919
  59.9953           450.817       9.147
  60.0953           440.475       9.038
  60.1953           452.094       9.111
  60.2953           449.694       9.081
  60.3953           456.177       9.209
  60.4953           429.619       8.885
  60.5953           439.976       9.015
  60.6953           441.672       9.051
  60.7953           454.803       9.187
  60.8953           469.064       9.368
  60.9953           514.516       9.855
  61.0953           539.846      10.198
  61.1953           525.346      10.092
  61.2953           526.543       9.908
  61.3953           472.463       9.349
  61.4953           462.931       9.218
  61.5953           447.415       9.093
  61.6953           427.547       8.857
  61.7953           433.291       8.917
  61.8953           428.974       8.908
  61.9953           442.288       8.982
  62.0953           449.053       9.034
  62.1953           462.743       9.259
  62.2953           474.944       9.288
  62.3953           456.693       9.132
  62.4953           460.901       9.163
  62.5953           465.590       9.278
  62.6953           485.528       9.381
  62.7953           471.632       9.283
  62.8953           460.350       9.165
  62.9953           442.685       8.991
  63.0953           429.086       8.836
  63.1953           422.269       8.765
  63.2953           414.741       8.767
  63.3953           428.845       8.816
  63.4953           410.806       8.645
  63.5953           418.390       8.780
  63.6953           438.291       8.973
  63.7953           428.612       8.827
  63.8953           430.449       8.918
  63.9953           449.965       9.076
  64.0953           523.586       9.830
  64.1953           724.590      11.606
  64.2953          1138.901      14.561
  64.3953          1820.040      19.118
  64.4953          2230.190      20.135
  64.5953          2427.734      21.363
  64.6953           938.417      12.587
  64.7953          1115.615      13.809
  64.8953           744.302      12.854
  64.9953           598.443      12.178
  65.0953           549.449      10.271
  65.1953           597.222       9.651
  65.2953           687.449      11.128
  65.3953           711.234      11.374
  65.4953           650.710      10.929
  65.5953           562.049      10.088
  65.6953           472.224       9.340
  65.7953           457.061       9.149
  65.8953           435.481       8.913
  65.9953           435.809       8.939
  66.0953           428.310       8.888
  66.1953           448.589       9.059
  66.2953           430.081       8.876
  66.3953           431.680       8.888
  66.4953           452.071       9.176
  66.5953           442.490       8.967
  66.6953           446.974       9.075
  66.7953           449.173       9.123
  66.8953           419.407       8.814
  66.9953           439.201       8.973
  67.0953           447.339       9.114
  67.1953           427.836       8.884
  67.2953           430.550       8.970
  67.3953           442.915       9.102
  67.4953           473.815       9.582
  67.5953           574.974      10.510
  67.6953           637.334      10.885
  67.7953           681.696      11.221
  67.8953           628.613      10.754
  67.9953           522.637       9.802
  68.0953           445.215       9.000
  68.1953           423.785       8.795
  68.2953           429.526       8.885
  68.3953           434.847       8.876
  68.4953           436.821       8.918
  68.5953           432.641       8.866
  68.6953           433.933       8.885
  68.7953           443.149       8.966
  68.8953           480.728       9.310
  68.9953           548.385      10.020
  69.0953           710.018      11.277
  69.1953           815.510      12.175
  69.2953           840.576      12.375
  69.3953           735.218      11.592
  69.4953           556.579       9.992
  69.5953           472.348       9.276
  69.6953           475.184       9.291
  69.7953           469.320       9.234
  69.8953           428.197       8.796
  69.9953           431.779       8.888
  70.0953           443.738       9.018
  70.1953           448.341       9.025
  70.2953           485.690       9.447
  70.3953           535.750       9.914
  70.4953           554.011      10.053
  70.5953           488.497       9.538
  70.6953           498.688       9.769
  70.7953           516.105       9.900
  70.8953           524.528       9.850
  70.9953           519.846       9.765
  71.0953           486.576       9.472
  71.1953           450.238       9.041
  71.2953           437.690       8.944
  71.3953           446.153       9.012
  71.4953           415.778       8.698
  71.5953           426.041       8.800
  71.6953           415.196       8.669
  71.7953           416.884       8.691
  71.8953           432.026       8.874
  71.9953           431.781       8.845
  72.0953           421.995       8.773
  72.1953           399.590       8.504
  72.2953           419.133       8.713
  72.3953           428.545       8.801
  72.4953           450.610       9.034
  72.5953           520.579       9.774
  72.6953           620.301      10.547
  72.7953           692.385      11.163
  72.8953           738.219      11.550
  72.9953           616.003      10.480
  73.0953           574.348      10.191
  73.1953           468.088       9.062
  73.2953           424.825       8.560
  73.3953           417.667       7.511
  73.4953           420.528      16.636
  73.5953           454.526       8.714
  73.6953           525.845       9.093
  73.7953           594.432       9.568
  73.8953           617.823      14.380
  73.9953           570.957       9.891
  74.0953           466.494       9.258
  74.1953           441.322       8.964
  74.2953           421.730       8.773
  74.3953           410.292       8.669
  74.4953           412.219       8.642
  74.5953           411.338       8.713
  74.6953           405.979       8.613
  74.7953           426.514       8.832
  74.8953           432.303       8.841
  74.9953           443.529       9.023
  75.0953           435.291       8.923
  75.1953           431.884       8.855
  75.2953           416.085       8.710
  75.3953           420.707       8.780
  75.4953           410.186       8.626
  75.5953           421.648       8.756
  75.6953           417.211       8.728
  75.7953           430.891       8.858
  75.8953           460.875       9.166
  75.9953           463.759       9.209
  76.0953           508.455       9.614
  76.1953           548.464      10.035
  76.2953           641.644      10.769
  76.3953           719.078      11.503
  76.4953           831.150      12.312
  76.5953           888.439      12.731
  76.6953           837.144      12.423
  76.7953           652.872      10.959
  76.8953           568.274      10.238
  76.9953           606.987      10.639
  77.0953           850.233      12.783
  77.1953          1387.060      16.347
  77.2953          1947.044      19.098
  77.3953          2026.795      19.375
  77.4953          1555.622      16.939
  77.5953           973.208      13.465
  77.6953           966.703      13.264
  77.7953          1551.232      16.896
  77.8953          2268.859      20.464
  77.9953          2447.865      21.191
  78.0953          1845.673      18.361
  78.1953          1013.975      13.677
  78.2953           578.661      10.294
  78.3953           458.688       9.168
  78.4953           432.189       8.900
  78.5953           427.499       8.868
  78.6953           431.762       8.895
  78.7953           444.753       9.028
  78.8953           457.073       9.184
  78.9953           488.643       9.476
  79.0953           547.495      10.029
  79.1953           590.613      10.399
  79.2953           530.182       9.897
  79.3953           488.161       9.458
  79.4953           436.610       8.905
  79.5953           427.949       8.908
  79.6953           424.273       8.843
  79.7953           405.313       8.630
  79.8953           414.731       8.778
  79.9953           404.530       8.654
  80.0953           414.488       8.773
  80.1953           413.358       8.813
  80.2953           411.833       8.955
  80.3953           407.924       8.812
  80.4953           411.879       8.795
  80.5953           412.680       8.723
  80.6953           413.405       8.766
  80.7953           410.350       8.682
  80.8953           445.697       9.069
  80.9953           458.337       9.143
  81.0953           487.782       9.474
  81.1953           498.797       9.545
  81.2953           493.492       9.524
  81.3953           447.857       9.017
  81.4953           440.169       8.977
  81.5953           444.428       9.012
  81.6953           437.980       8.942
  81.7953           448.043       9.067
  81.8953           462.249       9.163
  81.9953           452.374       9.071
  82.0953           428.473       8.856
  82.1953           446.234       9.058
  82.2953           458.489       9.117
  82.3953           467.793       9.237
  82.4953           473.225       9.320
  82.5953           454.970       9.114
  82.6953           447.483       8.998
  82.7953           435.132       8.980
  82.8953           426.711       8.840
  82.9953           412.308       8.684
  83.0953           400.743       8.589
  83.1953           432.994       8.940
  83.2953           482.914       9.440
  83.3953           618.649      10.727
  83.4953           797.574      12.403
  83.5953           867.841      12.888
  83.6953           765.325      11.980
  83.7953           573.184      10.267
  83.8953           509.039       9.718
  83.9953           490.041       9.503
  84.0953           456.524       9.164
  84.1953           505.039       9.618
  84.2953           546.678      10.031
  84.3953           611.787      10.528
  84.4953           581.402      10.341
  84.5953           490.349       9.470
  84.6953           436.557       8.920
  84.7953           413.793       8.685
  84.8953           417.908       8.856
  84.9953           431.782       8.683
  85.0953           432.100       8.975
  85.1953           426.449       8.804
  85.2953           417.967       8.738
  85.3953           417.973       8.761
  85.4953           404.112       8.581
  85.5953           416.772       8.698
  85.6953           418.108       8.752
  85.7953           416.718       8.723
  85.8953           403.300       8.571
  85.9953           416.804       8.791
  86.0953           420.483       8.730
  86.1953           436.459       8.984
  86.2953           436.059       8.918
  86.3953           439.038       8.999
  86.4953           434.139       9.009
  86.5953           432.855       8.929
  86.6953           414.704       8.931
  86.7953           447.693       9.293
  86.8953           598.734      10.574
  86.9953          1025.366      13.748
  87.0953          1888.819      18.656
  87.1953          2788.894      22.646
  87.2953          3058.403      23.628
  87.3953          2522.905      21.523
  87.4953          1725.909      17.809
  87.5953          1042.386      13.766
  87.6953           601.203      10.464
  87.7953           466.388       9.245
  87.8953           425.050       8.808
  87.9953           421.199       8.735
  88.0953           425.679       8.824
  88.1953           411.641       8.678
  88.2953           405.811       8.576
  88.3953           410.753       8.642
  88.4953           419.393       8.760
  88.5953           405.089       8.596
  88.6953           405.680       8.591
  88.7953           416.365       8.739
  88.8953           423.749       8.767
  88.9953           412.712       8.707
  89.0953           400.219       8.523
  89.1953           397.560       8.564
  89.2953           413.323       8.671
  89.3953           400.828       8.573
  89.4953           412.621       8.724
  89.5953           412.636       8.668
  89.6953           404.208       8.657
  89.7953           412.002       8.729
  89.8953           435.296       9.128
  89.9953           508.828       9.881
  90.0953           632.771      10.858
  90.1953           778.855      11.998
  90.2953           752.183      11.770
  90.3953           642.200      10.834
  90.4953           514.805       9.641
  90.5953           419.081       8.757
  90.6953           426.203       8.807
  90.7953           397.449       8.512
  90.8953           402.386       8.546
  90.9953           392.077       8.446
  91.0953           382.231       8.367
  91.1953           391.493       8.402
  91.2953           415.580       8.715
  91.3953           392.064       8.420
  91.4953           399.571       8.544
  91.5953           431.950       8.860
  91.6953           517.703       9.711
  91.7953           707.170      11.379
  91.8953           881.127      12.575
  91.9953           927.215      13.043
  92.0953           702.468      11.282
  92.1953           517.972       9.732
  92.2953           447.763       9.017
  92.3953           467.411       9.263
  92.4953           457.920       9.160
  92.5953           457.523       9.138
  92.6953           450.099       9.071
  92.7953           419.705       8.813
  92.8953           402.694       8.593
  92.9953           412.057       8.781
  93.0953           410.502       8.882
  93.1953           432.279       9.111
  93.2953           446.994       9.199
  93.3953           461.036       9.247
  93.4953           422.480       8.846
  93.5953           415.049       8.760
  93.6953           410.466       8.712
  93.7953           394.668       8.529
  93.8953           383.125       8.417
  93.9953           387.562       8.459
  94.0953           380.763       8.337
  94.1953           378.220       8.345
  94.2953           385.806       8.431
  94.3953           400.605       8.557
  94.4953           406.704       8.647
  94.5953           460.311       9.199
  94.6953           501.966       9.607
  94.7953           558.374      10.111
  94.8953           642.794      10.881
  94.9953           667.605      11.124
  95.0953           568.349      10.157
  95.1953           492.106       9.576
  95.2953           518.045       9.743
  95.3953           724.724      11.546
  95.4953           936.061      13.119
  95.5953           960.664      13.319
  95.6953           776.186      11.977
  95.7953           681.031      11.214
  95.8953           673.289      11.079
  95.9953           704.958      11.577
  96.0953           672.360      11.078
  96.1953           632.330      10.925
  96.2953           590.924      10.679
  96.3953           540.827      10.179
  96.4953           480.455       9.528
  96.5953           514.943       9.770
  96.6953           690.434      11.335
  96.7953          1057.875      14.046
  96.8953          1405.817      16.072
  96.9953          1360.735      15.874
  97.0953          1015.083      13.715
  97.1953           709.057      11.373
  97.2953           656.424      11.016
  97.3953           689.177      11.277
  97.4953           674.442      11.150
  97.5953           671.334      11.097
  97.6953           698.288      11.337
  97.7953           655.786      10.980
  97.8953           539.496       9.946
  97.9953           435.507       8.931
  98.0953           422.763       8.821
  98.1953           431.716       8.930
  98.2953           468.582       9.232
  98.3953           517.701       9.787
  98.4953           580.392      10.367
  98.5953           629.022      10.703
  98.6953           583.690      10.352
  98.7953           527.843       9.891
  98.8953           519.075       9.801
  98.9953           530.975       9.879
  99.0953           556.998      10.173
  99.1953           535.109       9.920
  99.2953           479.003       9.476
  99.3953           469.235       9.362
  99.4953           456.665       9.418
  99.5953           416.894       8.939
  99.6953           408.232       8.755
  99.7953           406.684       8.637
  99.8953           395.601       8.534
  99.9953           395.821       8.535
 100.0953           400.156       8.559
 100.1953           398.806       8.538
 100.2953           419.628       8.779
 100.3953           477.518       9.313
 100.4953           507.519       9.629
 100.5953           506.819       9.612
 100.6953           462.116       9.180
 100.7953           410.858       8.639
 100.8953           388.500       8.416
 100.9953           389.433       8.412
 101.0953           402.847       8.567
 101.1953           405.998       8.584
 101.2953           407.099       8.617
 101.3953           382.352       8.346
 101.4953           379.703       8.314
 101.5953           382.455       8.376
 101.6953           388.905       8.413
 101.7953           384.635       8.360
 101.8953           372.622       8.268
 101.9953           385.349       8.387
 102.0953           369.586       8.227
 102.1953           366.939       8.178
 102.2953           378.786       8.350
 102.3953           388.153       8.444
 102.4953           382.627       8.352
 102.5953           372.672       8.342
 102.6953           405.990       8.809
 102.8953           655.485      11.112
 102.9953           829.789      12.388
 103.0953           898.238      12.889
 103.1953           707.749      11.445
 103.2953           544.311       9.988
 103.3953           440.800       9.013
 103.4953           413.928       8.717
 103.5953           416.632       8.704
 103.6953           406.077       8.620
 103.7953           414.008       8.711
 103.8953           415.756       8.719
 103.9953           408.471       8.644
 104.0953           422.857       8.789
 104.1953           383.064       8.393
 104.2953           383.694       8.359
 104.3953           382.919       8.370
 104.4953           390.057       8.442
 104.5953           380.952       8.353
 104.6953           390.133       8.435
 104.7953           384.947       8.402
 104.8953           387.836       8.429
 104.9953           390.256       8.474
 105.0953           371.759       8.215
 105.1953           380.227       8.396
 105.2953           381.524       8.355
 105.3953           403.076       8.623
 105.4953           427.405       8.874
 105.5953           419.186       8.785
 105.6953           434.770       8.918
 105.7953           480.116       9.485
 105.8953           579.695      10.662
 105.9953           598.568      10.480
 106.0953           656.837      11.219
 106.1953           626.247      10.729
 106.2953           650.874      11.002
 106.3953           734.713      11.582
 106.4953           760.901      11.823
 106.5953           687.992      11.221
 106.6953           553.435      10.082
 106.7953           506.024       9.587
 106.8953           562.903       9.979
 106.9953           631.124      11.153
 107.0953           692.276      11.030
 107.1953           630.814      10.695
 107.2953           542.349       9.987
 107.3953           440.713       8.935
 107.4953           412.224       8.673
 107.5953           370.242       8.207
 107.6953           381.636       8.346
 107.7953           413.493       8.702
 107.8953           514.635       9.683
 107.9953           641.530      10.848
 108.0953           696.727      11.262
 108.1953           597.592      10.481
 108.2953           482.449       9.383
 108.3953           390.818       8.474
 108.4953           369.372       8.208
 108.5953           380.464       8.362
 108.6953           383.822       8.410
 108.7953           432.747       8.925
 108.8953           493.078       9.486
 108.9953           580.030      10.458
 109.0953           682.483      11.416
 109.1953           770.224      12.142
 109.2953           796.793      12.245
 109.3953           754.683      11.788
 109.4953           661.319      11.060
 109.5953           575.726      10.357
 109.6953           468.348       9.239
 109.7953           442.406       9.038
 109.8953           417.184       8.729
 109.9953           411.294       8.682
 110.0953           400.226       8.541
 110.1953           444.466       9.009
 110.2953           537.913       9.912
 110.3953           645.804      10.848
 110.4953           629.204      10.689
 110.5953           561.134      10.177
 110.6953           445.519       8.990
 110.7953           392.041       8.461
 110.8953           385.575       8.382
 110.9953           413.583       8.704
 111.0953           495.583       9.492
 111.1953           602.637      10.484
 111.2953           627.509      10.705
 111.3953           566.424      10.191
 111.4953           469.678       9.238
 111.5953           416.675       8.771
 111.6953           377.163       8.282
 111.7953           389.425       8.498
 111.8953           391.557       8.425
 111.9953           397.709       8.621
 112.0953           359.392       8.103
 112.1953           342.965       8.028
 112.2953           349.904       8.184
 112.3953           355.687       8.241
 112.4953           340.347       7.947
 112.5953           358.165       8.088
 112.6953           391.754       8.482
 112.7953           501.162       9.550
 112.8953           628.229      10.688
 112.9953           795.995      12.011
 113.0953           762.634      11.821
 113.1953           651.450      10.867
 113.2953           485.337       9.365
 113.3953           386.987       8.407
 113.4953           348.460       7.950
 113.5953           346.424       7.948
 113.6953           356.139       8.010
 113.7953           342.877       7.881
 113.8953           355.171       8.025
 113.9953           369.588       8.165
 114.0953           421.420       8.716
 114.1953           466.541       9.279
 114.2953           493.585       9.412
 114.3953           471.835       9.255
 114.4953           428.193       8.820
 114.5953           375.148       8.236
 114.6953           363.396       8.163
 114.7953           358.196       7.996
 114.8953           346.645       8.014
 114.9953           354.008       8.006
 115.0953           347.456       7.980
 115.1953           332.350       7.788
 115.2953           365.474       8.213
 115.3953           357.985       8.119
 115.4953           355.309       8.259
 115.5953           452.325       9.250
 115.6953           551.418      10.123
 115.7953           636.937      10.782
 115.8953           635.018      10.783
 115.9953           585.428      10.368
 116.0953           524.519       9.765
 116.1953           432.875       8.892
 116.2953           394.827       8.487
 116.3953           404.849       8.577
 116.4953           389.559       8.471
 116.5953           412.832       8.573
 116.6953           417.114       8.732
 116.7953           401.885       8.530
 116.8953           376.108       8.269
 116.9953           357.744       8.068
 117.0953           366.576       8.136
 117.1953           334.987       7.812
 117.2953           336.197       7.806
 117.3953           352.178       8.000
 117.4953           362.810       8.119
 117.5953           346.097       7.919
 117.6953           349.756       7.972
 117.7953           337.454       7.835
 117.8953           335.501       7.781
 117.9953           345.021       8.009
 118.0953           341.493       7.765
 118.1953           343.440       7.983
 118.2953           337.483       7.836
 118.3953           342.894       7.929
 118.4953           374.785       8.274
 118.5953           392.671       8.538
 118.6953           434.494       9.056
 118.7953           456.123       9.379
 118.8953           469.943       9.274
 118.9953           478.026       9.389
 119.0953           437.739       8.902
 119.1953           422.103       8.792
 119.2953           465.361       9.197
 119.3953           556.543      10.054
 119.4953           683.677      11.138
 119.5953           800.076      12.070
 119.6953           778.452      11.823
 119.7953           755.697      11.734
 119.8953           607.074      10.481
 119.9953           487.376       9.374
 120.0953           391.873       8.387
 120.1953           366.368       8.297
 120.2953           337.704       7.544
 120.3953           312.036       7.631
 120.4953           327.970       7.694
 120.5953           328.109       7.738
 120.6953           308.809       7.414
 120.7953           314.706       7.564
 120.8953           307.853       7.443
 120.9953           319.257       7.606
 121.0953           310.651       7.480
 121.1953           311.164       7.520
 121.2953           316.993       7.593
 121.3953           298.752       7.353
 121.4953           297.552       7.350
 121.5953           333.617       7.872
 121.6953           315.184       7.464
 121.7953           337.362       8.032
 121.8953           348.045       8.057
 121.9953           392.541       8.645
 122.0953           406.226       8.681
 122.1953           458.772       9.146
 122.2953           461.651       9.220
 122.3953           494.970       9.505
 122.4953           492.889       9.525
 122.5953           487.429       9.424
 122.6953           481.213       9.407
 122.7953           431.804       8.857
 122.8953           378.399       8.281
 122.9953           338.280       7.886
 123.0953           314.985       7.569
 123.1953           361.293       8.087
 123.2953           358.566       8.091
 123.3953           374.100       8.242
 123.4953           391.614       8.428
 123.5953           387.651       8.390
 123.6953           372.998       8.262
 123.7953           364.739       8.146
 123.8953           333.108       7.774
 123.9953           330.982       7.754
 124.0953           325.149       7.700
 124.1953           338.388       7.853
 124.2953           347.461       7.959
 124.3953           374.599       8.276
 124.4953           380.732       8.362
 124.5953           388.637       8.409
 124.6953           376.654       8.343
 124.7953           363.716       8.081
 124.8953           337.669       7.898
 124.9953           316.867       7.678
 125.0953           322.164       7.784
 125.1953           314.756       7.742
 125.2953           317.448       7.688
 125.3953           321.822       7.744
 125.4953           328.574       7.712
 125.5953           348.504       7.966
 125.6953           389.966       8.422
 125.7953           427.550       8.779
 125.8953           479.027       9.321
 125.9953           496.891       9.474
 126.0953           491.229       9.383
 126.1953           458.880       9.109
 126.2953           400.831       8.513
 126.3953           360.993       8.040
 126.4953           324.848       7.691
 126.5953           313.823       7.504
 126.6953           304.786       7.407
 126.7953           315.506       7.529
 126.8953           322.187       7.622
 126.9953           344.457       7.907
 127.0953           360.245       8.027
 127.1953           434.643       8.835
 127.2953           452.326       9.036
 127.3953           460.632       9.167
 127.4953           436.034       8.836
 127.5953           420.707       8.729
 127.6953           373.525       8.206
 127.7953           353.415       8.026
 127.8953           310.947       7.493
 127.9953           324.237       7.707
 128.0953           306.619       7.430
 128.1953           309.037       7.578
 128.2953           295.371       7.469
 128.3953           308.180       7.643
 128.4953           300.647       7.456
 128.5953           309.067       7.518
 128.6953           306.202       7.471
 128.7953           299.011       7.390
 128.8953           297.543       7.336
 128.9953           312.625       7.551
 129.0953           335.106       7.825
 129.1953           377.433       8.242
 129.2953           415.232       8.660
 129.3953           477.060       9.324
 129.4953           476.022       9.265
 129.5953           502.083       9.528
 129.6953           483.351       9.356
 129.7953           417.203       8.713
 129.8953           394.229       8.430
 129.9953           362.879       8.112
 130.0953           340.541       7.827
 130.1953           337.190       7.821
 130.2953           312.376       7.517
 130.3953           313.672       7.526
 130.4953           304.608       7.434
 130.5953           324.160       7.664
 130.6953           309.628       7.481
 130.7953           314.848       7.572
 130.8953           308.467       7.488
 130.9953           326.494       7.698
 131.0953           346.674       7.947
 131.1953           351.660       8.021
 131.2953           367.835       8.168
 131.3953           387.539       8.477
 131.4953           390.035       8.579
 131.5953           391.460       8.650
 131.6953           378.498       8.360
 131.7953           369.882       8.214
 131.8953           350.464       7.969
 131.9953           330.472       7.781
 132.0953           318.166       7.578
 132.1953           326.613       7.726
 132.2953           320.702       7.631
 132.3953           313.179       7.504
 132.4953           306.024       7.451
 132.5953           318.025       7.559
 132.6953           311.338       7.529
 132.7953           303.080       7.372
 132.8953           324.081       7.645
 132.9953           305.758       7.429
 133.0953           329.205       7.700
 133.1953           319.059       7.462
 133.2953           319.311       7.828
 133.3953           313.323       7.412
 133.4953           322.440       7.615
 133.5953           334.264       7.765
 133.6953           327.592       7.685
 133.7953           331.868       7.751
 133.8953           345.890       7.859
 133.9953           360.520       8.100
 134.0953           355.112       8.017
 134.1953           340.990       7.831
 134.2953           354.073       8.028
 134.3953           372.452       8.232
 134.4953           346.245       7.925
 134.5953           333.259       7.848
 134.6953           335.938       8.005
 134.7953           325.121       7.805
 134.8953           326.544       7.773
 134.9953           315.497       7.548
 135.0953           319.487       7.594
 135.1953           295.139       7.319
 135.2953           297.829       7.336
 135.3953           284.846       7.166
 135.4953           293.262       7.291
 135.5953           289.268       7.196
 135.6953           298.107       7.334
 135.7953           296.960       7.289
 135.8953           308.076       7.465
 135.9953           318.457       7.565
 136.0953           334.796       7.757
 136.1953           355.099       8.009
 136.2953           392.630       8.380
 136.3953           453.545       9.035
 136.4953           560.187      10.052
 136.5953           650.887      10.844
 136.6953           754.133      11.606
 136.7953           803.426      12.032
 136.8953           841.707      12.322
 136.9953           787.346      11.858
 137.0953           714.072      11.353
 137.1953           578.474      10.239
 137.2953           492.098       9.418
 137.3953           428.002       8.775
 137.4953           392.094       8.417
 137.5953           394.023       8.449
 137.6953           450.131       9.041
 137.7953           471.229       9.281
 137.8953           520.340       9.913
 137.9953           531.469      10.010
 138.0953           543.724      10.009
 138.1953           550.074       9.942
 138.2953           528.721       9.818
 138.3953           478.880       9.282
 138.4953           433.411       8.834
 138.5953           410.800       8.596
 138.6953           380.474       8.261
 138.7953           365.155       8.071
 138.8953           340.815       7.796
 138.9953           329.007       7.685
 139.0953           308.802       7.424
 139.1953           300.672       7.297
 139.2953           294.624       7.289
 139.3953           285.147       7.104
 139.4953           285.147       7.158
 139.5953           294.036       7.197
 139.6953           285.070       7.156
 139.7953           290.871       7.227
 139.8953           305.346       7.363
 139.9953           309.753       7.436
 140.0953           327.370       7.644
 140.1953           346.868       7.900
 140.2953           381.704       8.234
 140.3953           399.956       8.494
 140.4953           440.840       8.892
 140.5953           458.195       9.074
 140.6953           466.810       9.190
 140.7953           479.960       9.294
 140.8953           466.895       9.183
 140.9953           463.225       9.242
 141.0953           451.889       9.209
 141.1953           455.035       9.248
 141.2953           440.647       8.961
 141.3953           493.115       9.396
 141.4953           510.326       9.598
 141.5953           532.019       9.751
 141.6953           541.974       9.874
 141.7953           537.110       9.831
 141.8953           528.166       9.703
 141.9953           491.157       9.325
 142.0953           473.557       9.204
 142.1953           430.345       8.781
 142.2953           423.272       8.693
 142.3953           454.566       8.956
 142.4953           453.337       9.018
 142.5953           505.956       9.502
 142.6953           555.459       9.935
 142.7953           590.229      10.233
 142.8953           596.401      10.313
 142.9953           620.722      10.522
 143.0953           575.018      10.086
 143.1953           587.976      10.248
 143.2953           553.520       9.929
 143.3953           511.269       9.547
 143.4953           488.575       9.315
 143.5953           486.145       9.311
 143.6953           474.772       9.263
 143.7953           490.008       9.467
 143.8953           500.764       9.143
 143.9953           497.127       9.615
 144.0953           491.291       9.360
 144.1953           470.982       9.296
 144.2953           449.864       9.132
 144.3953           429.958       9.004
 144.4953           381.909       8.372
 144.5953           376.290       8.235
 144.6953           354.571       7.976
 144.7953           333.242       7.744
 144.8953           320.456       7.568
 144.9953           310.454       7.455
 145.0953           291.852       7.216
 145.1953           280.065       7.089
 145.2953           287.014       7.127
 145.3953           290.910       7.212
 145.4953           284.466       7.125
 145.5953           285.526       6.585
 145.6953           345.692       9.558
 145.7953           279.857       6.540
 145.8953           291.825       7.200
 145.9953           303.367       7.336
 146.0953           296.399       7.266
 146.1953           334.751       7.731
 146.2953           338.120       7.763
 146.3953           341.030       7.735
 146.4953           347.995       7.921
 146.5953           355.267       7.946
 146.6953           364.120       8.048
 146.7953           381.524       8.284
 146.8953           382.601       8.269
 146.9953           376.875       8.220
 147.0953           396.429       8.431
 147.1953           380.257       8.259
 147.2953           389.803       8.366
 147.3953           393.040       8.457
 147.4953           396.906       8.641
 147.5953           392.086       8.550
 147.6953           389.303       8.453
 147.7953           352.427       7.946
 147.8953           350.052       7.964
 147.9953           336.362       7.739
 148.0953           327.077       7.682
 148.1953           318.030       7.513
 148.2953           293.637       7.284
 148.3953           284.493       7.117
 148.4953           276.087       7.114
 148.5953           287.289       6.937
 148.6953           282.888       7.237
 148.7953           278.462       7.241
 148.8953           284.827       6.745
 148.9953           284.889       7.138
 149.0953           290.449       7.333
 149.1953           295.298       7.094
 149.2953           301.384       7.259
 149.3953           312.580       7.436
 149.4953           304.022       7.261
 149.5953           316.713       7.373
 149.6953           317.328       7.651
 149.7953           336.853       7.728
 149.8953           337.298       7.492
 149.9953           335.675       8.122
 150.0953           331.637       7.196
 150.1953           325.017       8.389
 150.2953           314.623       7.118
 150.3953           318.534       7.604
 150.4953           290.945       7.222
 150.5953           293.633       7.291
 150.6953           295.307       6.731
 150.7953             0.000       0.000
 150.8953             0.000       0.000
