XYDATA  Co2SiO4 8mmV 1.87A HiRes FullBeam 500K CF ROC 
INTER        1       1       0     0.100000
TEMP       91.4890      90.9730      91.0010
! d20 23-Apr-08 09:22:09 User Sazono   L.C.Hansen  Run 594842*d20_2008_04_5880
! d20 23-Apr-08 09:22:09 User Sazono   L.C.Hansen  Run 594842*d20_2008_04_5880
! Monitor/counts, Counting time/sec:       100000.      62.5111
   0.0953          4088.476      27.961
   0.1953          4310.774      29.180
   0.2953          4233.936      29.182
   0.3953          4115.303      28.585
   0.4953          3866.472      27.505
   0.5953          3454.804      25.791
   0.6953          3062.356      24.214
   0.7953          2632.965      22.511
   0.8953          2297.635      20.960
   0.9953          1955.090      19.384
   1.0953          1636.196      17.678
   1.1953          1327.266      15.890
   1.2953          1015.960      13.928
   1.3953           765.752      12.080
   1.4953           576.342      10.474
   1.5953           433.651       9.062
   1.6953           367.649       8.388
   1.7953           362.177       8.320
   1.8953           332.876       7.946
   1.9953           303.565       7.592
   2.0953           307.154       7.657
   2.1953           300.232       7.565
   2.2953           278.833       7.268
   2.3953           282.307       7.326
   2.4953           282.173       7.355
   2.5953           255.089       6.922
   2.6953           266.898       7.174
   2.7953           264.004       7.081
   2.8953           246.396       6.868
   2.9953           252.022       6.939
   3.0953           234.527       6.706
   3.1953           242.842       6.820
   3.2953           230.951       6.642
   3.3953           238.264       6.808
   3.4953           238.913       6.911
   3.5953           236.337       6.871
   3.6953           246.566       6.935
   3.7953           261.017       7.091
   3.8953           260.457       7.065
   3.9953           293.217       7.501
   4.0953           297.408       7.513
   4.1953           344.355       8.157
   4.2953           365.471       8.328
   4.3953           431.172       9.048
   4.4953           480.507       9.547
   4.5953           532.099      10.101
   4.6953           582.189      10.478
   4.7953           630.484      10.941
   4.8953           668.369      11.270
   4.9953           698.479      11.553
   5.0953           686.069      11.397
   5.1953           674.757      11.299
   5.2953           691.253      11.492
   5.3953           695.099      11.488
   5.4953           700.989      11.512
   5.5953           698.328      11.527
   5.6953           694.015      11.505
   5.7953           678.133      11.380
   5.8953           682.852      11.346
   5.9953           680.746      11.435
   6.0953           699.253      11.558
   6.1953           689.075      11.505
   6.2953           676.980      11.372
   6.3953           688.333      11.463
   6.4953           668.844      11.366
   6.5953           657.284      11.238
   6.6953           664.405      11.512
   6.7953           655.133      11.441
   6.8953           670.457      11.425
   6.9953           634.987      10.999
   7.0953           631.210      10.978
   7.1953           649.850      11.173
   7.2953           642.016      11.025
   7.3953           631.631      11.007
   7.4953           652.978      11.146
   7.5953           621.513      10.849
   7.6953           629.802      10.927
   7.7953           631.826      10.952
   7.8953           607.625      10.726
   7.9953           602.746      10.637
   8.0953           599.771      10.697
   8.1953           615.253      10.786
   8.2953           604.814      10.688
   8.3953           591.052      10.575
   8.4953           573.529      10.430
   8.5953           598.761      10.628
   8.6953           615.026      10.772
   8.7953           596.461      10.607
   8.8953           582.221      10.494
   8.9953           575.743      10.435
   9.0953           571.895      10.390
   9.1953           574.299      10.454
   9.2953           576.639      10.474
   9.3953           558.558      10.254
   9.4953           589.587      10.613
   9.5953           556.687      10.281
   9.6953           560.402      10.335
   9.7953           559.384      10.424
   9.8953           569.123      10.646
   9.9953           560.685      10.553
  10.0953           576.786      10.541
  10.1953           552.919      10.248
  10.2953           559.395      10.324
  10.3953           529.745      10.018
  10.4953           533.781      10.048
  10.5953           553.774      10.215
  10.6953           570.771      10.409
  10.7953           540.885      10.054
  10.8953           537.641      10.043
  10.9953           555.874      10.209
  11.0953           531.294       9.904
  11.1953           538.119      10.024
  11.2953           532.227      10.562
  11.3953           537.019       9.837
  11.4953           526.259       9.884
  11.5953           522.089       9.863
  11.6953           519.145       9.902
  11.7953           511.370       9.792
  11.8953           505.337       9.749
  11.9953           502.906       9.720
  12.0953           510.721       9.825
  12.1953           529.633       9.979
  12.2953           521.523       9.879
  12.3953           524.829      10.001
  12.4953           533.831      10.045
  12.5953           516.702       9.869
  12.6953           522.147       9.937
  12.7953           523.765      10.017
  12.8953           539.321      10.050
  12.9953           524.063      10.023
  13.0953           506.218      10.157
  13.1953           520.552       9.843
  13.2953           513.728      10.120
  13.3953           523.405       9.966
  13.4953           513.478       9.900
  13.5953           505.164       9.747
  13.6953           515.908       9.918
  13.7953           526.298       9.937
  13.8953           526.497      10.018
  13.9953           519.666       9.840
  14.0953           492.263       9.693
  14.1953           520.429       9.783
  14.2953           517.570       9.935
  14.3953           502.494       9.692
  14.4953           510.168       9.791
  14.5953           522.096       9.976
  14.6953           511.061       9.770
  14.7953           500.849       9.682
  14.8953           508.329       9.763
  14.9953           500.653       9.737
  15.0953           515.483       9.999
  15.1953           510.850       9.493
  15.2953           520.991      10.085
  15.3953           502.253       9.715
  15.4953           505.474       9.733
  15.5953           493.535       9.655
  15.6953           506.886       9.813
  15.7953           522.299       9.895
  15.8953           492.300       9.707
  15.9953           505.047       9.772
  16.0953           506.549       9.846
  16.1953           510.974       9.885
  16.2953           497.638       9.913
  16.3953           497.085       9.952
  16.4953           506.004       9.874
  16.5953           494.807       9.676
  16.6953           477.703       9.556
  16.7953           503.252       9.772
  16.8953           506.270       9.811
  16.9953           500.799       9.723
  17.0953           499.202       9.730
  17.1953           495.109       9.676
  17.2953           499.467       9.690
  17.3953           478.827       9.521
  17.4953           481.867       9.542
  17.5953           496.412       9.621
  17.6953           514.525       9.876
  17.7953           487.924       9.597
  17.8953           499.415       9.669
  17.9953           489.625       9.586
  18.0953           498.139       9.702
  18.1953           483.493       9.539
  18.2953           500.136       9.706
  18.3953           470.714       9.396
  18.4953           510.398       9.834
  18.5953           486.283       9.539
  18.6953           487.343       9.574
  18.7953           499.862       9.730
  18.8953           493.130       9.656
  18.9953           499.973       9.692
  19.0953           502.927       9.772
  19.1953           498.491       9.726
  19.2953           492.118       9.677
  19.3953           486.836       9.624
  19.4953           501.211       9.996
  19.5953           471.898       9.617
  19.6953           483.651       9.600
  19.7953           476.341       9.517
  19.8953           484.367       9.575
  19.9953           481.556       9.536
  20.0953           474.179       9.453
  20.1953           486.049       9.410
  20.2953           474.737       9.820
  20.3953           474.745       9.381
  20.4953           479.060       9.257
  20.5953           493.050       9.758
  20.6953           498.748       9.638
  20.7953           497.850       9.660
  20.8953           513.808       9.807
  20.9953           534.924      10.054
  21.0953           555.214      10.174
  21.1953           546.622      10.126
  21.2953           526.344       9.924
  21.3953           537.382      10.052
  21.4953           522.999       9.909
  21.5953           510.231       9.772
  21.6953           485.816       9.591
  21.7953           499.013       9.632
  21.8953           478.980       9.506
  21.9953           506.738       9.743
  22.0953           505.249       9.758
  22.1953           500.739       9.746
  22.2953           492.525       9.635
  22.3953           505.257       9.797
  22.4953           487.699       9.624
  22.5953           478.073       9.552
  22.6953           473.736       9.680
  22.7953           480.137       9.718
  22.8953           485.110       9.614
  22.9953           465.714       9.350
  23.0953           460.149       9.323
  23.1953           462.939       9.345
  23.2953           474.645       9.422
  23.3953           446.498       9.154
  23.4953           467.236       9.397
  23.5953           459.341       9.213
  23.6953           473.228       9.408
  23.7953           459.907       9.267
  23.8953           485.666       9.521
  23.9953           474.728       9.384
  24.0953           461.292       9.291
  24.1953           461.475       9.289
  24.2953           448.660       9.109
  24.3953           461.674       9.282
  24.4953           473.437       9.374
  24.5953           462.419       9.333
  24.6953           479.786       9.420
  24.7953           492.602       9.551
  24.8953           496.829       9.660
  24.9953           528.729       9.904
  25.0953           544.489      10.073
  25.1953           534.470       9.994
  25.2953           531.600       9.979
  25.3953           512.431       9.788
  25.4953           487.700       9.566
  25.5953           468.773       9.387
  25.6953           438.985       9.069
  25.7953           452.713       9.303
  25.8953           453.004       9.405
  25.9953           445.270       9.344
  26.0953           450.574       9.238
  26.1953           457.944       9.273
  26.2953           454.184       9.210
  26.3953           462.587       9.346
  26.4953           474.119       9.393
  26.5953           484.034       9.482
  26.6953           488.340       9.573
  26.7953           483.605       9.492
  26.8953           510.485       9.759
  26.9953           489.164       9.511
  27.0953           501.934       9.694
  27.1953           497.103       9.604
  27.2953           506.745       9.715
  27.3953           518.834       9.837
  27.4953           560.556      10.207
  27.5953           615.358      10.691
  27.6953           683.853      11.318
  27.7953           802.779      12.205
  27.8953           893.728      12.925
  27.9953           898.204      12.864
  28.0953           831.538      12.489
  28.1953           689.177      11.348
  28.2953           580.033      10.364
  28.3953           493.528       9.627
  28.4953           457.606       9.228
  28.5953           458.194       9.257
  28.6953           463.637       9.340
  28.7953           483.163       9.542
  28.8953           488.799       9.606
  28.9953           543.002      10.106
  29.0953           556.679      10.418
  29.1953           589.093      10.695
  29.2953           586.796      10.613
  29.3953           564.832      10.324
  29.4953           525.252       9.953
  29.5953           468.552       9.364
  29.6953           456.537       9.231
  29.7953           444.017       9.138
  29.8953           451.774       9.220
  29.9953           451.505       9.169
  30.0953           452.851       9.211
  30.1953           440.068       9.076
  30.2953           449.006       9.169
  30.3953           448.441       9.125
  30.4953           453.550       9.235
  30.5953           464.696       9.331
  30.6953           458.828       9.257
  30.7953           467.841       9.331
  30.8953           456.444       9.233
  30.9953           509.031       9.785
  31.0953           517.557       9.805
  31.1953           508.394       9.746
  31.2953           526.248       9.947
  31.3953           481.214       9.476
  31.4953           474.037       9.419
  31.5953           446.487       9.142
  31.6953           438.233       9.098
  31.7953           424.244       8.908
  31.8953           435.471       9.062
  31.9953           437.800       9.056
  32.0953           435.851       9.076
  32.1953           412.467       8.873
  32.2953           445.022       9.347
  32.3953           416.773       8.997
  32.4953           437.979       9.107
  32.5953           435.803       9.036
  32.6953           408.567       8.753
  32.7953           406.308       8.694
  32.8953           416.852       8.845
  32.9953           420.437       8.821
  33.0953           414.426       8.826
  33.1953           438.520       9.004
  33.2953           423.785       8.897
  33.3953           417.015       8.774
  33.4953           414.032       8.774
  33.5953           434.631       8.960
  33.6953           424.999       8.866
  33.7953           419.534       8.864
  33.8953           433.347       8.928
  33.9953           430.925       8.929
  34.0953           430.815       8.944
  34.1953           426.027       8.895
  34.2953           421.298       8.858
  34.3953           423.970       8.783
  34.4953           446.218       9.170
  34.5953           438.980       8.974
  34.6953           422.249       8.896
  34.7953           445.443       9.102
  34.8953           452.831       9.171
  34.9953           443.824       9.073
  35.0953           443.511       9.122
  35.1953           459.744       9.264
  35.2953           441.560       9.111
  35.3953           436.110       9.127
  35.4953           453.133       9.381
  35.5953           449.385       9.350
  35.6953           455.624       9.312
  35.7953           448.877       9.153
  35.8953           452.252       9.212
  35.9953           459.367       9.237
  36.0953           469.732       9.368
  36.1953           502.264       9.657
  36.2953           512.950       9.814
  36.3953           531.656       9.928
  36.4953           535.115      10.001
  36.5953           540.839       9.980
  36.6953           520.219       9.847
  36.7953           492.543       9.532
  36.8953           468.353       9.332
  36.9953           444.633       9.091
  37.0953           432.376       8.948
  37.1953           425.993       8.856
  37.2953           423.842       8.892
  37.3953           450.379       9.127
  37.4953           438.219       8.992
  37.5953           435.391       9.004
  37.6953           437.073       9.001
  37.7953           428.421       8.931
  37.8953           448.907       9.107
  37.9953           433.231       8.979
  38.0953           442.716       9.082
  38.1953           424.241       8.900
  38.2953           455.757       9.193
  38.3953           448.921       9.179
  38.4953           435.082       8.985
  38.5953           441.562       9.169
  38.6953           445.307       9.310
  38.7953           460.789       9.481
  38.8953           447.729       9.207
  38.9953           484.214       9.561
  39.0953           489.105       9.576
  39.1953           544.256      10.056
  39.2953           601.700      10.602
  39.3953           668.190      11.140
  39.4953           641.931      10.956
  39.5953           617.942      10.694
  39.6953           547.954      10.097
  39.7953           467.423       9.300
  39.8953           455.857       9.213
  39.9953           456.707       9.178
  40.0953           442.490       9.059
  40.1953           462.945       9.306
  40.2953           441.027       9.023
  40.3953           434.529       8.964
  40.4953           456.185       9.224
  40.5953           455.759       9.200
  40.6953           458.796       9.218
  40.7953           442.235       9.074
  40.8953           438.607       9.044
  40.9953           432.436       8.959
  41.0953           461.316       9.234
  41.1953           454.312       9.235
  41.2953           451.779       9.170
  41.3953           469.810       9.355
  41.4953           458.411       9.286
  41.5953           463.335       9.304
  41.6953           455.000       9.224
  41.7953           467.800       9.463
  41.8953           475.766       9.791
  41.9953           475.622       9.346
  42.0953           507.694       9.984
  42.1953           551.776      10.157
  42.2953           654.157      11.153
  42.3953           783.847      12.096
  42.4953           867.465      12.778
  42.5953           951.654      13.253
  42.6953           898.681      13.034
  42.7953           788.281      12.119
  42.8953           694.188      11.336
  42.9953           617.382      10.773
  43.0953           544.453      10.043
  43.1953           511.742       9.739
  43.2953           504.126       9.720
  43.3953           530.051       9.898
  43.4953           604.414      10.614
  43.5953           648.395      10.979
  43.6953           639.962      10.875
  43.7953           616.663      10.709
  43.8953           529.783       9.943
  43.9953           483.615       9.452
  44.0953           463.857       9.279
  44.1953           478.466       9.484
  44.2953           484.184       9.468
  44.3953           509.335       9.775
  44.4953           592.418      10.507
  44.5953           644.223      10.913
  44.6953           742.112      11.836
  44.7953           766.110      11.987
  44.8953           729.150      11.701
  44.9953           639.944      11.030
  45.0953           544.048      10.322
  45.1953           477.245       9.620
  45.2953           446.634       9.169
  45.3953           443.012       9.094
  45.4953           436.773       9.000
  45.5953           445.474       9.116
  45.6953           452.709       9.155
  45.7953           470.376       9.324
  45.8953           520.170       9.837
  45.9953           589.792      10.421
  46.0953           733.088      11.613
  46.1953           860.714      12.606
  46.2953           932.151      13.126
  46.3953           845.520      12.464
  46.4953           714.096      11.480
  46.5953           570.128      10.251
  46.6953           478.706       9.388
  46.7953           469.920       9.320
  46.8953           446.138       9.060
  46.9953           458.307       9.162
  47.0953           468.639       9.308
  47.1953           483.250       9.439
  47.2953           517.048       9.773
  47.3953           566.289      10.212
  47.4953           655.829      11.015
  47.5953           640.578      10.845
  47.6953           601.028      10.567
  47.7953           548.327      10.063
  47.8953           496.105       9.597
  47.9953           493.655       9.600
  48.0953           522.932       9.828
  48.1953           604.158      10.724
  48.2953           822.254      12.620
  48.3953          1134.166      14.871
  48.4953          1822.643      18.490
  48.5953          2665.812      22.329
  48.6953          3387.797      25.090
  48.7953          3572.757      25.854
  48.8953          3325.754      24.785
  48.9953          2652.955      22.174
  49.0953          1869.899      18.703
  49.1953          1228.991      15.032
  49.2953           771.985      11.942
  49.3953           549.798      10.090
  49.4953           469.711       9.314
  49.5953           482.484       9.437
  49.6953           477.533       9.363
  49.7953           483.215       9.495
  49.8953           467.204       9.243
  49.9953           471.229       9.310
  50.0953           456.547       9.207
  50.1953           476.852       9.388
  50.2953           475.771       9.370
  50.3953           467.273       9.292
  50.4953           462.453       9.242
  50.5953           476.701       9.411
  50.6953           466.704       9.277
  50.7953           485.170       9.495
  50.8953           524.505       9.863
  50.9953           603.989      10.593
  51.0953           746.942      11.794
  51.1953           848.760      12.577
  51.2953           834.698      12.482
  51.3953           741.872      11.761
  51.4953           604.607      10.877
  51.5953           511.429       9.939
  51.6953           472.202       9.444
  51.7953           483.338       9.488
  51.8953           468.494       9.318
  51.9953           497.784       9.582
  52.0953           502.293       9.659
  52.1953           520.549       9.822
  52.2953           501.219       9.577
  52.3953           494.922       9.569
  52.4953           521.535       9.783
  52.5953           528.005       9.841
  52.6953           500.043       9.591
  52.7953           487.407       9.454
  52.8953           465.648       9.272
  52.9953           473.375       9.294
  53.0953           447.264       9.081
  53.1953           449.981       9.076
  53.2953           435.708       8.948
  53.3953           441.153       9.005
  53.4953           445.574       9.063
  53.5953           441.611       8.981
  53.6953           446.715       9.077
  53.7953           449.632       9.104
  53.8953           435.343       8.912
  53.9953           443.779       9.068
  54.0953           446.819       9.085
  54.1953           451.994       9.122
  54.2953           453.555       9.156
  54.3953           472.246       9.378
  54.4953           502.740       9.643
  54.5953           534.714      10.018
  54.6953           590.218      10.685
  54.7953           578.805      10.606
  54.8953           548.517      10.121
  54.9953           535.773      10.006
  55.0953           496.657       9.574
  55.1953           485.042       9.491
  55.2953           465.229       9.240
  55.3953           476.117       9.381
  55.4953           479.407       9.407
  55.5953           466.944       9.243
  55.6953           474.308       9.374
  55.7953           478.469       9.391
  55.8953           449.268       9.082
  55.9953           456.322       9.150
  56.0953           442.923       9.019
  56.1953           453.112       9.132
  56.2953           444.095       9.033
  56.3953           457.987       9.149
  56.4953           458.631       9.211
  56.5953           443.450       9.042
  56.6953           443.707       9.018
  56.7953           463.490       9.229
  56.8953           459.129       9.208
  56.9953           460.572       9.171
  57.0953           476.601       9.387
  57.1953           462.857       9.231
  57.2953           464.465       9.284
  57.3953           442.348       9.058
  57.4953           454.330       9.116
  57.5953           449.249       9.166
  57.6953           443.021       9.075
  57.7953           431.210       8.978
  57.8953           446.377       9.357
  57.9953           441.699       9.186
  58.0953           430.927       8.999
  58.1953           431.823       8.959
  58.2953           424.205       8.853
  58.3953           433.089       8.982
  58.4953           426.038       8.836
  58.5953           423.291       8.855
  58.6953           421.684       8.793
  58.7953           416.420       8.750
  58.8953           435.599       8.952
  58.9953           434.647       8.983
  59.0953           420.320       8.663
  59.1953           423.734       8.870
  59.2953           448.420       9.084
  59.3953           445.892       9.042
  59.4953           455.290       9.124
  59.5953           463.338       9.208
  59.6953           446.078       9.044
  59.7953           458.534       9.224
  59.8953           431.838       8.830
  59.9953           442.175       9.037
  60.0953           441.858       9.031
  60.1953           457.957       9.148
  60.2953           453.368       9.097
  60.3953           448.054       9.104
  60.4953           426.632       8.833
  60.5953           441.715       9.011
  60.6953           435.109       8.962
  60.7953           452.978       9.146
  60.8953           464.380       9.299
  60.9953           502.827       9.718
  61.0953           535.132      10.129
  61.1953           552.918      10.328
  61.2953           514.536       9.771
  61.3953           483.260       9.432
  61.4953           446.444       9.031
  61.5953           425.570       8.847
  61.6953           440.283       8.967
  61.7953           441.433       8.979
  61.8953           425.984       8.855
  61.9953           440.155       8.938
  62.0953           454.124       9.063
  62.1953           458.113       9.190
  62.2953           445.350       8.972
  62.3953           449.218       9.035
  62.4953           447.977       9.012
  62.5953           490.589       9.501
  62.6953           467.849       9.186
  62.7953           475.906       9.303
  62.8953           433.425       8.871
  62.9953           429.277       8.833
  63.0953           427.922       8.803
  63.1953           430.376       8.827
  63.2953           427.870       8.883
  63.3953           420.099       8.705
  63.4953           444.870       8.975
  63.5953           435.448       8.935
  63.6953           432.154       8.888
  63.7953           439.031       8.912
  63.8953           426.533       8.855
  63.9953           462.192       9.176
  64.0953           534.657       9.910
  64.1953           731.642      11.634
  64.2953          1155.271      14.630
  64.3953          1854.434      19.251
  64.4953          2274.977      20.287
  64.5953          2405.545      21.214
  64.6953           924.143      12.461
  64.7953          1125.545      13.837
  64.8953           731.431      12.711
  64.9953           590.869      12.071
  65.0953           541.638      10.173
  65.1953           583.938       9.520
  65.2953           679.112      11.034
  65.3953           723.737      11.446
  65.4953           649.946      10.896
  65.5953           533.200       9.802
  65.6953           466.636       9.263
  65.7953           458.503       9.141
  65.8953           456.812       9.107
  65.9953           449.770       9.059
  66.0953           430.835       8.893
  66.1953           455.532       9.107
  66.2953           448.067       9.038
  66.3953           448.909       9.042
  66.4953           444.883       9.081
  66.5953           453.744       9.059
  66.6953           433.262       8.913
  66.7953           446.084       9.070
  66.8953           447.263       9.081
  66.9953           425.220       8.807
  67.0953           434.089       8.956
  67.1953           432.753       8.914
  67.2953           431.450       8.957
  67.3953           450.089       9.153
  67.4953           504.328       9.862
  67.5953           545.809      10.215
  67.6953           662.577      11.072
  67.7953           674.730      11.136
  67.8953           608.915      10.558
  67.9953           508.037       9.641
  68.0953           451.400       9.041
  68.1953           432.280       8.861
  68.2953           457.280       9.146
  68.3953           433.110       8.837
  68.4953           431.269       8.840
  68.5953           426.031       8.777
  68.6953           421.515       8.736
  68.7953           422.230       8.730
  68.8953           463.868       9.124
  68.9953           580.737      10.287
  69.0953           705.880      11.217
  69.1953           842.332      12.343
  69.2953           817.662      12.175
  69.3953           699.290      11.277
  69.4953           539.253       9.811
  69.5953           483.308       9.360
  69.6953           453.362       9.053
  69.7953           437.933       8.899
  69.8953           439.083       8.885
  69.9953           417.310       8.717
  70.0953           426.086       8.816
  70.1953           463.179       9.151
  70.2953           494.873       9.513
  70.3953           552.161      10.041
  70.4953           548.433       9.978
  70.5953           527.487       9.888
  70.6953           500.664       9.765
  70.7953           516.829       9.883
  70.8953           521.997       9.802
  70.9953           539.799       9.927
  71.0953           492.122       9.503
  71.1953           458.188       9.098
  71.2953           441.219       8.958
  71.3953           416.636       8.687
  71.4953           430.983       8.834
  71.5953           430.319       8.823
  71.6953           429.771       8.798
  71.7953           414.152       8.641
  71.8953           438.472       8.919
  71.9953           422.482       8.728
  72.0953           428.674       8.820
  72.1953           419.285       8.690
  72.2953           419.275       8.693
  72.3953           418.560       8.677
  72.4953           465.386       9.159
  72.5953           504.915       9.602
  72.6953           615.703      10.482
  72.7953           721.831      11.371
  72.8953           723.505      11.407
  72.9953           632.022      10.590
  73.0953           567.797      10.109
  73.1953           476.834       9.124
  73.2953           446.473       8.754
  73.3953           416.593       7.483
  73.4953           416.532      16.517
  73.5953           453.498       8.683
  73.6953           539.275       9.187
  73.7953           607.660       9.650
  73.8953           583.518      13.941
  73.9953           565.302       9.818
  74.0953           477.231       9.341
  74.1953           433.031       8.858
  74.2953           423.329       8.768
  74.3953           410.684       8.652
  74.4953           413.298       8.633
  74.5953           420.745       8.790
  74.6953           414.208       8.678
  74.7953           420.814       8.752
  74.8953           431.838       8.815
  74.9953           429.327       8.856
  75.0953           432.281       8.870
  75.1953           419.679       8.707
  75.2953           398.466       8.503
  75.3953           421.049       8.762
  75.4953           421.032       8.719
  75.5953           409.115       8.604
  75.6953           426.832       8.807
  75.7953           442.411       8.955
  75.8953           470.268       9.237
  75.9953           489.013       9.434
  76.0953           514.327       9.646
  76.1953           574.699      10.248
  76.2953           613.720      10.507
  76.3953           702.056      11.338
  76.4953           831.498      12.285
  76.5953           902.675      12.802
  76.6953           796.956      12.092
  76.7953           642.032      10.841
  76.8953           555.985      10.102
  76.9953           612.227      10.659
  77.0953           884.966      13.010
  77.1953          1440.385      16.618
  77.2953          1973.075      19.179
  77.3953          2018.861      19.290
  77.4953          1519.296      16.700
  77.5953           970.182      13.412
  77.6953           971.459      13.264
  77.7953          1555.472      16.878
  77.8953          2313.944      20.617
  77.9953          2421.997      21.028
  78.0953          1766.593      17.920
  78.1953           957.482      13.259
  78.2953           569.854      10.191
  78.3953           441.697       8.975
  78.4953           447.622       9.036
  78.5953           437.158       8.946
  78.6953           437.525       8.933
  78.7953           452.278       9.082
  78.8953           460.196       9.193
  78.9953           484.639       9.414
  79.0953           560.583      10.124
  79.1953           590.316      10.371
  79.2953           547.302      10.031
  79.3953           466.833       9.227
  79.4953           451.320       9.032
  79.5953           423.115       8.836
  79.6953           420.758       8.785
  79.7953           415.248       8.714
  79.8953           404.220       8.646
  79.9953           425.067       8.850
  80.0953           405.463       8.656
  80.1953           428.013       8.946
  80.2953           417.020       8.990
  80.3953           419.792       8.918
  80.4953           418.120       8.840
  80.5953           398.388       8.550
  80.6953           414.187       8.753
  80.7953           420.441       8.767
  80.8953           437.299       8.962
  80.9953           464.116       9.178
  81.0953           472.607       9.303
  81.1953           504.755       9.578
  81.2953           486.903       9.437
  81.3953           454.191       9.058
  81.4953           439.869       8.953
  81.5953           416.449       8.703
  81.6953           435.685       8.897
  81.7953           460.495       9.170
  81.8953           442.840       8.947
  81.9953           439.508       8.920
  82.0953           436.064       8.912
  82.1953           453.051       9.105
  82.2953           455.555       9.066
  82.3953           477.701       9.311
  82.4953           470.577       9.272
  82.5953           443.687       8.979
  82.6953           443.703       8.939
  82.7953           458.495       9.196
  82.8953           433.587       8.890
  82.9953           431.809       8.866
  83.0953           421.903       8.792
  83.1953           430.354       8.891
  83.2953           488.484       9.471
  83.3953           625.849      10.763
  83.4953           787.583      12.295
  83.5953           869.752      12.871
  83.6953           767.980      11.972
  83.7953           592.753      10.415
  83.8953           518.957       9.788
  83.9953           486.943       9.450
  84.0953           485.269       9.425
  84.1953           500.415       9.551
  84.2953           577.941      10.289
  84.3953           608.115      10.471
  84.4953           582.809      10.329
  84.5953           484.160       9.387
  84.6953           427.374       8.805
  84.7953           429.946       8.832
  84.8953           417.200       8.827
  84.9953           421.181       8.555
  85.0953           425.747       8.887
  85.1953           435.431       8.875
  85.2953           419.407       8.732
  85.3953           393.833       8.484
  85.4953           397.809       8.493
  85.5953           398.677       8.486
  85.6953           400.403       8.544
  85.7953           424.162       8.780
  85.8953           422.936       8.756
  85.9953           417.563       8.778
  86.0953           416.109       8.663
  86.1953           426.436       8.859
  86.2953           459.738       9.135
  86.3953           451.429       9.104
  86.4953           448.984       9.140
  86.5953           445.254       9.034
  86.6953           437.408       9.150
  86.7953           463.009       9.428
  86.8953           619.084      10.727
  86.9953          1031.978      13.758
  87.0953          1897.682      18.655
  87.1953          2814.238      22.693
  87.2953          3057.639      23.568
  87.3953          2505.984      21.399
  87.4953          1675.517      17.505
  87.5953           999.902      13.450
  87.6953           613.351      10.544
  87.7953           457.023       9.130
  87.8953           427.906       8.816
  87.9953           407.624       8.573
  88.0953           409.237       8.631
  88.1953           417.852       8.722
  88.2953           412.155       8.622
  88.3953           410.582       8.620
  88.4953           409.901       8.640
  88.5953           413.667       8.665
  88.6953           407.527       8.590
  88.7953           400.843       8.554
  88.8953           423.150       8.740
  88.9953           405.235       8.606
  89.0953           398.650       8.486
  89.1953           405.009       8.623
  89.2953           412.778       8.645
  89.3953           395.608       8.496
  89.4953           402.367       8.594
  89.5953           406.294       8.581
  89.6953           412.043       8.720
  89.7953           420.141       8.793
  89.8953           430.147       9.052
  89.9953           518.408       9.949
  90.0953           649.936      10.978
  90.1953           771.603      11.913
  90.2953           762.854      11.825
  90.3953           624.730      10.659
  90.4953           504.592       9.522
  90.5953           430.907       8.859
  90.6953           403.311       8.546
  90.7953           406.967       8.593
  90.8953           378.579       8.269
  90.9953           407.214       8.587
  91.0953           390.416       8.436
  91.1953           388.347       8.348
  91.2953           395.926       8.486
  91.3953           417.540       8.669
  91.4953           401.463       8.544
  91.5953           451.938       9.041
  91.6953           519.377       9.703
  91.7953           716.154      11.424
  91.8953           915.817      12.789
  91.9953           884.941      12.711
  92.0953           691.143      11.163
  92.1953           501.822       9.555
  92.2953           447.411       8.991
  92.3953           450.535       9.073
  92.4953           456.441       9.123
  92.5953           467.671       9.216
  92.6953           417.168       8.712
  92.7953           423.023       8.826
  92.8953           400.751       8.552
  92.9953           400.195       8.633
  93.0953           417.132       8.932
  93.1953           431.724       9.083
  93.2953           475.561       9.466
  93.3953           447.365       9.086
  93.4953           403.293       8.622
  93.5953           402.555       8.606
  93.6953           393.023       8.504
  93.7953           391.479       8.474
  93.8953           385.512       8.423
  93.9953           408.857       8.668
  94.0953           398.190       8.505
  94.1953           391.246       8.467
  94.2953           405.958       8.628
  94.3953           396.853       8.496
  94.4953           414.444       8.708
  94.5953           463.581       9.209
  94.6953           517.849       9.734
  94.7953           558.596      10.088
  94.8953           638.776      10.820
  94.9953           649.256      10.943
  95.0953           563.800      10.092
  95.1953           491.030       9.542
  95.2953           529.775       9.829
  95.3953           745.398      11.681
  95.4953           955.338      13.221
  95.5953           948.677      13.204
  95.6953           739.513      11.662
  95.7953           662.857      11.037
  95.8953           684.560      11.145
  95.9953           685.093      11.385
  96.0953           703.272      11.302
  96.1953           636.419      10.934
  96.2953           578.083      10.537
  96.3953           530.017      10.052
  96.4953           477.196       9.472
  96.5953           539.216       9.974
  96.6953           751.386      11.797
  96.7953          1081.175      14.166
  96.8953          1384.039      15.908
  96.9953          1378.685      15.940
  97.0953           978.647      13.434
  97.1953           677.491      11.090
  97.2953           664.299      11.055
  97.3953           681.261      11.185
  97.4953           666.234      11.055
  97.5953           677.407      11.120
  97.6953           706.828      11.378
  97.7953           634.688      10.776
  97.8953           523.567       9.775
  97.9953           441.064       8.966
  98.0953           419.990       8.771
  98.1953           413.816       8.722
  98.2953           473.747       9.261
  98.3953           522.940       9.813
  98.4953           584.967      10.383
  98.5953           631.063      10.694
  98.6953           600.066      10.471
  98.7953           541.718       9.996
  98.8953           522.098       9.806
  98.9953           554.761      10.073
  99.0953           563.374      10.206
  99.1953           537.470       9.918
  99.2953           466.426       9.329
  99.3953           461.950       9.267
  99.4953           455.429       9.383
  99.5953           422.898       8.982
  99.6953           427.016       8.933
  99.7953           393.398       8.474
  99.8953           370.782       8.242
  99.9953           402.156       8.582
 100.0953           395.674       8.490
 100.1953           402.341       8.555
 100.2953           432.048       8.886
 100.3953           483.171       9.345
 100.4953           521.985       9.742
 100.5953           509.637       9.616
 100.6953           453.169       9.069
 100.7953           406.887       8.576
 100.8953           409.316       8.618
 100.9953           380.317       8.293
 101.0953           401.810       8.536
 101.1953           396.270       8.460
 101.2953           395.692       8.475
 101.3953           391.390       8.423
 101.4953           389.107       8.396
 101.5953           368.008       8.196
 101.6953           366.372       8.146
 101.7953           369.574       8.175
 101.8953           381.054       8.341
 101.9953           394.940       8.470
 102.0953           382.574       8.350
 102.1953           382.593       8.331
 102.2953           383.373       8.380
 102.3953           374.210       8.271
 102.4953           401.835       8.538
 102.5953           390.022       8.513
 102.6953           412.215       8.855
 102.8953           670.511      11.211
 102.9953           869.598      12.651
 103.0953           888.567      12.788
 103.1953           729.206      11.589
 103.2953           540.408       9.928
 103.3953           449.315       9.078
 103.4953           420.521       8.765
 103.5953           404.845       8.560
 103.6953           406.669       8.606
 103.7953           406.172       8.607
 103.8953           399.734       8.528
 103.9953           413.239       8.673
 104.0953           421.908       8.758
 104.1953           395.498       8.508
 104.2953           388.189       8.388
 104.3953           394.552       8.476
 104.4953           409.458       8.628
 104.5953           402.456       8.565
 104.6953           396.786       8.487
 104.7953           384.003       8.372
 104.8953           383.047       8.357
 104.9953           372.802       8.262
 105.0953           367.978       8.153
 105.1953           391.498       8.499
 105.2953           393.530       8.465
 105.3953           397.642       8.544
 105.4953           418.374       8.758
 105.5953           431.644       8.893
 105.6953           434.494       8.893
 105.7953           459.329       9.255
 105.8953           561.280      10.466
 105.9953           600.430      10.471
 106.0953           669.500      11.299
 106.1953           609.136      10.556
 106.2953           676.428      11.189
 106.3953           734.986      11.556
 106.4953           738.030      11.616
 106.5953           655.341      10.925
 106.6953           559.360      10.112
 106.7953           509.731       9.599
 106.8953           569.345      10.012
 106.9953           639.263      11.198
 107.0953           673.541      10.854
 107.1953           628.854      10.652
 107.2953           540.832       9.949
 107.3953           445.440       8.961
 107.4953           398.790       8.510
 107.5953           366.825       8.150
 107.6953           395.968       8.481
 107.7953           425.355       8.804
 107.8953           520.858       9.717
 107.9953           655.784      10.942
 108.0953           689.198      11.174
 108.1953           563.601      10.154
 108.2953           478.850       9.325
 108.3953           396.250       8.512
 108.4953           387.750       8.390
 108.5953           374.237       8.274
 108.6953           385.273       8.405
 108.7953           421.314       8.785
 108.8953           507.232       9.598
 108.9953           571.412      10.355
 109.0953           695.919      11.500
 109.1953           739.834      11.871
 109.2953           803.252      12.265
 109.3953           748.110      11.708
 109.4953           666.783      11.079
 109.5953           556.441      10.157
 109.6953           455.929       9.093
 109.7953           432.918       8.919
 109.8953           423.173       8.771
 109.9953           393.069       8.467
 110.0953           414.808       8.674
 110.1953           454.685       9.090
 110.2953           550.956      10.007
 110.3953           641.782      10.788
 110.4953           625.084      10.628
 110.5953           539.868       9.958
 110.6953           433.979       8.851
 110.7953           379.423       8.303
 110.8953           382.445       8.328
 110.9953           443.866       8.995
 111.0953           518.530       9.686
 111.1953           593.919      10.383
 111.2953           640.299      10.788
 111.3953           567.159      10.173
 111.4953           457.464       9.095
 111.5953           393.159       8.499
 111.6953           384.940       8.347
 111.7953           379.977       8.374
 111.8953           398.151       8.475
 111.9953           399.513       8.620
 112.0953           373.122       8.237
 112.1953           355.158       8.150
 112.2953           350.503       8.171
 112.3953           349.979       8.154
 112.4953           347.205       8.008
 112.5953           356.619       8.051
 112.6953           403.579       8.589
 112.7953           519.216       9.697
 112.8953           653.436      10.874
 112.9953           774.656      11.820
 113.0953           753.666      11.723
 113.1953           624.310      10.612
 113.2953           481.737       9.307
 113.3953           389.666       8.416
 113.4953           343.709       7.877
 113.5953           363.997       8.127
 113.6953           350.475       7.927
 113.7953           357.635       8.029
 113.8953           362.665       8.089
 113.9953           389.177       8.358
 114.0953           419.029       8.670
 114.1953           466.495       9.256
 114.2953           467.617       9.139
 114.3953           465.221       9.168
 114.4953           409.669       8.606
 114.5953           384.139       8.314
 114.6953           362.191       8.129
 114.7953           352.914       7.917
 114.8953           357.702       8.121
 114.9953           352.661       7.972
 115.0953           345.597       7.939
 115.1953           350.010       7.973
 115.2953           364.998       8.188
 115.3953           347.457       7.980
 115.4953           382.456       8.548
 115.5953           434.887       9.048
 115.6953           544.688      10.037
 115.7953           634.773      10.737
 115.8953           649.271      10.877
 115.9953           606.369      10.527
 116.0953           517.102       9.673
 116.1953           452.971       9.074
 116.2953           425.076       8.785
 116.3953           394.755       8.449
 116.4953           395.016       8.509
 116.5953           402.510       8.444
 116.6953           398.541       8.514
 116.7953           393.458       8.419
 116.8953           368.321       8.163
 116.9953           353.120       7.997
 117.0953           332.085       7.725
 117.1953           358.945       8.067
 117.2953           345.222       7.891
 117.3953           343.604       7.883
 117.4953           361.060       8.080
 117.5953           331.076       7.727
 117.6953           336.491       7.800
 117.7953           335.826       7.797
 117.8953           343.766       7.858
 117.9953           324.661       7.750
 118.0953           331.055       7.627
 118.1953           334.763       7.862
 118.2953           329.515       7.724
 118.3953           347.995       7.969
 118.4953           357.338       8.059
 118.5953           398.541       8.581
 118.6953           432.774       9.016
 118.7953           453.346       9.328
 118.8953           473.324       9.284
 118.9953           460.297       9.191
 119.0953           468.430       9.187
 119.1953           450.150       9.058
 119.2953           479.223       9.311
 119.3953           586.045      10.293
 119.4953           690.855      11.169
 119.5953           823.766      12.218
 119.6953           767.010      11.708
 119.7953           721.041      11.434
 119.8953           607.208      10.457
 119.9953           469.588       9.179
 120.0953           394.451       8.394
 120.1953           350.944       8.100
 120.2953           339.766       7.548
 120.3953           324.283       7.761
 120.4953           327.107       7.665
 120.5953           297.817       7.354
 120.6953           312.636       7.442
 120.7953           317.714       7.582
 120.8953           311.922       7.473
 120.9953           318.078       7.573
 121.0953           302.518       7.363
 121.1953           306.767       7.449
 121.2953           308.039       7.467
 121.3953           307.762       7.445
 121.4953           305.155       7.425
 121.5953           307.593       7.540
 121.6953           318.416       7.484
 121.7953           341.067       8.057
 121.8953           358.809       8.161
 121.9953           397.850       8.682
 122.0953           429.014       8.899
 122.1953           451.657       9.053
 122.2953           471.341       9.294
 122.3953           494.035       9.473
 122.4953           508.468       9.651
 122.5953           494.329       9.468
 122.6953           460.037       9.175
 122.7953           440.935       8.928
 122.8953           368.815       8.156
 122.9953           341.774       7.908
 123.0953           345.699       7.910
 123.1953           338.824       7.812
 123.2953           357.563       8.060
 123.3953           369.945       8.177
 123.4953           388.822       8.378
 123.5953           403.498       8.539
 123.6953           376.848       8.285
 123.7953           341.245       7.860
 123.8953           336.018       7.789
 123.9953           325.949       7.676
 124.0953           334.113       7.787
 124.1953           329.316       7.728
 124.2953           343.063       7.889
 124.3953           356.773       8.057
 124.4953           395.170       8.499
 124.5953           401.798       8.530
 124.6953           380.173       8.362
 124.7953           363.034       8.054
 124.8953           336.960       7.870
 124.9953           331.457       7.834
 125.0953           316.115       7.692
 125.1953           327.079       7.873
 125.2953           330.378       7.824
 125.3953           317.858       7.678
 125.4953           323.023       7.629
 125.5953           357.701       8.051
 125.6953           383.014       8.326
 125.7953           424.052       8.722
 125.8953           481.411       9.322
 125.9953           492.336       9.407
 126.0953           476.370       9.217
 126.1953           422.826       8.722
 126.2953           387.017       8.345
 126.3953           348.733       7.883
 126.4953           325.275       7.677
 126.5953           315.168       7.502
 126.6953           321.063       7.584
 126.7953           312.016       7.469
 126.8953           326.018       7.648
 126.9953           338.277       7.816
 127.0953           381.659       8.243
 127.1953           415.559       8.618
 127.2953           453.917       9.030
 127.3953           463.496       9.173
 127.4953           443.379       8.889
 127.5953           406.597       8.560
 127.6953           375.492       8.208
 127.7953           334.832       7.793
 127.8953           340.194       7.819
 127.9953           312.459       7.547
 128.0953           315.538       7.519
 128.1953           309.212       7.562
 128.2953           300.340       7.513
 128.3953           297.068       7.485
 128.4953           297.356       7.397
 128.5953           305.026       7.451
 128.6953           301.277       7.392
 128.7953           311.938       7.530
 128.8953           305.113       7.411
 128.9953           330.550       7.746
 129.0953           337.856       7.838
 129.1953           372.745       8.171
 129.2953           434.808       8.841
 129.3953           464.055       9.173
 129.4953           496.344       9.437
 129.5953           467.442       9.171
 129.6953           461.547       9.120
 129.7953           429.139       8.815
 129.8953           374.560       8.197
 129.9953           363.837       8.103
 130.0953           346.780       7.879
 130.1953           326.353       7.675
 130.2953           311.770       7.491
 130.3953           317.373       7.552
 130.4953           327.888       7.694
 130.5953           308.704       7.461
 130.6953           325.593       7.653
 130.7953           322.032       7.639
 130.8953           318.382       7.589
 130.9953           341.545       7.854
 131.0953           339.560       7.846
 131.1953           356.340       8.055
 131.2953           398.386       8.480
 131.3953           396.931       8.558
 131.4953           409.007       8.764
 131.5953           409.555       8.827
 131.6953           381.452       8.372
 131.7953           358.109       8.062
 131.8953           353.104       7.980
 131.9953           339.275       7.865
 132.0953           329.570       7.694
 132.1953           312.116       7.535
 132.2953           318.251       7.584
 132.3953           321.514       7.584
 132.4953           301.477       7.377
 132.5953           306.651       7.405
 132.6953           297.145       7.337
 132.7953           318.940       7.545
 132.8953           309.948       7.458
 132.9953           310.753       7.471
 133.0953           312.734       7.486
 133.1953           312.133       7.363
 133.2953           321.401       7.834
 133.3953           319.668       7.469
 133.4953           312.110       7.474
 133.5953           333.011       7.732
 133.6953           327.987       7.671
 133.7953           348.475       7.924
 133.8953           367.869       8.086
 133.9953           353.526       8.002
 134.0953           349.975       7.940
 134.1953           365.848       8.092
 134.2953           355.084       8.021
 134.3953           344.025       7.892
 134.4953           360.287       8.064
 134.5953           333.123       7.828
 134.6953           335.457       7.980
 134.7953           344.078       8.010
 134.8953           331.969       7.818
 134.9953           325.304       7.646
 135.0953           299.613       7.336
 135.1953           308.175       7.461
 135.2953           309.529       7.461
 135.3953           307.170       7.424
 135.4953           275.603       7.051
 135.5953           280.030       7.063
 135.6953           304.036       7.389
 135.7953           288.581       7.168
 135.8953           299.385       7.341
 135.9953           310.479       7.452
 136.0953           313.140       7.483
 136.1953           337.021       7.783
 136.2953           399.640       8.435
 136.3953           478.055       9.253
 136.4953           575.977      10.168
 136.5953           662.853      10.916
 136.6953           775.921      11.744
 136.7953           835.241      12.238
 136.8953           826.514      12.181
 136.9953           781.949      11.788
 137.0953           687.089      11.110
 137.1953           590.477      10.320
 137.2953           486.494       9.342
 137.3953           415.011       8.620
 137.4953           396.500       8.444
 137.5953           402.944       8.523
 137.6953           466.399       9.180
 137.7953           495.889       9.498
 137.8953           530.804       9.989
 137.9953           564.003      10.287
 138.0953           566.781      10.194
 138.1953           552.072       9.936
 138.2953           506.024       9.582
 138.3953           467.615       9.150
 138.4953           437.237       8.852
 138.5953           405.416       8.519
 138.6953           373.995       8.171
 138.7953           356.289       7.953
 138.8953           325.853       7.605
 138.9953           314.910       7.500
 139.0953           304.824       7.359
 139.1953           305.217       7.334
 139.2953           289.432       7.207
 139.3953           287.473       7.116
 139.4953           294.149       7.252
 139.5953           301.213       7.267
 139.6953           291.387       7.217
 139.7953           288.216       7.176
 139.8953           307.231       7.367
 139.9953           319.458       7.534
 140.0953           321.170       7.553
 140.1953           358.092       8.007
 140.2953           418.061       8.597
 140.3953           420.838       8.692
 140.4953           445.678       8.919
 140.5953           470.654       9.174
 140.6953           489.056       9.384
 140.7953           474.778       9.221
 140.8953           456.551       9.059
 140.9953           447.222       9.059
 141.0953           450.830       9.176
 141.1953           440.303       9.075
 141.2953           453.217       9.066
 141.3953           494.836       9.390
 141.4953           495.824       9.438
 141.5953           526.429       9.676
 141.6953           532.734       9.765
 141.7953           532.907       9.769
 141.8953           499.177       9.410
 141.9953           479.445       9.191
 142.0953           459.161       9.041
 142.1953           440.042       8.858
 142.2953           426.918       8.709
 142.3953           467.482       9.061
 142.4953           475.797       9.217
 142.5953           520.749       9.617
 142.6953           558.617       9.939
 142.7953           600.627      10.298
 142.8953           604.532      10.359
 142.9953           619.148      10.484
 143.0953           575.767      10.069
 143.1953           568.604      10.053
 143.2953           531.170       9.703
 143.3953           518.386       9.590
 143.4953           485.158       9.260
 143.5953           480.426       9.234
 143.6953           466.544       9.160
 143.7953           493.471       9.478
 143.8953           504.663       9.156
 143.9953           491.767       9.540
 144.0953           482.707       9.255
 144.1953           466.335       9.228
 144.2953           451.016       9.121
 144.3953           418.872       8.866
 144.4953           386.462       8.401
 144.5953           371.065       8.158
 144.6953           343.034       7.827
 144.7953           320.885       7.580
 144.8953           300.758       7.314
 144.9953           317.335       7.519
 145.0953           310.696       7.427
 145.1953           294.794       7.255
 145.2953           297.435       7.237
 145.3953           283.810       7.106
 145.4953           290.202       7.179
 145.5953           275.227       6.450
 145.6953           354.553       9.657
 145.7953           293.270       6.679
 145.8953           307.751       7.376
 145.9953           302.963       7.314
 146.0953           320.333       7.536
 146.1953           313.404       7.462
 146.2953           329.568       7.646
 146.3953           337.638       7.678
 146.4953           350.445       7.930
 146.5953           354.084       7.914
 146.6953           369.094       8.083
 146.7953           366.968       8.105
 146.8953           388.940       8.317
 146.9953           395.229       8.398
 147.0953           381.485       8.250
 147.1953           385.566       8.296
 147.2953           390.068       8.349
 147.3953           393.862       8.445
 147.4953           399.861       8.652
 147.5953           377.201       8.366
 147.6953           362.937       8.142
 147.7953           373.561       8.161
 147.8953           339.884       7.828
 147.9953           326.584       7.607
 148.0953           322.086       7.604
 148.1953           300.238       7.282
 148.2953           295.999       7.296
 148.3953           286.312       7.122
 148.4953           298.489       7.380
 148.5953           289.072       6.942
 148.6953           300.697       7.443
 148.7953           279.744       7.240
 148.8953           293.475       6.831
 148.9953           275.145       6.998
 149.0953           280.937       7.194
 149.1953           295.231       7.076
 149.2953           307.067       7.309
 149.3953           294.339       7.198
 149.4953           316.198       7.387
 149.5953           319.800       7.391
 149.6953           328.841       7.770
 149.7953           329.579       7.626
 149.8953           331.695       7.411
 149.9953           327.402       8.002
 150.0953           323.508       7.090
 150.1953           313.314       8.217
 150.2953           325.130       7.218
 150.3953           314.467       7.537
 150.4953           302.394       7.345
 150.5953           295.282       7.294
 150.6953           285.328       6.600
 150.7953             0.000       0.000
 150.8953             0.000       0.000
