XYDATA  Co2SiO4 8mmV 1.87A HiRes FullBeam 500K CF ROC 
INTER        1       1       0     0.100000
TEMP       85.3880      85.0530      85.0010
! d20 23-Apr-08 09:22:09 User Sazono   L.C.Hansen  Run 594842*d20_2008_04_5880
! d20 23-Apr-08 09:22:09 User Sazono   L.C.Hansen  Run 594842*d20_2008_04_5880
! Monitor/counts, Counting time/sec:       100000.      62.5111
   0.0953          4083.770      27.938
   0.1953          4273.291      29.045
   0.2953          4334.763      29.519
   0.3953          4163.872      28.746
   0.4953          3865.349      27.493
   0.5953          3506.618      25.976
   0.6953          3103.558      24.370
   0.7953          2675.396      22.686
   0.8953          2314.926      21.033
   0.9953          1948.649      19.347
   1.0953          1631.680      17.648
   1.1953          1327.495      15.887
   1.2953          1037.548      14.071
   1.3953           772.957      12.134
   1.4953           570.510      10.418
   1.5953           435.498       9.079
   1.6953           376.061       8.481
   1.7953           342.868       8.093
   1.8953           317.141       7.754
   1.9953           318.210       7.770
   2.0953           309.087       7.679
   2.1953           294.921       7.496
   2.2953           287.965       7.384
   2.3953           285.766       7.369
   2.4953           276.077       7.273
   2.5953           260.587       6.995
   2.6953           241.872       6.828
   2.7953           258.731       7.008
   2.8953           244.347       6.838
   2.9953           256.281       6.996
   3.0953           246.867       6.879
   3.1953           226.619       6.586
   3.2953           233.500       6.677
   3.3953           238.913       6.815
   3.4953           227.984       6.749
   3.5953           226.416       6.724
   3.6953           253.846       7.035
   3.7953           245.461       6.874
   3.8953           270.475       7.198
   3.9953           281.351       7.346
   4.0953           307.497       7.637
   4.1953           341.270       8.119
   4.2953           379.693       8.486
   4.3953           429.799       9.031
   4.4953           460.520       9.344
   4.5953           532.961      10.106
   4.6953           560.755      10.281
   4.7953           623.499      10.877
   4.8953           646.347      11.080
   4.9953           670.398      11.316
   5.0953           694.024      11.459
   5.1953           715.629      11.634
   5.2953           686.293      11.448
   5.3953           696.430      11.496
   5.4953           692.103      11.435
   5.5953           695.856      11.504
   5.6953           682.008      11.402
   5.7953           696.857      11.533
   5.8953           690.020      11.403
   5.9953           676.728      11.398
   6.0953           681.492      11.407
   6.1953           694.462      11.547
   6.2953           684.824      11.434
   6.3953           666.967      11.280
   6.4953           660.564      11.292
   6.5953           645.402      11.133
   6.6953           640.913      11.303
   6.7953           650.183      11.394
   6.8953           660.167      11.333
   6.9953           624.547      10.905
   7.0953           656.255      11.191
   7.1953           622.802      10.935
   7.2953           631.635      10.933
   7.3953           640.301      11.079
   7.4953           630.178      10.947
   7.5953           612.845      10.770
   7.6953           620.741      10.845
   7.7953           629.584      10.930
   7.8953           621.115      10.842
   7.9953           609.550      10.694
   8.0953           619.089      10.865
   8.1953           624.181      10.861
   8.2953           600.331      10.646
   8.3953           604.539      10.692
   8.4953           586.870      10.547
   8.5953           603.150      10.664
   8.6953           593.189      10.576
   8.7953           578.032      10.439
   8.8953           607.813      10.720
   8.9953           598.689      10.638
   9.0953           571.773      10.386
   9.1953           579.123      10.495
   9.2953           582.222      10.522
   9.3953           567.289      10.331
   9.4953           580.098      10.525
   9.5953           555.246      10.265
   9.6953           567.530      10.398
   9.7953           561.993      10.445
   9.8953           559.258      10.550
   9.9953           575.869      10.692
  10.0953           567.420      10.452
  10.1953           545.402      10.175
  10.2953           559.853      10.325
  10.3953           563.934      10.334
  10.4953           558.076      10.272
  10.5953           545.938      10.140
  10.6953           520.360       9.936
  10.7953           539.283      10.037
  10.8953           553.292      10.185
  10.9953           549.949      10.151
  11.0953           531.744       9.905
  11.1953           531.666       9.961
  11.2953           530.261      10.540
  11.3953           550.780       9.960
  11.4953           546.389      10.068
  11.5953           529.630       9.931
  11.6953           523.206       9.937
  11.7953           523.654       9.907
  11.8953           501.866       9.713
  11.9953           531.559       9.990
  12.0953           499.293       9.712
  12.1953           501.149       9.704
  12.2953           524.608       9.905
  12.3953           521.114       9.963
  12.4953           538.077      10.083
  12.5953           518.683       9.886
  12.6953           512.599       9.843
  12.7953           512.754       9.908
  12.8953           531.913       9.978
  12.9953           526.653      10.045
  13.0953           526.523      10.356
  13.1953           532.178       9.949
  13.2953           522.020      10.199
  13.3953           499.402       9.733
  13.4953           522.360       9.983
  13.5953           524.257       9.927
  13.6953           521.347       9.967
  13.7953           516.257       9.839
  13.8953           513.060       9.887
  13.9953           525.717       9.895
  14.0953           514.324       9.906
  14.1953           543.129       9.991
  14.2953           523.580       9.990
  14.3953           519.978       9.857
  14.4953           517.594       9.859
  14.5953           519.716       9.950
  14.6953           508.169       9.740
  14.7953           519.851       9.861
  14.8953           506.365       9.741
  14.9953           501.138       9.739
  15.0953           508.998       9.933
  15.1953           505.987       9.445
  15.2953           533.199      10.199
  15.3953           523.209       9.913
  15.4953           502.013       9.697
  15.5953           506.108       9.775
  15.6953           495.213       9.697
  15.7953           512.456       9.799
  15.8953           505.046       9.829
  15.9953           510.444       9.822
  16.0953           504.552       9.824
  16.1953           504.578       9.820
  16.2953           509.807      10.031
  16.3953           496.416       9.942
  16.4953           521.527      10.022
  16.5953           512.889       9.849
  16.6953           498.086       9.755
  16.7953           510.567       9.840
  16.8953           493.259       9.681
  16.9953           493.921       9.653
  17.0953           504.809       9.782
  17.1953           512.424       9.842
  17.2953           499.571       9.688
  17.3953           501.283       9.740
  17.4953           493.508       9.654
  17.5953           513.855       9.786
  17.6953           500.219       9.735
  17.7953           514.269       9.850
  17.8953           489.786       9.572
  17.9953           501.368       9.697
  18.0953           479.729       9.519
  18.1953           489.440       9.595
  18.2953           507.586       9.776
  18.3953           492.960       9.612
  18.4953           494.209       9.674
  18.5953           490.321       9.576
  18.6953           517.168       9.860
  18.7953           488.417       9.616
  18.8953           498.533       9.706
  18.9953           516.421       9.848
  19.0953           501.704       9.757
  19.1953           491.959       9.659
  19.2953           508.214       9.832
  19.3953           495.131       9.703
  19.4953           473.828       9.717
  19.5953           475.561       9.651
  19.6953           476.910       9.531
  19.7953           480.075       9.552
  19.8953           484.293       9.572
  19.9953           475.063       9.469
  20.0953           485.228       9.560
  20.1953           481.595       9.364
  20.2953           492.962      10.004
  20.3953           495.060       9.577
  20.4953           484.523       9.307
  20.5953           503.210       9.855
  20.6953           502.946       9.676
  20.7953           505.451       9.731
  20.8953           511.284       9.780
  20.9953           539.735      10.096
  21.0953           548.947      10.114
  21.1953           556.265      10.212
  21.2953           563.660      10.267
  21.3953           544.609      10.117
  21.4953           527.595       9.949
  21.5953           496.292       9.635
  21.6953           491.231       9.641
  21.7953           498.184       9.621
  21.8953           478.720       9.501
  21.9953           503.466       9.709
  22.0953           521.178       9.908
  22.1953           532.327      10.046
  22.2953           503.942       9.744
  22.3953           498.335       9.727
  22.4953           476.231       9.508
  22.5953           479.149       9.560
  22.6953           467.348       9.612
  22.7953           481.449       9.729
  22.8953           475.702       9.518
  22.9953           482.165       9.511
  23.0953           477.275       9.492
  23.1953           477.399       9.487
  23.2953           473.826       9.411
  23.3953           467.836       9.368
  23.4953           449.028       9.210
  23.5953           460.016       9.217
  23.6953           484.940       9.521
  23.7953           443.788       9.101
  23.8953           465.807       9.322
  23.9953           454.067       9.175
  24.0953           456.364       9.239
  24.1953           467.207       9.344
  24.2953           474.119       9.361
  24.3953           472.805       9.391
  24.4953           472.252       9.359
  24.5953           465.182       9.358
  24.6953           484.888       9.468
  24.7953           485.114       9.476
  24.8953           507.452       9.760
  24.9953           503.216       9.659
  25.0953           567.481      10.281
  25.1953           543.895      10.079
  25.2953           513.333       9.803
  25.3953           515.891       9.818
  25.4953           480.118       9.489
  25.5953           451.604       9.211
  25.6953           467.035       9.352
  25.7953           466.995       9.446
  25.8953           438.310       9.249
  25.9953           454.831       9.441
  26.0953           460.366       9.335
  26.1953           472.338       9.415
  26.2953           460.099       9.267
  26.3953           464.790       9.365
  26.4953           480.373       9.452
  26.5953           470.028       9.341
  26.6953           481.319       9.502
  26.7953           480.921       9.463
  26.8953           514.125       9.792
  26.9953           514.785       9.755
  27.0953           507.651       9.746
  27.1953           510.190       9.727
  27.2953           512.242       9.765
  27.3953           537.385      10.008
  27.4953           576.232      10.346
  27.5953           602.582      10.577
  27.6953           684.605      11.321
  27.7953           794.736      12.141
  27.8953           908.940      13.031
  27.9953           889.796      12.800
  28.0953           835.212      12.513
  28.1953           684.879      11.310
  28.2953           564.720      10.224
  28.3953           511.097       9.794
  28.4953           471.685       9.366
  28.5953           456.450       9.237
  28.6953           465.267       9.354
  28.7953           483.465       9.542
  28.8953           514.395       9.852
  28.9953           519.013       9.877
  29.0953           559.106      10.438
  29.1953           565.284      10.474
  29.2953           585.326      10.597
  29.3953           543.770      10.127
  29.4953           510.635       9.811
  29.5953           492.994       9.602
  29.6953           456.663       9.230
  29.7953           435.878       9.051
  29.8953           449.459       9.194
  29.9953           431.340       8.959
  30.0953           442.302       9.101
  30.1953           446.192       9.136
  30.2953           429.853       8.969
  30.3953           465.093       9.291
  30.4953           452.363       9.220
  30.5953           449.831       9.178
  30.6953           451.670       9.181
  30.7953           460.888       9.259
  30.8953           482.526       9.491
  30.9953           514.021       9.831
  31.0953           507.246       9.705
  31.1953           528.667       9.936
  31.2953           508.856       9.778
  31.3953           506.512       9.719
  31.4953           463.488       9.311
  31.5953           463.278       9.310
  31.6953           452.160       9.239
  31.7953           429.250       8.958
  31.8953           439.949       9.107
  31.9953           421.641       8.885
  32.0953           429.567       9.008
  32.1953           418.732       8.938
  32.2953           440.854       9.300
  32.3953           426.450       9.098
  32.4953           413.127       8.842
  32.5953           415.895       8.825
  32.6953           416.219       8.832
  32.7953           445.524       9.102
  32.8953           426.197       8.941
  32.9953           428.165       8.899
  33.0953           418.336       8.865
  33.1953           428.670       8.900
  33.2953           420.754       8.862
  33.3953           421.587       8.820
  33.4953           398.377       8.604
  33.5953           409.646       8.696
  33.6953           433.460       8.951
  33.7953           413.875       8.802
  33.8953           420.789       8.795
  33.9953           429.395       8.911
  34.0953           428.910       8.922
  34.1953           424.310       8.875
  34.2953           432.430       8.972
  34.3953           445.390       9.000
  34.4953           452.005       9.227
  34.5953           418.382       8.758
  34.6953           437.011       9.048
  34.7953           446.689       9.112
  34.8953           452.028       9.160
  34.9953           446.921       9.102
  35.0953           458.090       9.268
  35.1953           440.084       9.061
  35.2953           450.718       9.202
  35.3953           444.659       9.214
  35.4953           436.962       9.210
  35.5953           438.832       9.237
  35.6953           470.029       9.456
  35.7953           454.232       9.205
  35.8953           454.445       9.232
  35.9953           460.974       9.251
  36.0953           494.697       9.612
  36.1953           513.130       9.758
  36.2953           518.678       9.866
  36.3953           521.359       9.828
  36.4953           544.542      10.086
  36.5953           533.181       9.906
  36.6953           519.564       9.838
  36.7953           489.693       9.502
  36.8953           453.784       9.183
  36.9953           456.101       9.205
  37.0953           449.545       9.121
  37.1953           432.021       8.916
  37.2953           437.415       9.031
  37.3953           436.819       8.986
  37.4953           425.066       8.854
  37.5953           439.809       9.048
  37.6953           437.206       9.000
  37.7953           458.906       9.241
  37.8953           441.090       9.024
  37.9953           450.486       9.154
  38.0953           451.045       9.165
  38.1953           438.947       9.051
  38.2953           436.599       8.995
  38.3953           429.537       8.976
  38.4953           448.389       9.119
  38.5953           466.073       9.418
  38.6953           434.556       9.194
  38.7953           451.176       9.379
  38.8953           463.575       9.366
  38.9953           469.983       9.417
  39.0953           490.338       9.585
  39.1953           552.320      10.128
  39.2953           623.971      10.793
  39.3953           654.645      11.023
  39.4953           647.190      10.998
  39.5953           610.946      10.630
  39.6953           538.727      10.009
  39.7953           479.380       9.416
  39.8953           451.885       9.171
  39.9953           471.213       9.320
  40.0953           442.991       9.061
  40.1953           464.564       9.319
  40.2953           455.554       9.168
  40.3953           444.277       9.061
  40.4953           444.562       9.103
  40.5953           454.211       9.182
  40.6953           449.658       9.124
  40.7953           438.271       9.031
  40.8953           452.540       9.184
  40.9953           458.553       9.223
  41.0953           463.098       9.249
  41.1953           458.195       9.272
  41.2953           438.877       9.036
  41.3953           461.732       9.272
  41.4953           453.460       9.233
  41.5953           459.721       9.265
  41.6953           460.737       9.280
  41.7953           463.526       9.417
  41.8953           480.746       9.840
  41.9953           472.976       9.317
  42.0953           497.604       9.881
  42.1953           545.120      10.093
  42.2953           658.175      11.184
  42.3953           780.435      12.067
  42.4953           910.644      13.088
  42.5953           935.638      13.138
  42.6953           887.799      12.951
  42.7953           826.221      12.404
  42.8953           715.833      11.508
  42.9953           584.155      10.477
  43.0953           516.560       9.780
  43.1953           510.167       9.721
  43.2953           511.535       9.788
  43.3953           521.817       9.818
  43.4953           608.185      10.644
  43.5953           645.441      10.951
  43.6953           620.030      10.701
  43.7953           589.927      10.471
  43.8953           528.003       9.924
  43.9953           482.983       9.443
  44.0953           485.133       9.487
  44.1953           473.319       9.431
  44.2953           485.216       9.476
  44.3953           516.186       9.838
  44.4953           566.758      10.274
  44.5953           646.276      10.927
  44.6953           759.827      11.974
  44.7953           787.067      12.146
  44.8953           732.133      11.722
  44.9953           646.059      11.080
  45.0953           526.325      10.150
  45.1953           474.659       9.592
  45.2953           456.742       9.269
  45.3953           447.438       9.137
  45.4953           448.961       9.123
  45.5953           457.542       9.236
  45.6953           448.019       9.105
  45.7953           465.500       9.273
  45.8953           513.005       9.767
  45.9953           602.727      10.532
  46.0953           728.092      11.570
  46.1953           863.938      12.626
  46.2953           934.416      13.139
  46.3953           865.447      12.606
  46.4953           707.066      11.421
  46.5953           571.846      10.264
  46.6953           474.580       9.345
  46.7953           456.726       9.186
  46.8953           436.882       8.963
  46.9953           461.721       9.194
  47.0953           462.839       9.248
  47.1953           492.942       9.531
  47.2953           514.182       9.743
  47.3953           587.155      10.396
  47.4953           601.096      10.542
  47.5953           648.122      10.906
  47.6953           589.928      10.466
  47.7953           556.522      10.135
  47.8953           499.919       9.632
  47.9953           484.613       9.510
  48.0953           528.742       9.880
  48.1953           601.546      10.698
  48.2953           800.894      12.452
  48.3953          1151.481      14.980
  48.4953          1804.778      18.394
  48.5953          2702.688      22.477
  48.6953          3389.484      25.089
  48.7953          3568.010      25.829
  48.8953          3230.898      24.423
  48.9953          2611.499      21.994
  49.0953          1920.303      18.948
  49.1953          1194.688      14.817
  49.2953           764.733      11.882
  49.3953           560.237      10.183
  49.4953           483.307       9.446
  49.5953           459.338       9.205
  49.6953           463.873       9.226
  49.7953           483.139       9.492
  49.8953           464.939       9.218
  49.9953           459.755       9.193
  50.0953           483.217       9.469
  50.1953           460.331       9.221
  50.2953           451.709       9.128
  50.3953           478.842       9.404
  50.4953           465.156       9.266
  50.5953           479.971       9.440
  50.6953           475.853       9.365
  50.7953           508.130       9.714
  50.8953           519.584       9.814
  50.9953           626.693      10.787
  51.0953           724.568      11.613
  51.1953           845.691      12.551
  51.2953           819.690      12.366
  51.3953           748.365      11.809
  51.4953           619.732      11.009
  51.5953           505.937       9.882
  51.6953           467.980       9.399
  51.7953           463.707       9.291
  51.8953           489.919       9.526
  51.9953           507.840       9.675
  52.0953           506.478       9.697
  52.1953           521.192       9.825
  52.2953           510.277       9.661
  52.3953           493.728       9.555
  52.4953           514.463       9.714
  52.5953           508.648       9.656
  52.6953           511.544       9.698
  52.7953           462.758       9.209
  52.8953           453.950       9.153
  52.9953           453.960       9.099
  53.0953           446.099       9.066
  53.1953           443.696       9.010
  53.2953           445.393       9.045
  53.3953           434.848       8.938
  53.4953           453.443       9.140
  53.5953           445.388       9.017
  53.6953           444.629       9.053
  53.7953           437.406       8.977
  53.8953           439.485       8.952
  53.9953           440.203       9.029
  54.0953           441.220       9.025
  54.1953           459.296       9.193
  54.2953           460.331       9.221
  54.3953           474.968       9.402
  54.4953           514.302       9.751
  54.5953           531.985       9.990
  54.6953           565.527      10.457
  54.7953           588.789      10.695
  54.8953           543.177      10.069
  54.9953           514.743       9.805
  55.0953           493.435       9.540
  55.1953           471.039       9.350
  55.2953           484.610       9.428
  55.3953           468.282       9.301
  55.4953           486.345       9.473
  55.5953           469.068       9.262
  55.6953           448.116       9.109
  55.7953           458.123       9.186
  55.8953           447.556       9.062
  55.9953           439.196       8.974
  56.0953           432.768       8.912
  56.1953           435.752       8.953
  56.2953           441.833       9.008
  56.3953           458.835       9.155
  56.4953           432.484       8.942
  56.5953           436.572       8.970
  56.6953           451.162       9.091
  56.7953           446.149       9.052
  56.8953           446.692       9.080
  56.9953           454.113       9.104
  57.0953           461.740       9.237
  57.1953           476.964       9.368
  57.2953           455.121       9.187
  57.3953           461.766       9.252
  57.4953           440.185       8.970
  57.5953           448.444       9.156
  57.6953           440.550       9.048
  57.7953           436.956       9.035
  57.8953           430.250       9.183
  57.9953           442.796       9.195
  58.0953           438.397       9.074
  58.1953           437.351       9.014
  58.2953           442.079       9.035
  58.3953           425.590       8.901
  58.4953           420.127       8.772
  58.5953           421.023       8.829
  58.6953           426.404       8.839
  58.7953           418.768       8.772
  58.8953           423.223       8.821
  58.9953           425.686       8.888
  59.0953           425.447       8.714
  59.1953           437.801       9.014
  59.2953           449.465       9.092
  59.3953           461.599       9.197
  59.4953           461.807       9.187
  59.5953           466.197       9.234
  59.6953           450.052       9.081
  59.7953           449.935       9.135
  59.8953           437.740       8.887
  59.9953           449.321       9.107
  60.0953           439.773       9.007
  60.1953           444.918       9.014
  60.2953           457.319       9.134
  60.3953           455.395       9.176
  60.4953           428.411       8.849
  60.5953           423.831       8.824
  60.6953           437.456       8.984
  60.7953           442.208       9.034
  60.8953           469.899       9.351
  60.9953           504.244       9.729
  61.0953           526.407      10.044
  61.1953           541.238      10.216
  61.2953           499.601       9.626
  61.3953           471.217       9.311
  61.4953           450.402       9.068
  61.5953           437.108       8.964
  61.6953           448.991       9.053
  61.7953           439.184       8.954
  61.8953           449.682       9.096
  61.9953           452.982       9.065
  62.0953           452.973       9.049
  62.1953           461.919       9.225
  62.2953           467.156       9.186
  62.3953           466.961       9.209
  62.4953           461.148       9.141
  62.5953           504.489       9.632
  62.6953           496.628       9.462
  62.7953           462.556       9.169
  62.8953           453.342       9.070
  62.9953           434.132       8.880
  63.0953           420.447       8.723
  63.1953           418.375       8.701
  63.2953           433.723       8.941
  63.3953           416.084       8.661
  63.4953           427.249       8.793
  63.5953           430.445       8.881
  63.6953           413.823       8.695
  63.7953           427.578       8.792
  63.8953           432.368       8.913
  63.9953           448.644       9.038
  64.0953           522.063       9.789
  64.1953           741.786      11.711
  64.2953          1132.236      14.479
  64.3953          1814.671      19.039
  64.4953          2232.512      20.092
  64.5953          2399.376      21.181
  64.6953           916.418      12.406
  64.7953          1117.282      13.782
  64.8953           741.855      12.798
  64.9953           597.945      12.140
  65.0953           551.850      10.265
  65.1953           589.673       9.564
  65.2953           687.167      11.096
  65.3953           715.924      11.381
  65.4953           648.497      10.881
  65.5953           546.242       9.919
  65.6953           480.721       9.399
  65.7953           443.130       8.984
  65.8953           430.785       8.841
  65.9953           451.532       9.074
  66.0953           440.328       8.988
  66.1953           446.728       9.016
  66.2953           449.646       9.051
  66.3953           445.206       9.002
  66.4953           443.715       9.067
  66.5953           445.360       8.972
  66.6953           438.526       8.964
  66.7953           443.260       9.039
  66.8953           439.830       9.002
  66.9953           442.499       8.982
  67.0953           420.180       8.809
  67.1953           426.459       8.846
  67.2953           423.777       8.875
  67.3953           448.728       9.137
  67.4953           502.897       9.846
  67.5953           569.023      10.427
  67.6953           652.968      10.989
  67.7953           629.161      10.751
  67.8953           620.482      10.655
  67.9953           504.103       9.601
  68.0953           461.293       9.137
  68.1953           433.135       8.867
  68.2953           435.085       8.918
  68.3953           446.938       8.975
  68.4953           430.310       8.828
  68.5953           422.183       8.735
  68.6953           424.726       8.767
  68.7953           427.596       8.783
  68.8953           488.196       9.357
  68.9953           566.393      10.156
  69.0953           703.536      11.195
  69.1953           833.557      12.275
  69.2953           840.960      12.344
  69.3953           686.728      11.173
  69.4953           550.738       9.912
  69.5953           477.064       9.297
  69.6953           467.936       9.195
  69.7953           444.746       8.965
  69.8953           433.811       8.829
  69.9953           430.009       8.846
  70.0953           432.421       8.879
  70.1953           448.466       9.002
  70.2953           483.999       9.406
  70.3953           523.200       9.771
  70.4953           523.270       9.744
  70.5953           516.637       9.783
  70.6953           496.393       9.720
  70.7953           519.571       9.906
  70.8953           526.498       9.842
  70.9953           505.011       9.599
  71.0953           507.815       9.650
  71.1953           461.371       9.128
  71.2953           436.069       8.903
  71.3953           414.055       8.658
  71.4953           425.498       8.775
  71.5953           420.138       8.715
  71.6953           428.457       8.783
  71.7953           422.039       8.721
  71.8953           426.625       8.795
  71.9953           422.974       8.731
  72.0953           432.252       8.855
  72.1953           412.214       8.614
  72.2953           405.170       8.544
  72.3953           428.944       8.781
  72.4953           460.808       9.111
  72.5953           506.466       9.614
  72.6953           631.247      10.611
  72.7953           728.064      11.416
  72.8953           742.889      11.556
  72.9953           617.133      10.461
  73.0953           581.523      10.227
  73.1953           466.799       9.025
  73.2953           430.955       8.598
  73.3953           421.340       7.524
  73.4953           465.476      17.457
  73.5953           457.074       8.714
  73.6953           532.411       9.125
  73.7953           606.717       9.640
  73.8953           598.522      14.115
  73.9953           564.995       9.813
  74.0953           473.315       9.300
  74.1953           453.629       9.064
  74.2953           414.928       8.678
  74.3953           413.924       8.684
  74.4953           406.762       8.562
  74.5953           409.682       8.672
  74.6953           412.164       8.655
  74.7953           425.863       8.802
  74.8953           415.412       8.643
  74.9953           439.141       8.955
  75.0953           415.303       8.692
  75.1953           413.671       8.643
  75.2953           417.663       8.703
  75.3953           409.334       8.637
  75.4953           420.803       8.714
  75.5953           429.699       8.815
  75.6953           431.324       8.851
  75.7953           429.667       8.822
  75.8953           458.766       9.121
  75.9953           499.483       9.532
  76.0953           505.727       9.562
  76.1953           552.099      10.041
  76.2953           646.114      10.778
  76.3953           721.628      11.492
  76.4953           826.873      12.248
  76.5953           861.712      12.504
  76.6953           799.091      12.105
  76.7953           656.142      10.957
  76.8953           565.225      10.183
  76.9953           643.620      10.926
  77.0953           888.309      13.031
  77.1953          1430.404      16.556
  77.2953          1942.189      19.023
  77.3953          2028.082      19.329
  77.4953          1479.390      16.474
  77.5953           992.080      13.558
  77.6953           973.828      13.277
  77.7953          1574.398      16.976
  77.8953          2241.999      20.288
  77.9953          2428.346      21.050
  78.0953          1785.439      18.011
  78.1953          1002.478      13.563
  78.2953           572.824      10.214
  78.3953           473.732       9.292
  78.4953           430.783       8.862
  78.5953           446.256       9.036
  78.6953           440.934       8.965
  78.7953           451.120       9.068
  78.8953           439.198       8.978
  78.9953           493.335       9.496
  79.0953           556.805      10.087
  79.1953           572.326      10.209
  79.2953           546.821      10.024
  79.3953           474.967       9.304
  79.4953           443.666       8.952
  79.5953           416.612       8.765
  79.6953           412.460       8.695
  79.7953           401.676       8.568
  79.8953           419.717       8.807
  79.9953           422.257       8.818
  80.0953           411.526       8.718
  80.1953           403.662       8.685
  80.2953           419.312       9.012
  80.3953           427.519       8.997
  80.4953           409.109       8.742
  80.5953           420.925       8.786
  80.6953           418.401       8.795
  80.7953           423.502       8.796
  80.8953           423.473       8.817
  80.9953           463.501       9.170
  81.0953           456.239       9.138
  81.1953           488.306       9.418
  81.2953           479.506       9.363
  81.3953           434.074       8.853
  81.4953           436.533       8.916
  81.5953           432.224       8.863
  81.6953           442.534       8.964
  81.7953           437.242       8.933
  81.8953           429.226       8.806
  81.9953           448.861       9.012
  82.0953           451.125       9.062
  82.1953           438.901       8.959
  82.2953           458.014       9.088
  82.3953           481.253       9.343
  82.4953           474.888       9.312
  82.5953           457.071       9.111
  82.6953           443.102       8.930
  82.7953           461.196       9.220
  82.8953           440.458       8.957
  82.9953           425.750       8.801
  83.0953           432.115       8.895
  83.1953           430.487       8.890
  83.2953           487.851       9.463
  83.3953           610.334      10.626
  83.4953           791.952      12.326
  83.5953           886.227      12.989
  83.6953           762.712      11.928
  83.7953           590.784      10.395
  83.8953           497.633       9.582
  83.9953           490.163       9.479
  84.0953           494.889       9.515
  84.1953           495.039       9.497
  84.2953           585.136      10.350
  84.3953           613.552      10.515
  84.4953           562.179      10.141
  84.5953           483.897       9.382
  84.6953           420.431       8.731
  84.7953           413.750       8.661
  84.8953           406.143       8.707
  84.9953           415.914       8.499
  85.0953           422.176       8.847
  85.1953           428.864       8.806
  85.2953           415.543       8.689
  85.3953           429.071       8.853
  85.4953           419.892       8.723
  85.5953           407.853       8.581
  85.6953           401.826       8.557
  85.7953           413.574       8.667
  85.8953           407.843       8.596
  85.9953           418.074       8.781
  86.0953           424.179       8.745
  86.1953           429.149       8.885
  86.2953           431.360       8.846
  86.3953           444.759       9.034
  86.4953           436.647       9.011
  86.5953           419.902       8.771
  86.6953           417.647       8.939
  86.7953           442.988       9.219
  86.8953           608.900      10.635
  86.9953          1017.481      13.658
  87.0953          1857.607      18.452
  87.1953          2796.613      22.616
  87.2953          3022.567      23.427
  87.3953          2486.723      21.311
  87.4953          1687.951      17.565
  87.5953          1017.986      13.567
  87.6953           614.105      10.547
  87.7953           470.450       9.260
  87.8953           426.039       8.794
  87.9953           410.106       8.596
  88.0953           399.914       8.530
  88.1953           420.719       8.750
  88.2953           427.802       8.782
  88.3953           411.264       8.624
  88.4953           411.135       8.650
  88.5953           414.531       8.672
  88.6953           419.615       8.714
  88.7953           418.694       8.740
  88.8953           418.227       8.687
  88.9953           402.822       8.578
  89.0953           409.631       8.600
  89.1953           404.789       8.618
  89.2953           389.744       8.398
  89.3953           400.685       8.548
  89.4953           403.066       8.599
  89.5953           398.463       8.495
  89.6953           402.963       8.621
  89.7953           414.024       8.726
  89.8953           419.627       8.938
  89.9953           516.599       9.929
  90.0953           650.695      10.982
  90.1953           754.267      11.775
  90.2953           753.828      11.751
  90.3953           630.573      10.706
  90.4953           492.999       9.410
  90.5953           434.861       8.897
  90.6953           403.635       8.547
  90.7953           401.122       8.529
  90.8953           400.408       8.502
  90.9953           386.534       8.363
  91.0953           398.041       8.515
  91.1953           382.035       8.278
  91.2953           398.984       8.516
  91.3953           395.719       8.437
  91.4953           403.791       8.566
  91.5953           443.556       8.954
  91.6953           540.482       9.896
  91.7953           718.862      11.442
  91.8953           922.460      12.832
  91.9953           883.913      12.700
  92.0953           684.819      11.109
  92.1953           494.454       9.482
  92.2953           446.807       8.983
  92.3953           441.339       8.977
  92.4953           474.426       9.299
  92.5953           478.494       9.320
  92.6953           439.135       8.936
  92.7953           407.325       8.659
  92.8953           388.125       8.414
  92.9953           418.599       8.827
  93.0953           420.539       8.966
  93.1953           433.591       9.101
  93.2953           448.740       9.192
  93.3953           446.384       9.074
  93.4953           423.163       8.829
  93.5953           402.520       8.603
  93.6953           394.097       8.513
  93.7953           385.030       8.402
  93.8953           378.126       8.339
  93.9953           394.487       8.512
  94.0953           402.515       8.549
  94.1953           397.447       8.532
  94.2953           402.987       8.594
  94.3953           395.001       8.474
  94.4953           434.528       8.914
  94.5953           455.829       9.129
  94.6953           498.358       9.547
  94.7953           589.805      10.363
  94.8953           637.696      10.808
  94.9953           673.797      11.145
  95.0953           556.992      10.028
  95.1953           485.758       9.488
  95.2953           567.047      10.166
  95.3953           725.778      11.523
  95.4953           911.102      12.908
  95.5953           940.446      13.143
  95.6953           761.358      11.830
  95.7953           670.029      11.093
  95.8953           682.737      11.127
  95.9953           695.313      11.467
  96.0953           681.282      11.121
  96.1953           637.388      10.939
  96.2953           586.602      10.611
  96.3953           540.975      10.153
  96.4953           497.428       9.668
  96.5953           519.926       9.791
  96.6953           710.244      11.466
  96.7953          1077.804      14.140
  96.8953          1411.070      16.059
  96.9953          1386.962      15.983
  97.0953           995.812      13.548
  97.1953           677.123      11.084
  97.2953           681.042      11.190
  97.3953           702.185      11.352
  97.4953           653.585      10.946
  97.5953           669.740      11.054
  97.6953           690.880      11.246
  97.7953           651.171      10.912
  97.8953           519.634       9.735
  97.9953           434.264       8.894
  98.0953           418.297       8.751
  98.1953           441.899       9.011
  98.2953           454.485       9.068
  98.3953           520.263       9.785
  98.4953           578.384      10.322
  98.5953           630.358      10.686
  98.6953           592.250      10.400
  98.7953           534.600       9.927
  98.8953           506.348       9.654
  98.9953           539.830       9.934
  99.0953           565.286      10.221
  99.1953           534.982       9.892
  99.2953           473.821       9.400
  99.3953           445.715       9.100
  99.4953           446.871       9.292
  99.5953           429.344       9.047
  99.6953           414.451       8.798
  99.7953           394.827       8.487
  99.8953           388.899       8.438
  99.9953           397.360       8.528
 100.0953           384.712       8.369
 100.1953           396.485       8.490
 100.2953           443.874       9.004
 100.3953           467.728       9.192
 100.4953           511.704       9.643
 100.5953           509.360       9.611
 100.6953           463.266       9.167
 100.7953           420.763       8.719
 100.8953           388.593       8.394
 100.9953           388.610       8.381
 101.0953           407.575       8.594
 101.1953           412.850       8.633
 101.2953           395.659       8.472
 101.3953           388.277       8.387
 101.4953           376.398       8.255
 101.5953           384.602       8.377
 101.6953           391.708       8.420
 101.7953           352.740       7.984
 101.8953           377.743       8.303
 101.9953           396.360       8.483
 102.0953           394.213       8.474
 102.1953           375.855       8.255
 102.2953           393.238       8.485
 102.3953           389.727       8.438
 102.4953           385.835       8.364
 102.5953           384.051       8.445
 102.6953           409.328       8.822
 102.8953           647.846      11.017
 102.9953           857.534      12.559
 103.0953           905.930      12.909
 103.1953           725.312      11.555
 103.2953           524.797       9.781
 103.3953           452.922       9.111
 103.4953           430.887       8.870
 103.5953           405.349       8.563
 103.6953           418.102       8.724
 103.7953           397.380       8.511
 103.8953           406.067       8.593
 103.9953           415.199       8.692
 104.0953           405.139       8.579
 104.1953           403.518       8.591
 104.2953           396.858       8.478
 104.3953           393.973       8.467
 104.4953           389.419       8.412
 104.5953           404.607       8.585
 104.6953           382.959       8.335
 104.7953           389.634       8.431
 104.8953           377.552       8.294
 104.9953           377.726       8.314
 105.0953           376.990       8.250
 105.1953           386.488       8.442
 105.2953           383.301       8.352
 105.3953           398.711       8.553
 105.4953           414.663       8.717
 105.5953           412.907       8.695
 105.6953           438.626       8.933
 105.7953           475.489       9.414
 105.8953           569.951      10.544
 105.9953           607.042      10.526
 106.0953           680.383      11.387
 106.1953           638.798      10.807
 106.2953           647.567      10.944
 106.3953           735.495      11.557
 106.4953           770.161      11.863
 106.5953           685.758      11.173
 106.6953           550.101      10.025
 106.7953           508.008       9.580
 106.8953           557.771       9.907
 106.9953           654.212      11.325
 107.0953           693.108      11.007
 107.1953           629.414      10.654
 107.2953           532.304       9.868
 107.3953           444.658       8.951
 107.4953           389.494       8.408
 107.5953           388.533       8.385
 107.6953           384.311       8.353
 107.7953           423.484       8.783
 107.8953           527.644       9.778
 107.9953           644.477      10.844
 108.0953           668.537      11.003
 108.1953           577.561      10.276
 108.2953           471.872       9.254
 108.3953           395.669       8.504
 108.4953           368.480       8.176
 108.5953           369.644       8.220
 108.6953           392.948       8.486
 108.7953           430.426       8.877
 108.8953           501.327       9.539
 108.9953           589.488      10.515
 109.0953           678.062      11.348
 109.1953           768.758      12.098
 109.2953           778.289      12.070
 109.3953           770.967      11.882
 109.4953           656.299      10.989
 109.5953           537.786       9.983
 109.6953           455.318       9.085
 109.7953           428.825       8.874
 109.8953           411.856       8.650
 109.9953           399.968       8.539
 110.0953           397.716       8.491
 110.1953           434.996       8.889
 110.2953           540.843       9.912
 110.3953           647.779      10.836
 110.4953           624.021      10.616
 110.5953           546.370      10.015
 110.6953           434.646       8.856
 110.7953           371.041       8.209
 110.8953           387.133       8.376
 110.9953           411.364       8.657
 111.0953           507.395       9.579
 111.1953           598.134      10.417
 111.2953           619.964      10.612
 111.3953           569.223      10.189
 111.4953           470.955       9.226
 111.5953           396.987       8.538
 111.6953           381.474       8.307
 111.7953           387.890       8.458
 111.8953           383.323       8.313
 111.9953           371.771       8.313
 112.0953           367.828       8.176
 112.1953           359.080       8.193
 112.2953           353.932       8.209
 112.3953           351.879       8.174
 112.4953           345.908       7.991
 112.5953           370.239       8.201
 112.6953           403.725       8.588
 112.7953           497.206       9.487
 112.8953           669.182      11.001
 112.9953           764.499      11.739
 113.0953           772.944      11.869
 113.1953           624.331      10.609
 113.2953           482.734       9.314
 113.3953           388.728       8.403
 113.4953           347.854       7.922
 113.5953           367.428       8.163
 113.6953           352.435       7.947
 113.7953           354.737       7.994
 113.8953           362.828       8.089
 113.9953           383.580       8.296
 114.0953           419.877       8.676
 114.1953           482.218       9.408
 114.2953           506.652       9.511
 114.3953           460.633       9.120
 114.4953           429.150       8.806
 114.5953           391.666       8.392
 114.6953           361.811       8.123
 114.7953           352.722       7.913
 114.8953           336.857       7.879
 114.9953           357.875       8.028
 115.0953           352.522       8.016
 115.1953           353.452       8.010
 115.2953           346.247       7.973
 115.3953           361.745       8.140
 115.4953           387.406       8.601
 115.5953           449.898       9.201
 115.6953           543.837      10.026
 115.7953           594.118      10.385
 115.8953           642.360      10.816
 115.9953           570.046      10.204
 116.0953           504.882       9.555
 116.1953           472.717       9.267
 116.2953           412.499       8.652
 116.3953           395.625       8.456
 116.4953           392.052       8.475
 116.5953           394.497       8.358
 116.6953           424.698       8.787
 116.7953           407.836       8.569
 116.8953           375.899       8.244
 116.9953           340.071       7.845
 117.0953           344.124       7.862
 117.1953           332.102       7.757
 117.2953           337.640       7.802
 117.3953           340.343       7.843
 117.4953           360.863       8.075
 117.5953           366.961       8.133
 117.6953           352.762       7.984
 117.7953           334.376       7.778
 117.8953           337.114       7.779
 117.9953           331.145       7.825
 118.0953           331.227       7.627
 118.1953           328.857       7.790
 118.2953           344.182       7.892
 118.3953           342.879       7.908
 118.4953           365.505       8.149
 118.5953           396.661       8.559
 118.6953           437.422       9.062
 118.7953           436.788       9.154
 118.8953           469.789       9.247
 118.9953           471.057       9.296
 119.0953           444.578       8.947
 119.1953           436.785       8.920
 119.2953           469.014       9.209
 119.3953           550.847       9.976
 119.4953           686.328      11.129
 119.5953           829.296      12.255
 119.6953           788.389      11.867
 119.7953           714.125      11.376
 119.8953           584.734      10.258
 119.9953           469.871       9.180
 120.0953           391.557       8.361
 120.1953           350.754       8.096
 120.2953           334.718       7.490
 120.3953           329.679       7.823
 120.4953           325.133       7.640
 120.5953           313.637       7.545
 120.6953           319.375       7.519
 120.7953           320.074       7.608
 120.8953           312.111       7.474
 120.9953           312.135       7.500
 121.0953           317.408       7.540
 121.1953           321.433       7.623
 121.2953           320.903       7.619
 121.3953           310.476       7.475
 121.4953           314.385       7.535
 121.5953           307.796       7.541
 121.6953           315.076       7.443
 121.7953           334.981       7.983
 121.8953           356.943       8.138
 121.9953           390.624       8.600
 122.0953           428.227       8.889
 122.1953           459.214       9.126
 122.2953           483.361       9.409
 122.3953           492.133       9.452
 122.4953           502.698       9.593
 122.5953           505.120       9.568
 122.6953           481.193       9.381
 122.7953           414.846       8.658
 122.8953           365.729       8.119
 122.9953           344.882       7.941
 123.0953           322.707       7.640
 123.1953           328.373       7.689
 123.2953           349.011       7.961
 123.3953           379.503       8.279
 123.4953           406.119       8.560
 123.5953           369.672       8.171
 123.6953           362.619       8.125
 123.7953           367.489       8.154
 123.8953           335.835       7.785
 123.9953           328.664       7.706
 124.0953           317.053       7.583
 124.1953           332.401       7.762
 124.2953           341.788       7.872
 124.3953           364.220       8.138
 124.4953           375.034       8.277
 124.5953           382.931       8.325
 124.6953           388.059       8.446
 124.7953           351.225       7.919
 124.8953           338.982       7.892
 124.9953           327.759       7.788
 125.0953           322.681       7.769
 125.1953           325.195       7.848
 125.2953           314.263       7.629
 125.3953           316.016       7.653
 125.4953           324.289       7.641
 125.5953           344.641       7.900
 125.6953           385.159       8.347
 125.7953           425.077       8.730
 125.8953           455.522       9.065
 125.9953           492.787       9.409
 126.0953           479.678       9.247
 126.1953           440.227       8.898
 126.2953           388.966       8.363
 126.3953           332.863       7.699
 126.4953           322.199       7.639
 126.5953           320.354       7.561
 126.6953           311.572       7.469
 126.7953           317.747       7.536
 126.8953           315.793       7.525
 126.9953           327.257       7.686
 127.0953           378.782       8.209
 127.1953           422.124       8.684
 127.2953           442.715       8.915
 127.3953           452.353       9.060
 127.4953           436.189       8.814
 127.5953           422.775       8.727
 127.6953           373.136       8.180
 127.7953           336.827       7.814
 127.8953           328.149       7.677
 127.9953           316.482       7.594
 128.0953           321.459       7.587
 128.1953           319.586       7.686
 128.2953           310.139       7.633
 128.3953           305.206       7.585
 128.4953           308.236       7.529
 128.5953           299.400       7.380
 128.6953           304.922       7.435
 128.7953           304.679       7.440
 128.8953           300.627       7.354
 128.9953           325.106       7.680
 129.0953           332.763       7.777
 129.1953           382.572       8.276
 129.2953           408.512       8.567
 129.3953           463.803       9.169
 129.4953           485.309       9.329
 129.5953           477.982       9.271
 129.6953           448.323       8.986
 129.7953           421.664       8.736
 129.8953           387.809       8.339
 129.9953           346.676       7.908
 130.0953           348.203       7.893
 130.1953           337.367       7.802
 130.2953           326.181       7.661
 130.3953           315.943       7.533
 130.4953           304.599       7.414
 130.5953           314.667       7.531
 130.6953           313.364       7.506
 130.7953           311.890       7.516
 130.8953           314.591       7.542
 130.9953           320.950       7.612
 131.0953           334.481       7.785
 131.1953           369.802       8.204
 131.2953           395.102       8.443
 131.3953           401.329       8.603
 131.4953           407.283       8.743
 131.5953           393.925       8.654
 131.6953           385.654       8.416
 131.7953           360.274       8.084
 131.8953           371.487       8.183
 131.9953           330.705       7.763
 132.0953           330.289       7.700
 132.1953           321.041       7.640
 132.2953           316.632       7.562
 132.3953           312.572       7.476
 132.4953           296.258       7.311
 132.5953           304.160       7.373
 132.6953           298.615       7.354
 132.7953           300.562       7.322
 132.8953           309.061       7.446
 132.9953           327.110       7.663
 133.0953           322.242       7.597
 133.1953           321.864       7.475
 133.2953           320.462       7.821
 133.3953           326.823       7.550
 133.4953           338.249       7.778
 133.5953           333.727       7.738
 133.6953           337.139       7.776
 133.7953           332.250       7.735
 133.8953           357.006       7.963
 133.9953           360.216       8.075
 134.0953           353.747       7.980
 134.1953           353.300       7.950
 134.2953           362.681       8.104
 134.3953           353.072       7.993
 134.4953           346.373       7.905
 134.5953           343.611       7.948
 134.6953           334.515       7.967
 134.7953           325.429       7.788
 134.8953           322.030       7.698
 134.9953           307.155       7.428
 135.0953           319.928       7.579
 135.1953           285.968       7.185
 135.2953           294.432       7.275
 135.3953           304.132       7.385
 135.4953           295.838       7.303
 135.5953           286.469       7.142
 135.6953           299.022       7.326
 135.7953           302.845       7.341
 135.8953           301.022       7.360
 135.9953           322.830       7.597
 136.0953           322.091       7.588
 136.1953           362.361       8.068
 136.2953           398.711       8.422
 136.3953           477.258       9.243
 136.4953           582.304      10.221
 136.5953           693.946      11.167
 136.6953           750.621      11.548
 136.7953           829.589      12.193
 136.8953           803.452      12.007
 136.9953           772.641      11.715
 137.0953           712.037      11.306
 137.1953           596.286      10.367
 137.2953           475.468       9.233
 137.3953           423.737       8.708
 137.4953           400.599       8.485
 137.5953           401.283       8.503
 137.6953           467.049       9.184
 137.7953           484.889       9.389
 137.8953           532.582      10.003
 137.9953           572.700      10.363
 138.0953           530.175       9.857
 138.1953           531.031       9.742
 138.2953           517.722       9.689
 138.3953           460.917       9.081
 138.4953           437.357       8.850
 138.5953           420.945       8.678
 138.6953           378.969       8.223
 138.7953           360.888       8.002
 138.8953           333.663       7.693
 138.9953           323.134       7.595
 139.0953           299.152       7.288
 139.1953           294.477       7.202
 139.2953           298.965       7.322
 139.3953           295.068       7.208
 139.4953           281.293       7.090
 139.5953           295.965       7.202
 139.6953           278.178       7.050
 139.7953           291.276       7.212
 139.8953           289.220       7.146
 139.9953           307.736       7.392
 140.0953           338.226       7.749
 140.1953           343.575       7.841
 140.2953           393.442       8.337
 140.3953           422.943       8.712
 140.4953           448.826       8.948
 140.5953           474.510       9.209
 140.6953           490.951       9.400
 140.7953           473.804       9.209
 140.8953           473.736       9.225
 140.9953           457.805       9.163
 141.0953           437.140       9.033
 141.1953           472.793       9.401
 141.2953           462.219       9.153
 141.3953           494.033       9.380
 141.4953           507.588       9.547
 141.5953           534.500       9.747
 141.6953           518.664       9.633
 141.7953           530.648       9.745
 141.8953           500.857       9.423
 141.9953           464.563       9.045
 142.0953           463.362       9.080
 142.1953           449.251       8.948
 142.2953           406.968       8.501
 142.3953           475.480       9.135
 142.4953           468.934       9.147
 142.5953           526.504       9.668
 142.6953           549.297       9.853
 142.7953           578.238      10.101
 142.8953           623.545      10.517
 142.9953           618.812      10.478
 143.0953           594.641      10.230
 143.1953           581.979      10.168
 143.2953           529.819       9.688
 143.3953           508.171       9.492
 143.4953           483.834       9.245
 143.5953           487.973       9.304
 143.6953           493.804       9.422
 143.7953           494.659       9.486
 143.8953           510.700       9.208
 143.9953           500.752       9.625
 144.0953           473.751       9.167
 144.1953           458.049       9.143
 144.2953           432.142       8.926
 144.3953           423.148       8.909
 144.4953           393.922       8.480
 144.5953           355.620       7.984
 144.6953           338.562       7.773
 144.7953           311.399       7.465
 144.8953           313.757       7.468
 144.9953           323.221       7.587
 145.0953           302.005       7.320
 145.1953           294.812       7.253
 145.2953           282.832       7.055
 145.3953           275.825       7.004
 145.4953           295.018       7.237
 145.5953           278.402       6.485
 145.6953           318.845       9.155
 145.7953           284.288       6.574
 145.8953           295.033       7.220
 145.9953           317.453       7.485
 146.0953           310.764       7.420
 146.1953           342.727       7.801
 146.2953           338.435       7.746
 146.3953           348.104       7.794
 146.4953           344.872       7.864
 146.5953           364.857       8.031
 146.6953           352.431       7.896
 146.7953           371.423       8.152
 146.8953           378.770       8.205
 146.9953           402.508       8.472
 147.0953           385.917       8.296
 147.1953           386.428       8.303
 147.2953           384.139       8.283
 147.3953           389.845       8.400
 147.4953           367.822       8.296
 147.5953           386.643       8.468
 147.6953           368.950       8.207
 147.7953           373.180       8.155
 147.8953           345.108       7.886
 147.9953           317.369       7.497
 148.0953           317.423       7.547
 148.1953           311.555       7.416
 148.2953           301.593       7.363
 148.3953           296.079       7.241
 148.4953           273.512       7.062
 148.5953           280.746       6.839
 148.6953           276.763       7.139
 148.7953           278.092       7.216
 148.8953           289.182       6.779
 148.9953           283.895       7.106
 149.0953           286.865       7.268
 149.1953           293.884       7.057
 149.2953           305.857       7.293
 149.3953           316.009       7.457
 149.4953           317.062       7.396
 149.5953           318.772       7.377
 149.6953           322.052       7.688
 149.7953           331.870       7.650
 149.8953           328.368       7.372
 149.9953           325.073       7.971
 150.0953           332.810       7.189
 150.1953           313.575       8.218
 150.2953           306.046       7.001
 150.3953           318.631       7.584
 150.4953           293.131       7.230
 150.5953           299.806       7.347
 150.6953           281.815       6.557
 150.7953             0.000       0.000
 150.8953             0.000       0.000
