XYDATA  Co2SiO4 8mmV 1.87A HiRes FullBeam 500K CF ROC 
INTER        1       1       0     0.100000
TEMP       99.5650      99.0700      99.0010
! d20 23-Apr-08 09:22:09 User Sazono   L.C.Hansen  Run 594842*d20_2008_04_5880
! d20 23-Apr-08 09:22:09 User Sazono   L.C.Hansen  Run 594842*d20_2008_04_5880
! Monitor/counts, Counting time/sec:       100000.      62.5111
   0.0953          4090.623      27.997
   0.1953          4346.224      29.330
   0.2953          4279.593      29.368
   0.3953          4212.774      28.951
   0.4953          3840.382      27.440
   0.5953          3495.564      25.969
   0.6953          3051.482      24.195
   0.7953          2635.596      22.545
   0.8953          2293.665      20.964
   0.9953          1994.101      19.596
   1.0953          1621.327      17.615
   1.1953          1351.115      16.048
   1.2953          1034.474      14.068
   1.3953           766.729      12.100
   1.4953           565.490      10.385
   1.5953           430.353       9.037
   1.6953           365.132       8.368
   1.7953           350.647       8.195
   1.8953           320.238       7.801
   1.9953           317.314       7.769
   2.0953           304.331       7.630
   2.1953           310.014       7.695
   2.2953           282.817       7.327
   2.3953           279.257       7.294
   2.4953           275.440       7.274
   2.5953           270.486       7.135
   2.6953           272.467       7.256
   2.7953           264.729       7.098
   2.8953           238.255       6.761
   2.9953           240.845       6.790
   3.0953           240.194       6.794
   3.1953           241.797       6.812
   3.2953           246.169       6.865
   3.3953           226.848       6.649
   3.4953           241.201       6.951
   3.5953           255.247       7.148
   3.6953           240.023       6.849
   3.7953           260.579       7.092
   3.8953           260.792       7.077
   3.9953           279.765       7.334
   4.0953           308.667       7.662
   4.1953           336.141       8.068
   4.2953           380.669       8.508
   4.3953           428.619       9.030
   4.4953           478.057       9.533
   4.5953           521.645      10.011
   4.6953           571.837      10.395
   4.7953           630.809      10.954
   4.8953           673.532      11.325
   4.9953           697.787      11.559
   5.0953           709.659      11.603
   5.1953           682.002      11.371
   5.2953           704.526      11.614
   5.3953           676.906      11.348
   5.4953           708.282      11.583
   5.5953           708.706      11.624
   5.6953           681.849      11.415
   5.7953           678.932      11.398
   5.8953           673.653      11.281
   5.9953           682.125      11.458
   6.0953           715.030      11.700
   6.1953           663.321      11.300
   6.2953           680.074      11.409
   6.3953           673.464      11.350
   6.4953           681.040      11.481
   6.5953           685.383      11.487
   6.6953           672.548      11.594
   6.7953           678.489      11.655
   6.8953           658.156      11.331
   6.9953           664.726      11.265
   7.0953           636.699      11.037
   7.1953           622.092      10.943
   7.2953           646.353      11.073
   7.3953           615.414      10.876
   7.4953           634.086      10.995
   7.5953           632.831      10.958
   7.6953           630.507      10.944
   7.7953           617.882      10.842
   7.8953           609.235      10.751
   7.9953           638.586      10.960
   8.0953           594.675      10.662
   8.1953           613.466      10.781
   8.2953           610.014      10.745
   8.3953           591.490      10.589
   8.4953           595.222      10.636
   8.5953           599.028      10.641
   8.6953           583.368      10.501
   8.7953           590.295      10.563
   8.8953           572.403      10.416
   8.9953           591.127      10.585
   9.0953           583.269      10.503
   9.1953           571.837      10.442
   9.2953           583.718      10.549
   9.3953           572.332      10.391
   9.4953           576.418      10.505
   9.5953           566.569      10.382
   9.6953           567.842      10.414
   9.7953           561.490      10.454
   9.8953           560.894      10.579
   9.9953           578.145      10.727
  10.0953           554.395      10.345
  10.1953           542.806      10.164
  10.2953           575.042      10.478
  10.3953           559.685      10.308
  10.4953           553.822      10.245
  10.5953           548.852      10.180
  10.6953           541.865      10.152
  10.7953           563.337      10.271
  10.8953           557.910      10.241
  10.9953           547.228      10.139
  11.0953           555.130      10.134
  11.1953           539.770      10.049
  11.2953           522.378      10.475
  11.3953           535.035       9.829
  11.4953           519.510       9.830
  11.5953           529.310       9.941
  11.6953           549.538      10.198
  11.7953           523.308       9.916
  11.8953           509.942       9.803
  11.9953           530.288       9.991
  12.0953           536.765      10.083
  12.1953           519.021       9.888
  12.2953           503.072       9.712
  12.3953           521.307       9.977
  12.4953           518.616       9.911
  12.5953           496.207       9.681
  12.6953           523.015       9.955
  12.7953           514.072       9.934
  12.8953           515.448       9.835
  12.9953           518.207       9.977
  13.0953           509.286      10.198
  13.1953           509.853       9.751
  13.2953           527.358      10.264
  13.3953           517.426       9.919
  13.4953           514.901       9.924
  13.5953           499.211       9.699
  13.6953           517.717       9.945
  13.7953           514.763       9.838
  13.8953           513.614       9.905
  13.9953           499.986       9.662
  14.0953           547.025      10.229
  14.1953           523.510       9.822
  14.2953           535.440      10.115
  14.3953           523.750       9.905
  14.4953           522.126       9.915
  14.5953           509.396       9.864
  14.6953           505.356       9.726
  14.7953           514.621       9.824
  14.8953           503.908       9.730
  14.9953           518.180       9.916
  15.0953           520.026      10.053
  15.1953           513.299       9.525
  15.2953           536.135      10.240
  15.3953           521.540       9.909
  15.4953           517.393       9.857
  15.5953           506.651       9.792
  15.6953           493.438       9.692
  15.7953           509.075       9.779
  15.8953           520.351       9.990
  15.9953           491.854       9.653
  16.0953           473.046       9.524
  16.1953           499.549       9.784
  16.2953           515.076      10.096
  16.3953           501.886      10.010
  16.4953           493.701       9.763
  16.5953           508.138       9.816
  16.6953           489.593       9.684
  16.7953           486.961       9.623
  16.8953           528.639      10.035
  16.9953           509.571       9.818
  17.0953           493.939       9.689
  17.1953           505.969       9.792
  17.2953           503.493       9.739
  17.3953           498.396       9.724
  17.4953           487.389       9.607
  17.5953           505.829       9.722
  17.6953           493.142       9.679
  17.7953           477.370       9.502
  17.8953           502.866       9.712
  17.9953           491.746       9.616
  18.0953           520.553       9.928
  18.1953           503.903       9.748
  18.2953           484.532       9.563
  18.3953           492.535       9.621
  18.4953           474.779       9.494
  18.5953           526.466       9.935
  18.6953           505.676       9.763
  18.7953           506.380       9.804
  18.8953           505.311       9.785
  18.9953           491.380       9.618
  19.0953           481.488       9.571
  19.1953           509.962       9.847
  19.2953           508.566       9.848
  19.3953           493.162       9.696
  19.4953           485.038       9.844
  19.5953           483.462       9.744
  19.6953           480.619       9.580
  19.7953           479.784       9.561
  19.8953           498.060       9.719
  19.9953           485.560       9.585
  20.0953           469.472       9.416
  20.1953           489.955       9.457
  20.2953           479.160       9.876
  20.3953           484.811       9.490
  20.4953           488.637       9.359
  20.5953           497.146       9.808
  20.6953           504.426       9.702
  20.7953           514.829       9.834
  20.8953           519.540       9.871
  20.9953           539.417      10.106
  21.0953           552.787      10.162
  21.1953           529.678       9.978
  21.2953           554.980      10.201
  21.3953           532.439      10.016
  21.4953           524.247       9.930
  21.5953           497.755       9.662
  21.6953           490.216       9.644
  21.7953           473.932       9.396
  21.8953           503.588       9.757
  21.9953           507.013       9.756
  22.0953           531.207      10.016
  22.1953           506.316       9.810
  22.2953           496.168       9.681
  22.3953           491.048       9.667
  22.4953           490.591       9.662
  22.5953           472.728       9.508
  22.6953           471.126       9.663
  22.7953           468.095       9.605
  22.8953           463.173       9.404
  22.9953           460.259       9.304
  23.0953           472.442       9.456
  23.1953           467.091       9.396
  23.2953           471.669       9.401
  23.3953           466.969       9.371
  23.4953           472.729       9.462
  23.5953           447.862       9.106
  23.6953           466.686       9.352
  23.7953           459.716       9.274
  23.8953           475.985       9.435
  23.9953           468.995       9.337
  24.0953           460.351       9.291
  24.1953           474.593       9.430
  24.2953           459.209       9.225
  24.3953           471.775       9.392
  24.4953           468.071       9.330
  24.5953           469.587       9.414
  24.6953           472.785       9.361
  24.7953           491.187       9.547
  24.8953           508.002       9.778
  24.9953           532.775       9.952
  25.0953           534.758       9.992
  25.1953           543.982      10.093
  25.2953           527.232       9.948
  25.3953           496.041       9.640
  25.4953           475.897       9.459
  25.5953           457.663       9.284
  25.6953           466.169       9.355
  25.7953           458.804       9.375
  25.8953           477.997       9.671
  25.9953           463.665       9.544
  26.0953           447.119       9.212
  26.1953           480.328       9.506
  26.2953           453.232       9.209
  26.3953           464.280       9.372
  26.4953           482.353       9.483
  26.5953           474.215       9.395
  26.6953           491.586       9.615
  26.7953           478.609       9.452
  26.8953           497.866       9.648
  26.9953           495.716       9.585
  27.0953           492.253       9.610
  27.1953           498.481       9.627
  27.2953           507.957       9.736
  27.3953           546.057      10.102
  27.4953           558.896      10.202
  27.5953           620.142      10.743
  27.6953           688.617      11.369
  27.7953           817.051      12.326
  27.8953           893.103      12.934
  27.9953           910.363      12.964
  28.0953           831.154      12.499
  28.1953           711.362      11.541
  28.2953           572.668      10.309
  28.3953           489.821       9.601
  28.4953           459.652       9.258
  28.5953           457.997       9.264
  28.6953           468.160       9.395
  28.7953           475.641       9.477
  28.8953           509.471       9.818
  28.9953           526.945       9.965
  29.0953           571.097      10.563
  29.1953           586.782      10.685
  29.2953           582.982      10.589
  29.3953           544.222      10.144
  29.4953           508.734       9.805
  29.5953           481.318       9.500
  29.6953           468.314       9.359
  29.7953           450.949       9.218
  29.8953           451.745       9.229
  29.9953           431.142       8.969
  30.0953           449.824       9.190
  30.1953           449.027       9.177
  30.2953           443.909       9.126
  30.3953           456.237       9.214
  30.4953           438.069       9.085
  30.5953           464.323       9.337
  30.6953           464.062       9.319
  30.7953           463.192       9.294
  30.8953           488.821       9.565
  30.9953           494.600       9.655
  31.0953           543.371      10.057
  31.1953           549.503      10.143
  31.2953           507.714       9.780
  31.3953           507.065       9.737
  31.4953           502.574       9.708
  31.5953           454.147       9.230
  31.6953           434.386       9.067
  31.7953           430.541       8.983
  31.8953           407.238       8.773
  31.9953           440.377       9.092
  32.0953           434.460       9.071
  32.1953           434.350       9.114
  32.2953           440.806       9.312
  32.3953           440.396       9.258
  32.4953           418.555       8.911
  32.5953           430.675       8.992
  32.6953           430.635       8.995
  32.7953           434.174       8.997
  32.8953           432.936       9.023
  32.9953           425.555       8.883
  33.0953           429.585       8.995
  33.1953           430.698       8.932
  33.2953           412.660       8.788
  33.3953           423.596       8.852
  33.4953           412.447       8.766
  33.5953           432.919       8.951
  33.6953           425.118       8.876
  33.7953           426.955       8.951
  33.8953           420.027       8.798
  33.9953           444.595       9.079
  34.0953           416.237       8.801
  34.1953           438.060       9.029
  34.2953           424.392       8.900
  34.3953           437.414       8.931
  34.4953           435.221       9.065
  34.5953           433.985       8.932
  34.6953           434.001       9.028
  34.7953           440.379       9.059
  34.8953           447.045       9.121
  34.9953           463.501       9.281
  35.0953           451.556       9.214
  35.1953           450.945       9.184
  35.2953           440.946       9.113
  35.3953           443.887       9.218
  35.4953           447.431       9.332
  35.5953           438.204       9.242
  35.6953           459.026       9.356
  35.7953           460.451       9.280
  35.8953           462.009       9.321
  35.9953           465.324       9.306
  36.0953           480.984       9.490
  36.1953           498.628       9.632
  36.2953           514.553       9.839
  36.3953           544.067      10.053
  36.4953           539.384      10.051
  36.5953           524.214       9.835
  36.6953           529.307       9.943
  36.7953           494.650       9.562
  36.8953           469.674       9.354
  36.9953           444.043       9.094
  37.0953           446.617       9.103
  37.1953           437.929       8.988
  37.2953           460.793       9.281
  37.3953           430.711       8.934
  37.4953           449.094       9.112
  37.5953           409.950       8.746
  37.6953           450.965       9.152
  37.7953           434.514       9.004
  37.8953           446.298       9.089
  37.9953           434.668       9.003
  38.0953           443.612       9.101
  38.1953           454.488       9.222
  38.2953           439.022       9.031
  38.3953           466.386       9.365
  38.4953           449.541       9.142
  38.5953           458.490       9.353
  38.6953           451.281       9.381
  38.7953           455.464       9.436
  38.8953           451.103       9.251
  38.9953           477.247       9.501
  39.0953           506.444       9.754
  39.1953           563.239      10.241
  39.2953           612.093      10.704
  39.3953           659.306      11.076
  39.4953           673.031      11.230
  39.5953           612.145      10.654
  39.6953           537.314      10.009
  39.7953           467.442       9.310
  39.8953           446.886       9.132
  39.9953           460.960       9.230
  40.0953           455.470       9.200
  40.1953           449.257       9.176
  40.2953           454.504       9.169
  40.3953           471.184       9.344
  40.4953           452.435       9.195
  40.5953           456.682       9.219
  40.6953           447.657       9.115
  40.7953           446.677       9.129
  40.8953           446.786       9.137
  40.9953           445.963       9.107
  41.0953           457.433       9.204
  41.1953           428.133       8.974
  41.2953           449.521       9.157
  41.3953           473.002       9.396
  41.4953           449.345       9.203
  41.5953           461.651       9.296
  41.6953           463.420       9.319
  41.7953           467.979       9.474
  41.8953           470.871       9.751
  41.9953           487.998       9.476
  42.0953           502.622       9.944
  42.1953           569.199      10.327
  42.2953           668.443      11.286
  42.3953           776.454      12.051
  42.4953           884.878      12.918
  42.5953           955.985      13.297
  42.6953           893.870      13.012
  42.7953           815.273      12.337
  42.8953           678.524      11.219
  42.9953           621.081      10.817
  43.0953           525.686       9.878
  43.1953           520.024       9.828
  43.2953           492.936       9.621
  43.3953           535.570       9.959
  43.4953           589.573      10.493
  43.5953           638.715      10.907
  43.6953           619.771      10.713
  43.7953           597.967      10.556
  43.8953           536.093      10.012
  43.9953           497.001       9.591
  44.0953           475.588       9.405
  44.1953           453.616       9.244
  44.2953           492.774       9.562
  44.3953           519.205       9.879
  44.4953           578.114      10.390
  44.5953           674.803      11.180
  44.6953           744.750      11.869
  44.7953           769.353      12.024
  44.8953           738.908      11.791
  44.9953           638.763      11.031
  45.0953           552.216      10.410
  45.1953           475.879       9.616
  45.2953           447.350       9.185
  45.3953           439.230       9.064
  45.4953           450.486       9.150
  45.5953           439.644       9.065
  45.6953           466.618       9.304
  45.7953           461.509       9.245
  45.8953           520.477       9.850
  45.9953           593.202      10.462
  46.0953           732.728      11.622
  46.1953           863.937      12.642
  46.2953           898.470      12.900
  46.3953           852.940      12.531
  46.4953           698.708      11.367
  46.5953           568.512      10.247
  46.6953           491.487       9.522
  46.7953           467.165       9.302
  46.8953           460.873       9.217
  46.9953           462.173       9.210
  47.0953           469.032       9.321
  47.1953           483.305       9.449
  47.2953           527.539       9.882
  47.3953           570.759      10.263
  47.4953           624.336      10.758
  47.5953           618.688      10.669
  47.6953           605.224      10.615
  47.7953           532.036       9.923
  47.8953           492.084       9.568
  47.9953           483.238       9.508
  48.0953           520.843       9.818
  48.1953           612.059      10.805
  48.2953           839.644      12.766
  48.3953          1134.704      14.889
  48.4953          1847.198      18.633
  48.5953          2719.004      22.574
  48.6953          3369.519      25.048
  48.7953          3558.057      25.826
  48.8953          3270.851      24.605
  48.9953          2638.826      22.138
  49.0953          1877.060      18.757
  49.1953          1209.736      14.929
  49.2953           794.285      12.125
  49.3953           555.552      10.153
  49.4953           491.584       9.539
  49.5953           464.404       9.268
  49.6953           484.021       9.436
  49.7953           476.339       9.437
  49.8953           499.128       9.563
  49.9953           468.865       9.296
  50.0953           479.247       9.442
  50.1953           474.483       9.374
  50.2953           452.870       9.151
  50.3953           468.774       9.316
  50.4953           484.680       9.471
  50.5953           479.901       9.452
  50.6953           463.398       9.253
  50.7953           481.496       9.468
  50.8953           522.964       9.858
  50.9953           625.696      10.793
  51.0953           719.898      11.590
  51.1953           829.931      12.450
  51.2953           834.517      12.493
  51.3953           732.722      11.700
  51.4953           613.480      10.967
  51.5953           502.978       9.866
  51.6953           470.507       9.437
  51.7953           468.820       9.354
  51.8953           488.020       9.520
  51.9953           490.103       9.517
  52.0953           496.793       9.616
  52.1953           501.913       9.654
  52.2953           517.092       9.737
  52.3953           510.204       9.726
  52.4953           500.702       9.595
  52.5953           519.883       9.774
  52.6953           507.879       9.676
  52.7953           476.263       9.355
  52.8953           454.006       9.165
  52.9953           442.687       8.997
  53.0953           437.635       8.991
  53.1953           454.562       9.132
  53.2953           433.090       8.930
  53.3953           447.574       9.079
  53.4953           445.737       9.074
  53.5953           434.450       8.917
  53.6953           427.837       8.892
  53.7953           442.226       9.038
  53.8953           434.213       8.910
  53.9953           465.853       9.300
  54.0953           451.982       9.146
  54.1953           425.964       8.865
  54.2953           460.958       9.240
  54.3953           467.789       9.343
  54.4953           502.274       9.648
  54.5953           540.689      10.084
  54.6953           600.526      10.789
  54.7953           598.679      10.798
  54.8953           555.244      10.194
  54.9953           524.495       9.910
  55.0953           487.858       9.499
  55.1953           480.626       9.457
  55.2953           481.808       9.413
  55.3953           480.787       9.436
  55.4953           467.980       9.304
  55.5953           466.605       9.249
  55.6953           459.482       9.236
  55.7953           462.071       9.238
  55.8953           454.963       9.149
  55.9953           444.371       9.039
  56.0953           461.860       9.219
  56.1953           441.853       9.027
  56.2953           448.310       9.085
  56.3953           443.709       9.014
  56.4953           465.309       9.288
  56.5953           438.248       8.998
  56.6953           461.140       9.203
  56.7953           449.322       9.096
  56.8953           442.101       9.045
  56.9953           462.054       9.195
  57.0953           477.381       9.404
  57.1953           472.468       9.336
  57.2953           473.590       9.384
  57.3953           456.445       9.210
  57.4953           441.866       8.999
  57.5953           452.596       9.210
  57.6953           433.668       8.988
  57.7953           421.403       8.884
  57.8953           462.616       9.535
  57.9953           441.827       9.197
  58.0953           431.046       9.009
  58.1953           432.325       8.974
  58.2953           432.102       8.944
  58.3953           424.256       8.899
  58.4953           412.573       8.704
  58.5953           439.004       9.027
  58.6953           426.949       8.856
  58.7953           434.772       8.950
  58.8953           439.801       9.004
  58.9953           421.010       8.850
  59.0953           440.681       8.880
  59.1953           440.787       9.056
  59.2953           446.377       9.072
  59.3953           451.574       9.108
  59.4953           469.775       9.278
  59.5953           445.566       9.039
  59.6953           441.652       9.008
  59.7953           426.351       8.904
  59.8953           445.018       8.972
  59.9953           451.032       9.136
  60.0953           446.638       9.089
  60.1953           438.551       8.961
  60.2953           441.479       8.985
  60.3953           454.525       9.179
  60.4953           438.128       8.960
  60.5953           452.744       9.132
  60.6953           434.139       8.961
  60.7953           453.525       9.161
  60.8953           456.734       9.231
  60.9953           517.402       9.868
  61.0953           520.841      10.003
  61.1953           552.491      10.335
  61.2953           510.370       9.741
  61.3953           477.779       9.388
  61.4953           448.996       9.066
  61.5953           433.622       8.939
  61.6953           436.232       8.934
  61.7953           438.482       8.958
  61.8953           431.460       8.921
  61.9953           464.699       9.193
  62.0953           459.394       9.124
  62.1953           461.258       9.231
  62.2953           461.109       9.138
  62.3953           454.681       9.099
  62.4953           492.319       9.457
  62.5953           497.669       9.579
  62.6953           485.068       9.363
  62.7953           446.427       9.019
  62.8953           434.302       8.889
  62.9953           441.988       8.972
  63.0953           423.343       8.765
  63.1953           424.169       8.772
  63.2953           429.846       8.913
  63.3953           417.695       8.689
  63.4953           419.816       8.727
  63.5953           442.579       9.017
  63.6953           438.343       8.961
  63.7953           431.034       8.839
  63.8953           434.585       8.948
  63.9953           473.355       9.296
  64.0953           550.836      10.069
  64.1953           729.972      11.632
  64.2953          1154.826      14.642
  64.3953          1798.305      18.977
  64.4953          2217.944      20.052
  64.5953          2443.225      21.401
  64.6953           930.561      12.517
  64.7953          1103.106      13.712
  64.8953           748.190      12.869
  64.9953           604.920      12.226
  65.0953           541.394      10.181
  65.1953           608.301       9.727
  65.2953           713.370      11.320
  65.3953           725.022      11.468
  65.4953           650.896      10.915
  65.5953           551.078       9.975
  65.6953           475.506       9.360
  65.7953           444.452       9.009
  65.8953           441.720       8.964
  65.9953           451.046       9.081
  66.0953           441.276       9.009
  66.1953           436.561       8.924
  66.2953           444.040       9.006
  66.3953           434.849       8.908
  66.4953           455.818       9.201
  66.5953           451.399       9.044
  66.6953           433.956       8.929
  66.7953           437.559       8.992
  66.8953           438.743       9.003
  66.9953           425.166       8.816
  67.0953           431.819       8.942
  67.1953           449.089       9.090
  67.2953           426.358       8.913
  67.3953           451.001       9.172
  67.4953           499.936       9.829
  67.5953           555.921      10.320
  67.6953           639.439      10.888
  67.7953           692.861      11.296
  67.8953           600.423      10.495
  67.9953           517.868       9.743
  68.0953           453.585       9.072
  68.1953           441.531       8.964
  68.2953           424.835       8.824
  68.3953           431.999       8.835
  68.4953           436.684       8.904
  68.5953           441.395       8.943
  68.6953           446.691       9.002
  68.7953           444.257       8.964
  68.8953           479.377       9.284
  68.9953           576.251      10.258
  69.0953           727.319      11.398
  69.1953           824.822      12.227
  69.2953           813.685      12.158
  69.3953           696.331      11.265
  69.4953           559.847      10.007
  69.5953           467.750       9.218
  69.6953           463.521       9.163
  69.7953           439.545       8.924
  69.8953           430.059       8.802
  69.9953           440.788       8.968
  70.0953           433.715       8.903
  70.1953           462.304       9.151
  70.2953           505.041       9.620
  70.3953           547.606      10.010
  70.4953           526.798       9.789
  70.5953           523.353       9.859
  70.6953           498.623       9.754
  70.7953           501.964       9.749
  70.8953           539.106       9.971
  70.9953           532.109       9.866
  71.0953           491.279       9.504
  71.1953           453.501       9.061
  71.2953           443.206       8.987
  71.3953           434.913       8.885
  71.4953           444.381       8.980
  71.5953           448.779       9.019
  71.6953           429.197       8.801
  71.7953           424.750       8.760
  71.8953           408.263       8.615
  71.9953           422.976       8.742
  72.0953           449.555       9.042
  72.1953           446.494       8.977
  72.2953           425.545       8.767
  72.3953           415.261       8.651
  72.4953           477.350       9.285
  72.5953           520.764       9.762
  72.6953           644.139      10.733
  72.7953           712.162      11.306
  72.8953           727.854      11.453
  72.9953           610.183      10.416
  73.0953           594.201      10.352
  73.1953           473.774       9.104
  73.2953           432.063       8.621
  73.3953           421.614       7.536
  73.4953           444.981      17.089
  73.5953           446.251       8.622
  73.6953           534.563       9.156
  73.7953           588.461       9.506
  73.8953           598.390      14.132
  73.9953           570.549       9.874
  74.0953           471.049       9.290
  74.1953           436.450       8.902
  74.2953           411.443       8.653
  74.3953           408.592       8.639
  74.4953           423.715       8.750
  74.5953           426.936       8.864
  74.6953           423.796       8.787
  74.7953           428.053       8.836
  74.8953           444.437       8.952
  74.9953           436.789       8.942
  75.0953           439.725       8.955
  75.1953           403.867       8.550
  75.2953           395.816       8.483
  75.3953           400.880       8.558
  75.4953           409.215       8.604
  75.5953           411.031       8.633
  75.6953           424.600       8.793
  75.7953           434.405       8.882
  75.8953           456.853       9.113
  75.9953           480.335       9.359
  76.0953           506.120       9.578
  76.1953           564.507      10.167
  76.2953           641.104      10.749
  76.3953           732.292      11.592
  76.4953           833.727      12.314
  76.5953           888.855      12.716
  76.6953           813.096      12.226
  76.7953           653.241      10.947
  76.8953           554.719      10.101
  76.9953           610.490      10.655
  77.0953           900.943      13.140
  77.1953          1485.187      16.891
  77.2953          1989.213      19.276
  77.3953          2013.898      19.286
  77.4953          1487.790      16.542
  77.5953           972.890      13.444
  77.6953          1028.242      13.660
  77.7953          1611.114      17.195
  77.8953          2324.336      20.684
  77.9953          2424.340      21.060
  78.0953          1731.914      17.762
  78.1953           973.221      13.381
  78.2953           553.655      10.055
  78.3953           456.851       9.137
  78.4953           449.443       9.063
  78.5953           434.190       8.924
  78.6953           457.973       9.148
  78.7953           450.268       9.071
  78.8953           472.909       9.328
  78.9953           494.053       9.515
  79.0953           567.949      10.201
  79.1953           576.719      10.261
  79.2953           548.410      10.051
  79.3953           488.983       9.453
  79.4953           432.123       8.847
  79.5953           423.417       8.848
  79.6953           428.781       8.877
  79.7953           428.920       8.865
  79.8953           416.346       8.783
  79.9953           430.360       8.914
  80.0953           413.509       8.751
  80.1953           420.445       8.876
  80.2953           404.266       8.860
  80.3953           436.214       9.100
  80.4953           418.592       8.854
  80.5953           412.072       8.705
  80.6953           410.945       8.728
  80.7953           413.779       8.706
  80.8953           415.908       8.749
  80.9953           444.132       8.988
  81.0953           475.766       9.343
  81.1953           493.023       9.476
  81.2953           474.688       9.327
  81.3953           430.843       8.831
  81.4953           422.311       8.781
  81.5953           447.008       9.025
  81.6953           457.695       9.128
  81.7953           451.177       9.086
  81.8953           445.911       8.987
  81.9953           445.841       8.993
  82.0953           444.250       9.005
  82.1953           438.744       8.969
  82.2953           474.563       9.263
  82.3953           462.476       9.171
  82.4953           475.925       9.334
  82.5953           468.810       9.239
  82.6953           455.252       9.063
  82.7953           444.633       9.065
  82.8953           440.494       8.969
  82.9953           434.326       8.901
  83.0953           413.208       8.709
  83.1953           431.041       8.907
  83.2953           493.339       9.528
  83.3953           639.547      10.892
  83.4953           816.112      12.529
  83.5953           873.995      12.916
  83.6953           763.550      11.949
  83.7953           605.876      10.541
  83.8953           519.453       9.803
  83.9953           493.077       9.519
  84.0953           482.031       9.403
  84.1953           503.986       9.595
  84.2953           563.137      10.167
  84.3953           619.285      10.577
  84.4953           585.640      10.364
  84.5953           478.572       9.343
  84.6953           430.603       8.847
  84.7953           424.087       8.780
  84.8953           421.040       8.876
  84.9953           431.614       8.669
  85.0953           438.882       9.032
  85.1953           435.406       8.884
  85.2953           418.069       8.727
  85.3953           404.707       8.609
  85.4953           401.522       8.541
  85.5953           411.617       8.632
  85.6953           403.590       8.587
  85.7953           416.459       8.708
  85.8953           420.522       8.740
  85.9953           420.443       8.817
  86.0953           417.133       8.683
  86.1953           427.115       8.875
  86.2953           435.198       8.896
  86.3953           448.662       9.085
  86.4953           431.055       8.965
  86.5953           419.327       8.776
  86.6953           441.556       9.203
  86.7953           460.291       9.409
  86.8953           603.386      10.600
  86.9953          1040.134      13.827
  87.0953          1905.568      18.713
  87.1953          2853.494      22.874
  87.2953          3069.110      23.637
  87.3953          2479.196      21.306
  87.4953          1678.177      17.536
  87.5953          1010.630      13.535
  87.6953           597.698      10.419
  87.7953           463.798       9.206
  87.8953           430.047       8.847
  87.9953           414.232       8.651
  88.0953           413.533       8.685
  88.1953           421.070       8.765
  88.2953           419.137       8.704
  88.3953           433.000       8.861
  88.4953           426.613       8.823
  88.5953           419.053       8.730
  88.6953           410.711       8.632
  88.7953           411.719       8.678
  88.8953           412.063       8.633
  88.9953           405.140       8.614
  89.0953           393.482       8.439
  89.1953           404.909       8.631
  89.2953           412.343       8.649
  89.3953           405.556       8.611
  89.4953           390.853       8.479
  89.5953           423.104       8.765
  89.6953           413.617       8.745
  89.7953           421.176       8.813
  89.8953           439.993       9.165
  89.9953           521.946       9.993
  90.0953           645.677      10.953
  90.1953           769.663      11.910
  90.2953           771.012      11.900
  90.3953           634.928      10.757
  90.4953           518.762       9.665
  90.5953           436.709       8.927
  90.6953           403.220       8.554
  90.7953           399.425       8.522
  90.8953           375.000       8.238
  90.9953           393.336       8.448
  91.0953           394.313       8.486
  91.1953           388.774       8.361
  91.2953           388.341       8.412
  91.3953           400.525       8.499
  91.4953           403.552       8.575
  91.5953           442.520       8.955
  91.6953           554.409      10.035
  91.7953           721.257      11.476
  91.8953           906.574      12.737
  91.9953           912.900      12.923
  92.0953           683.687      11.114
  92.1953           508.310       9.627
  92.2953           454.838       9.075
  92.3953           441.923       8.995
  92.4953           462.666       9.195
  92.5953           454.964       9.099
  92.6953           442.816       8.985
  92.7953           409.110       8.689
  92.8953           406.868       8.626
  92.9953           404.179       8.684
  93.0953           415.868       8.927
  93.1953           431.640       9.092
  93.2953           439.128       9.105
  93.3953           451.601       9.139
  93.4953           431.641       8.929
  93.5953           421.999       8.820
  93.6953           401.197       8.601
  93.7953           394.111       8.512
  93.8953           401.235       8.601
  93.9953           397.342       8.553
  94.0953           381.514       8.333
  94.1953           388.915       8.451
  94.2953           389.318       8.457
  94.3953           406.773       8.610
  94.4953           419.136       8.766
  94.5953           459.751       9.180
  94.6953           496.521       9.541
  94.7953           582.372      10.311
  94.8953           662.116      11.028
  94.9953           655.562      11.007
  95.0953           564.036      10.104
  95.1953           475.667       9.401
  95.2953           556.988      10.089
  95.3953           738.284      11.637
  95.4953           931.781      13.071
  95.5953           945.257      13.194
  95.6953           763.868      11.865
  95.7953           685.381      11.234
  95.8953           679.582      11.115
  95.9953           714.926      11.642
  96.0953           679.756      11.123
  96.1953           645.239      11.020
  96.2953           574.441      10.514
  96.3953           512.744       9.897
  96.4953           480.047       9.510
  96.5953           529.398       9.892
  96.6953           735.459      11.683
  96.7953          1093.781      14.263
  96.8953          1418.178      16.120
  96.9953          1346.939      15.771
  97.0953           935.533      13.148
  97.1953           680.865      11.129
  97.2953           673.019      11.138
  97.3953           680.063      11.186
  97.4953           663.171      11.041
  97.5953           670.546      11.075
  97.6953           691.553      11.266
  97.7953           658.346      10.986
  97.8953           508.347       9.641
  97.9953           429.168       8.853
  98.0953           423.411       8.815
  98.1953           447.273       9.077
  98.2953           485.775       9.387
  98.3953           528.060       9.871
  98.4953           591.324      10.450
  98.5953           652.323      10.884
  98.6953           582.600      10.328
  98.7953           536.898       9.961
  98.8953           508.941       9.691
  98.9953           543.967       9.985
  99.0953           567.851      10.257
  99.1953           524.617       9.808
  99.2953           466.436       9.338
  99.3953           438.847       9.041
  99.4953           453.445       9.372
  99.5953           436.567       9.135
  99.6953           431.627       8.990
  99.7953           387.241       8.416
  99.8953           378.328       8.334
  99.9953           384.796       8.403
 100.0953           410.172       8.653
 100.1953           396.227       8.498
 100.2953           427.243       8.845
 100.3953           491.579       9.436
 100.4953           523.407       9.765
 100.5953           507.759       9.608
 100.6953           458.999       9.136
 100.7953           420.576       8.728
 100.8953           387.227       8.390
 100.9953           390.334       8.410
 101.0953           408.077       8.611
 101.1953           398.521       8.493
 101.2953           396.311       8.490
 101.3953           397.271       8.495
 101.4953           367.014       8.162
 101.5953           376.074       8.294
 101.6953           389.628       8.409
 101.7953           387.180       8.376
 101.8953           395.554       8.507
 101.9953           387.909       8.403
 102.0953           384.811       8.383
 102.1953           376.093       8.268
 102.2953           375.886       8.306
 102.3953           383.764       8.384
 102.4953           381.370       8.326
 102.5953           380.380       8.416
 102.6953           419.152       8.938
 102.8953           672.245      11.237
 102.9953           869.698      12.664
 103.0953           900.511      12.887
 103.1953           706.499      11.419
 103.2953           527.791       9.821
 103.3953           428.716       8.876
 103.4953           415.330       8.719
 103.5953           421.811       8.746
 103.6953           400.190       8.546
 103.7953           407.543       8.630
 103.8953           385.040       8.378
 103.9953           421.193       8.765
 104.0953           430.780       8.858
 104.1953           406.940       8.639
 104.2953           390.428       8.420
 104.3953           388.232       8.416
 104.4953           386.592       8.392
 104.5953           405.281       8.604
 104.6953           372.297       8.229
 104.7953           385.512       8.397
 104.8953           384.188       8.378
 104.9953           374.291       8.287
 105.0953           379.227       8.285
 105.1953           385.262       8.439
 105.2953           392.866       8.467
 105.3953           404.705       8.628
 105.4953           434.843       8.938
 105.5953           421.131       8.793
 105.6953           454.168       9.102
 105.7953           489.797       9.567
 105.8953           574.741      10.602
 105.9953           600.182      10.480
 106.0953           656.712      11.202
 106.1953           636.039      10.797
 106.2953           650.159      10.980
 106.3953           758.146      11.749
 106.4953           748.320      11.708
 106.5953           652.652      10.914
 106.6953           537.772       9.925
 106.7953           514.386       9.652
 106.8953           553.734       9.883
 106.9953           647.832      11.284
 107.0953           677.359      10.895
 107.1953           622.169      10.606
 107.2953           540.826       9.959
 107.3953           429.175       8.805
 107.4953           407.243       8.608
 107.5953           377.007       8.270
 107.6953           395.678       8.486
 107.7953           425.120       8.811
 107.8953           542.992       9.932
 107.9953           653.635      10.935
 108.0953           687.143      11.169
 108.1953           579.595      10.307
 108.2953           457.613       9.125
 108.3953           413.001       8.699
 108.4953           368.699       8.189
 108.5953           378.295       8.327
 108.6953           397.083       8.542
 108.7953           426.941       8.852
 108.8953           505.528       9.591
 108.9953           609.437      10.705
 109.0953           700.185      11.547
 109.1953           788.107      12.265
 109.2953           771.092      12.029
 109.3953           774.050      11.921
 109.4953           661.307      11.045
 109.5953           554.780      10.153
 109.6953           463.397       9.177
 109.7953           426.427       8.861
 109.8953           419.292       8.739
 109.9953           403.556       8.588
 110.0953           416.012       8.695
 110.1953           467.082       9.223
 110.2953           549.886      10.008
 110.3953           643.263      10.812
 110.4953           617.293      10.573
 110.5953           556.796      10.124
 110.6953           434.496       8.865
 110.7953           377.823       8.294
 110.8953           389.583       8.414
 110.9953           417.172       8.729
 111.0953           519.580       9.705
 111.1953           611.133      10.543
 111.2953           624.836      10.667
 111.3953           546.907      10.000
 111.4953           463.827       9.167
 111.5953           398.007       8.560
 111.6953           376.648       8.265
 111.7953           389.626       8.488
 111.8953           398.234       8.485
 111.9953           381.117       8.428
 112.0953           359.294       8.091
 112.1953           354.190       8.147
 112.2953           364.964       8.347
 112.3953           353.926       8.209
 112.4953           351.611       8.067
 112.5953           359.892       8.096
 112.6953           402.197       8.583
 112.7953           512.280       9.642
 112.8953           684.686      11.142
 112.9953           804.063      12.055
 113.0953           777.489      11.919
 113.1953           604.059      10.449
 113.2953           456.937       9.074
 113.3953           377.883       8.296
 113.4953           360.150       8.071
 113.5953           362.369       8.117
 113.6953           342.917       7.848
 113.7953           356.552       8.025
 113.8953           359.239       8.059
 113.9953           381.867       8.288
 114.0953           427.789       8.769
 114.1953           480.695       9.406
 114.2953           485.216       9.319
 114.3953           453.486       9.061
 114.4953           410.498       8.623
 114.5953           382.752       8.307
 114.6953           356.705       8.076
 114.7953           358.436       7.987
 114.8953           358.796       8.142
 114.9953           358.253       8.043
 115.0953           345.749       7.949
 115.1953           356.545       8.056
 115.2953           360.028       8.141
 115.3953           364.696       8.184
 115.4953           389.168       8.631
 115.5953           452.942       9.244
 115.6953           528.364       9.895
 115.7953           638.789      10.782
 115.8953           653.326      10.922
 115.9953           590.195      10.396
 116.0953           499.469       9.516
 116.1953           447.147       9.025
 116.2953           407.188       8.607
 116.3953           395.373       8.464
 116.4953           392.875       8.495
 116.5953           402.082       8.449
 116.6953           410.289       8.648
 116.7953           400.937       8.508
 116.8953           361.450       8.094
 116.9953           353.109       8.005
 117.0953           352.936       7.972
 117.1953           331.683       7.762
 117.2953           349.176       7.944
 117.3953           356.084       8.033
 117.4953           358.709       8.061
 117.5953           350.187       7.955
 117.6953           352.218       7.988
 117.7953           335.598       7.803
 117.8953           333.659       7.749
 117.9953           337.004       7.904
 118.0953           333.135       7.659
 118.1953           320.076       7.695
 118.2953           349.786       7.966
 118.3953           353.090       8.035
 118.4953           374.097       8.254
 118.5953           383.418       8.425
 118.6953           406.347       8.745
 118.7953           444.644       9.247
 118.8953           478.299       9.343
 118.9953           469.508       9.292
 119.0953           455.834       9.071
 119.1953           451.244       9.078
 119.2953           477.110       9.300
 119.3953           566.032      10.125
 119.4953           711.800      11.349
 119.5953           842.142      12.366
 119.6953           781.639      11.831
 119.7953           725.409      11.480
 119.8953           586.056      10.283
 119.9953           473.956       9.231
 120.0953           387.907       8.333
 120.1953           336.471       7.940
 120.2953           346.338       7.629
 120.3953           326.988       7.801
 120.4953           309.760       7.467
 120.5953           335.563       7.814
 120.6953           310.073       7.419
 120.7953           322.167       7.643
 120.8953           308.784       7.443
 120.9953           314.202       7.535
 121.0953           320.201       7.583
 121.1953           310.834       7.506
 121.2953           315.739       7.567
 121.3953           312.719       7.512
 121.4953           318.091       7.589
 121.5953           297.466       7.423
 121.6953           314.122       7.441
 121.7953           353.397       8.210
 121.8953           354.325       8.118
 121.9953           385.740       8.557
 122.0953           453.755       9.162
 122.1953           440.384       8.948
 122.2953           475.418       9.344
 122.3953           497.403       9.515
 122.4953           491.137       9.494
 122.5953           486.423       9.401
 122.6953           470.874       9.292
 122.7953           415.006       8.670
 122.8953           374.805       8.230
 122.9953           342.100       7.919
 123.0953           324.080       7.666
 123.1953           347.637       7.921
 123.2953           353.915       8.027
 123.3953           381.927       8.317
 123.4953           369.161       8.171
 123.5953           390.729       8.411
 123.6953           372.498       8.245
 123.7953           341.573       7.872
 123.8953           320.044       7.609
 123.9953           335.490       7.796
 124.0953           319.687       7.625
 124.1953           346.164       7.931
 124.2953           339.938       7.861
 124.3953           378.289       8.305
 124.4953           381.311       8.357
 124.5953           388.634       8.397
 124.6953           369.696       8.254
 124.7953           362.157       8.052
 124.8953           317.737       7.650
 124.9953           318.019       7.682
 125.0953           310.375       7.629
 125.1953           328.881       7.903
 125.2953           322.873       7.743
 125.3953           321.104       7.725
 125.4953           322.774       7.633
 125.5953           354.792       8.026
 125.6953           381.612       8.320
 125.7953           449.186       8.986
 125.8953           465.558       9.176
 125.9953           492.071       9.414
 126.0953           490.922       9.367
 126.1953           438.112       8.888
 126.2953           393.392       8.422
 126.3953           351.047       7.917
 126.4953           330.113       7.742
 126.5953           308.824       7.433
 126.6953           318.480       7.561
 126.7953           319.102       7.561
 126.8953           334.054       7.750
 126.9953           355.983       8.027
 127.0953           377.078       8.201
 127.1953           421.955       8.693
 127.2953           455.917       9.059
 127.3953           438.956       8.936
 127.4953           434.273       8.806
 127.5953           398.206       8.480
 127.6953           373.555       8.195
 127.7953           343.512       7.902
 127.8953           314.038       7.520
 127.9953           315.650       7.593
 128.0953           315.818       7.530
 128.1953           312.619       7.611
 128.2953           305.848       7.589
 128.3953           317.527       7.747
 128.4953           301.832       7.460
 128.5953           315.680       7.587
 128.6953           304.251       7.436
 128.7953           317.490       7.605
 128.8953           315.296       7.541
 128.9953           327.216       7.715
 129.0953           337.447       7.841
 129.1953           386.967       8.334
 129.2953           427.760       8.777
 129.3953           468.085       9.223
 129.4953           493.032       9.415
 129.5953           499.229       9.487
 129.6953           466.276       9.176
 129.7953           427.466       8.807
 129.8953           387.727       8.348
 129.9953           359.508       8.063
 130.0953           348.918       7.912
 130.1953           332.805       7.759
 130.2953           339.292       7.823
 130.3953           316.575       7.550
 130.4953           323.121       7.646
 130.5953           318.730       7.589
 130.6953           310.742       7.484
 130.7953           322.866       7.657
 130.8953           308.870       7.482
 130.9953           320.326       7.614
 131.0953           348.063       7.952
 131.1953           367.831       8.192
 131.2953           378.926       8.279
 131.3953           380.716       8.390
 131.4953           393.645       8.606
 131.5953           393.030       8.655
 131.6953           379.645       8.361
 131.7953           381.034       8.325
 131.8953           352.554       7.982
 131.9953           337.769       7.855
 132.0953           334.919       7.764
 132.1953           326.425       7.713
 132.2953           329.767       7.728
 132.3953           303.510       7.376
 132.4953           299.734       7.363
 132.5953           310.858       7.463
 132.6953           304.832       7.439
 132.7953           314.576       7.501
 132.8953           306.617       7.426
 132.9953           319.306       7.581
 133.0953           319.476       7.574
 133.1953           336.448       7.652
 133.2953           321.094       7.839
 133.3953           336.934       7.675
 133.4953           327.455       7.663
 133.5953           334.225       7.754
 133.6953           356.173       8.002
 133.7953           346.110       7.905
 133.8953           354.895       7.950
 133.9953           349.521       7.964
 134.0953           362.241       8.086
 134.1953           356.181       7.992
 134.2953           362.523       8.112
 134.3953           349.259       7.960
 134.4953           344.006       7.888
 134.5953           352.977       8.066
 134.6953           335.946       7.994
 134.7953           324.208       7.783
 134.8953           319.720       7.680
 134.9953           317.674       7.564
 135.0953           301.300       7.364
 135.1953           301.555       7.388
 135.2953           309.254       7.465
 135.3953           300.776       7.354
 135.4953           294.789       7.299
 135.5953           302.030       7.343
 135.6953           291.148       7.238
 135.7953           296.483       7.273
 135.8953           313.167       7.516
 135.9953           311.287       7.469
 136.0953           332.062       7.714
 136.1953           360.770       8.061
 136.2953           392.598       8.368
 136.3953           496.618       9.441
 136.4953           591.716      10.316
 136.5953           687.440      11.128
 136.6953           785.331      11.827
 136.7953           811.593      12.076
 136.8953           815.413      12.111
 136.9953           782.285      11.803
 137.0953           691.181      11.154
 137.1953           591.130      10.336
 137.2953           477.229       9.262
 137.3953           395.571       8.424
 137.4953           405.054       8.543
 137.5953           421.292       8.724
 137.6953           464.264       9.169
 137.7953           514.945       9.688
 137.8953           537.531      10.062
 137.9953           551.416      10.182
 138.0953           560.944      10.152
 138.1953           558.388      10.003
 138.2953           520.325       9.726
 138.3953           480.227       9.282
 138.4953           436.864       8.857
 138.5953           400.674       8.477
 138.6953           371.352       8.150
 138.7953           351.316       7.905
 138.8953           338.435       7.758
 138.9953           322.531       7.598
 139.0953           300.633       7.315
 139.1953           299.121       7.268
 139.2953           298.834       7.330
 139.3953           290.175       7.157
 139.4953           295.103       7.272
 139.5953           288.288       7.117
 139.6953           293.769       7.254
 139.7953           292.742       7.240
 139.8953           303.602       7.331
 139.9953           311.911       7.452
 140.0953           320.751       7.556
 140.1953           367.254       8.117
 140.2953           404.022       8.459
 140.3953           429.069       8.786
 140.4953           457.852       9.049
 140.5953           488.994       9.361
 140.6953           494.379       9.445
 140.7953           488.486       9.363
 140.8953           448.287       8.986
 140.9953           451.807       9.115
 141.0953           426.095       8.929
 141.1953           447.570       9.159
 141.2953           457.771       9.121
 141.3953           494.230       9.394
 141.4953           515.375       9.632
 141.5953           532.129       9.738
 141.6953           530.045       9.751
 141.7953           541.166       9.854
 141.8953           509.256       9.514
 141.9953           483.419       9.239
 142.0953           440.459       8.864
 142.1953           423.059       8.694
 142.2953           408.192       8.524
 142.3953           456.810       8.966
 142.4953           479.624       9.263
 142.5953           516.107       9.584
 142.6953           563.824       9.995
 142.7953           591.226      10.227
 142.8953           617.320      10.478
 142.9953           609.727      10.414
 143.0953           592.993      10.229
 143.1953           576.348      10.132
 143.2953           523.896       9.646
 143.3953           519.258       9.608
 143.4953           496.593       9.378
 143.5953           487.626       9.312
 143.6953           490.926       9.406
 143.7953           476.954       9.327
 143.8953           492.531       9.054
 143.9953           499.256       9.622
 144.0953           480.838       9.247
 144.1953           478.262       9.354
 144.2953           413.837       8.746
 144.3953           406.175       8.739
 144.4953           413.061       8.695
 144.5953           353.837       7.974
 144.6953           351.427       7.930
 144.7953           318.842       7.564
 144.8953           317.951       7.528
 144.9953           296.005       7.270
 145.0953           295.839       7.255
 145.1953           285.724       7.150
 145.2953           299.273       7.267
 145.3953           294.554       7.247
 145.4953           293.639       7.229
 145.5953           271.389       6.411
 145.6953           331.797       9.351
 145.7953           291.881       6.670
 145.8953           319.362       7.521
 145.9953           306.409       7.363
 146.0953           319.027       7.528
 146.1953           329.536       7.659
 146.2953           326.678       7.620
 146.3953           343.223       7.749
 146.4953           350.436       7.938
 146.5953           342.567       7.792
 146.6953           348.900       7.867
 146.7953           366.993       8.113
 146.8953           387.588       8.311
 146.9953           378.679       8.228
 147.0953           390.486       8.356
 147.1953           403.884       8.500
 147.2953           405.188       8.518
 147.3953           384.130       8.349
 147.4953           389.599       8.549
 147.5953           389.683       8.512
 147.6953           368.799       8.216
 147.7953           354.118       7.954
 147.8953           336.414       7.796
 147.9953           328.488       7.637
 148.0953           313.198       7.506
 148.1953           321.032       7.538
 148.2953           301.467       7.370
 148.3953           289.734       7.172
 148.4953           280.800       7.165
 148.5953           281.969       6.863
 148.6953           262.880       6.966
 148.7953           269.038       7.107
 148.8953           284.506       6.732
 148.9953           294.796       7.251
 149.0953           296.283       7.396
 149.1953           295.149       7.082
 149.2953           307.863       7.326
 149.3953           308.702       7.379
 149.4953           318.915       7.427
 149.5953           323.531       7.442
 149.6953           326.193       7.747
 149.7953           316.803       7.484
 149.8953           324.232       7.335
 149.9953           334.144       8.092
 150.0953           332.263       7.193
 150.1953           309.411       8.174
 150.2953           311.812       7.076
 150.3953           307.860       7.465
 150.4953           303.901       7.371
 150.5953           298.950       7.346
 150.6953           288.355       6.642
 150.7953             0.000       0.000
 150.8953             0.000       0.000
