XYDATA  Co2SiO4 8mmV 1.87A HiRes FullBeam 500K CF ROC 
INTER        1       1       0     0.100000
TEMP       51.8530      50.0020      50.0000
! d20 23-Apr-08 09:22:09 User Sazono   L.C.Hansen  Run 594842*d20_2008_04_5880
! d20 23-Apr-08 09:22:09 User Sazono   L.C.Hansen  Run 594842*d20_2008_04_5880
! Monitor/counts, Counting time/sec:       100000.      62.5111
   0.0953          4157.073      28.285
   0.1953          4301.678      29.243
   0.2953          4359.504      29.706
   0.3953          4210.875      29.008
   0.4953          3915.129      27.766
   0.5953          3473.889      25.945
   0.6953          3095.125      24.421
   0.7953          2647.354      22.645
   0.8953          2324.514      21.150
   0.9953          1960.101      19.471
   1.0953          1615.945      17.624
   1.1953          1365.660      16.170
   1.2953          1044.971      14.170
   1.3953           789.471      12.305
   1.4953           559.923      10.357
   1.5953           436.436       9.120
   1.6953           359.796       8.325
   1.7953           350.261       8.208
   1.8953           319.160       7.805
   1.9953           319.854       7.818
   2.0953           306.819       7.678
   2.1953           307.919       7.686
   2.2953           285.965       7.384
   2.3953           281.823       7.343
   2.4953           269.120       7.205
   2.5953           266.376       7.096
   2.6953           254.628       7.030
   2.7953           250.396       6.918
   2.8953           256.462       7.030
   2.9953           247.675       6.901
   3.0953           244.918       6.875
   3.1953           234.371       6.721
   3.2953           228.778       6.632
   3.3953           241.362       6.874
   3.4953           227.357       6.763
   3.5953           233.226       6.848
   3.6953           247.953       6.977
   3.7953           250.858       6.974
   3.8953           260.585       7.090
   3.9953           287.757       7.455
   4.0953           308.684       7.679
   4.1953           348.123       8.228
   4.2953           376.034       8.474
   4.3953           426.294       9.025
   4.4953           457.808       9.349
   4.5953           528.953      10.103
   4.6953           575.485      10.451
   4.7953           610.642      10.801
   4.8953           644.920      11.106
   4.9953           670.260      11.354
   5.0953           703.816      11.580
   5.1953           703.282      11.573
   5.2953           665.495      11.312
   5.3953           688.859      11.473
   5.4953           667.047      11.266
   5.5953           687.871      11.477
   5.6953           653.545      11.200
   5.7953           686.333      11.485
   5.8953           681.733      11.373
   5.9953           661.333      11.307
   6.0953           678.932      11.426
   6.1953           669.906      11.381
   6.2953           669.596      11.346
   6.3953           678.341      11.416
   6.4953           657.390      11.304
   6.5953           664.986      11.340
   6.6953           648.391      11.409
   6.7953           647.473      11.410
   6.8953           646.541      11.255
   6.9953           626.023      10.956
   7.0953           645.451      11.137
   7.1953           623.661      10.980
   7.2953           632.987      10.982
   7.3953           636.266      11.083
   7.4953           647.020      11.131
   7.5953           619.213      10.863
   7.6953           656.177      11.189
   7.7953           612.374      10.817
   7.8953           608.858      10.772
   7.9953           612.474      10.757
   8.0953           616.490      10.879
   8.1953           621.297      10.873
   8.2953           607.367      10.745
   8.3953           605.133      10.734
   8.4953           613.872      10.825
   8.5953           601.086      10.683
   8.6953           598.653      10.661
   8.7953           612.825      10.786
   8.8953           586.150      10.563
   8.9953           608.193      10.760
   9.0953           593.620      10.619
   9.1953           586.990      10.603
   9.2953           595.473      10.678
   9.3953           586.026      10.537
   9.4953           581.255      10.572
   9.5953           609.961      10.796
   9.6953           594.897      10.683
   9.7953           590.743      10.746
   9.8953           612.473      11.079
   9.9953           596.479      10.919
  10.0953           600.660      10.792
  10.1953           607.719      10.778
  10.2953           608.640      10.803
  10.3953           590.945      10.615
  10.4953           596.433      10.656
  10.5953           603.237      10.696
  10.6953           612.464      10.817
  10.7953           607.016      10.686
  10.8953           580.944      10.473
  10.9953           582.094      10.480
  11.0953           580.426      10.385
  11.1953           569.960      10.349
  11.2953           568.146      10.948
  11.3953           569.858      10.166
  11.4953           550.196      10.139
  11.5953           549.828      10.154
  11.6953           534.077      10.075
  11.7953           525.793       9.961
  11.8953           517.860       9.900
  11.9953           537.911      10.085
  12.0953           526.750      10.010
  12.1953           524.138       9.959
  12.2953           511.873       9.818
  12.3953           520.908       9.995
  12.4953           533.453      10.074
  12.5953           529.889      10.027
  12.6953           525.691      10.003
  12.7953           533.493      10.142
  12.8953           505.455       9.760
  12.9953           521.253      10.028
  13.0953           503.313      10.160
  13.1953           508.905       9.763
  13.2953           518.432      10.199
  13.3953           525.428      10.018
  13.4953           516.007       9.956
  13.5953           514.656       9.870
  13.6953           504.441       9.838
  13.7953           504.365       9.759
  13.8953           510.303       9.894
  13.9953           504.994       9.731
  14.0953           495.232       9.754
  14.1953           503.220       9.651
  14.2953           506.493       9.859
  14.3953           518.331       9.875
  14.4953           494.147       9.667
  14.5953           494.167       9.736
  14.6953           496.854       9.665
  14.7953           503.311       9.737
  14.8953           492.526       9.641
  14.9953           514.925       9.906
  15.0953           499.658       9.875
  15.1953           506.671       9.484
  15.2953           499.181       9.903
  15.3953           511.343       9.834
  15.4953           479.472       9.510
  15.5953           494.993       9.700
  15.6953           498.281       9.761
  15.7953           511.875       9.827
  15.8953           506.639       9.879
  15.9953           494.583       9.701
  16.0953           493.810       9.752
  16.1953           504.051       9.849
  16.2953           496.857       9.937
  16.3953           462.766       9.633
  16.4953           490.047       9.748
  16.5953           508.653       9.842
  16.6953           496.360       9.772
  16.7953           499.796       9.770
  16.8953           493.443       9.717
  16.9953           501.164       9.758
  17.0953           487.131       9.643
  17.1953           495.622       9.712
  17.2953           487.912       9.608
  17.3953           494.674       9.709
  17.4953           511.406       9.862
  17.5953           477.821       9.470
  17.6953           494.543       9.714
  17.7953           486.116       9.610
  17.8953           493.199       9.639
  17.9953           474.820       9.470
  18.0953           504.191       9.792
  18.1953           490.387       9.638
  18.2953           512.641       9.858
  18.3953           502.437       9.738
  18.4953           497.844       9.743
  18.5953           500.520       9.708
  18.6953           516.037       9.884
  18.7953           506.504       9.826
  18.8953           494.964       9.705
  18.9953           502.049       9.743
  19.0953           483.792       9.615
  19.1953           473.799       9.512
  19.2953           502.751       9.813
  19.3953           499.348       9.778
  19.4953           484.156       9.856
  19.5953           495.055       9.881
  19.6953           479.850       9.593
  19.7953           477.294       9.557
  19.8953           483.476       9.597
  19.9953           496.626       9.715
  20.0953           497.717       9.716
  20.1953           516.866       9.735
  20.2953           500.897      10.120
  20.3953           508.962       9.745
  20.4953           504.649       9.532
  20.5953           530.049      10.150
  20.6953           521.264       9.885
  20.7953           558.606      10.266
  20.8953           550.841      10.187
  20.9953           564.421      10.360
  21.0953           597.069      10.585
  21.1953           596.590      10.613
  21.2953           590.947      10.549
  21.3953           566.009      10.349
  21.4953           552.062      10.213
  21.5953           536.309      10.051
  21.6953           520.960       9.963
  21.7953           537.221      10.026
  21.8953           526.691      10.000
  21.9953           550.166      10.185
  22.0953           534.487      10.069
  22.1953           549.977      10.246
  22.2953           543.132      10.151
  22.3953           543.880      10.197
  22.4953           528.882      10.054
  22.5953           524.569      10.038
  22.6953           535.131      10.322
  22.7953           537.483      10.315
  22.8953           532.348      10.104
  22.9953           519.922       9.911
  23.0953           512.743       9.873
  23.1953           512.066       9.860
  23.2953           495.769       9.660
  23.3953           493.017       9.650
  23.4953           494.214       9.696
  23.5953           472.709       9.376
  23.6953           461.577       9.321
  23.7953           490.121       9.597
  23.8953           479.765       9.493
  23.9953           463.582       9.303
  24.0953           477.067       9.479
  24.1953           459.544       9.299
  24.2953           474.630       9.399
  24.3953           478.354       9.478
  24.4953           486.381       9.531
  24.5953           490.232       9.640
  24.6953           486.591       9.517
  24.7953           490.359       9.560
  24.8953           501.721       9.739
  24.9953           521.851       9.871
  25.0953           515.530       9.833
  25.1953           535.832      10.039
  25.2953           542.934      10.117
  25.3953           493.512       9.636
  25.4953           496.122       9.680
  25.5953           449.263       9.219
  25.6953           458.971       9.303
  25.7953           449.653       9.301
  25.8953           426.226       9.152
  25.9953           463.330       9.562
  26.0953           440.691       9.165
  26.1953           456.348       9.286
  26.2953           437.357       9.066
  26.3953           477.343       9.524
  26.4953           457.305       9.254
  26.5953           484.337       9.515
  26.6953           500.735       9.725
  26.7953           484.460       9.530
  26.8953           505.498       9.743
  26.9953           507.387       9.718
  27.0953           506.099       9.765
  27.1953           496.185       9.626
  27.2953           510.374       9.781
  27.3953           510.712       9.791
  27.4953           561.349      10.247
  27.5953           618.562      10.753
  27.6953           703.329      11.515
  27.7953           776.924      12.046
  27.8953           868.795      12.785
  27.9953           906.939      12.968
  28.0953           837.067      12.571
  28.1953           695.860      11.440
  28.2953           575.927      10.361
  28.3953           505.583       9.775
  28.4953           456.048       9.242
  28.5953           461.702       9.322
  28.6953           459.226       9.325
  28.7953           467.293       9.414
  28.8953           509.806       9.842
  28.9953           523.766       9.957
  29.0953           558.487      10.469
  29.1953           553.585      10.401
  29.2953           575.878      10.547
  29.3953           538.630      10.114
  29.4953           508.117       9.821
  29.5953           475.517       9.463
  29.6953           461.536       9.311
  29.7953           443.839       9.165
  29.8953           453.538       9.267
  29.9953           453.842       9.222
  30.0953           439.725       9.106
  30.1953           435.920       9.062
  30.2953           440.201       9.108
  30.3953           450.947       9.180
  30.4953           450.783       9.236
  30.5953           457.682       9.290
  30.6953           456.133       9.259
  30.7953           475.342       9.435
  30.8953           475.170       9.451
  30.9953           496.391       9.694
  31.0953           519.571       9.856
  31.1953           522.757       9.915
  31.2953           536.063      10.071
  31.3953           498.958       9.680
  31.4953           462.007       9.328
  31.5953           459.156       9.301
  31.6953           445.421       9.202
  31.7953           443.354       9.136
  31.8953           445.294       9.194
  31.9953           447.213       9.182
  32.0953           431.989       9.065
  32.1953           427.223       9.059
  32.2953           410.919       9.010
  32.3953           412.019       8.974
  32.4953           416.578       8.910
  32.5953           432.376       9.029
  32.6953           421.008       8.913
  32.7953           411.915       8.782
  32.8953           421.419       8.922
  32.9953           417.174       8.814
  33.0953           432.984       9.050
  33.1953           407.273       8.705
  33.2953           429.703       8.987
  33.3953           413.001       8.760
  33.4953           421.932       8.885
  33.5953           422.730       8.865
  33.6953           424.191       8.886
  33.7953           421.285       8.911
  33.8953           420.018       8.818
  33.9953           422.700       8.872
  34.0953           431.338       8.978
  34.1953           429.511       8.960
  34.2953           421.566       8.889
  34.3953           411.486       8.681
  34.4953           430.680       9.037
  34.5953           414.094       8.743
  34.6953           424.205       8.945
  34.7953           432.948       9.002
  34.8953           423.387       8.896
  34.9953           436.403       9.025
  35.0953           418.969       8.894
  35.1953           432.062       9.009
  35.2953           425.090       8.968
  35.3953           441.988       9.218
  35.4953           442.549       9.301
  35.5953           435.622       9.235
  35.6953           458.166       9.368
  35.7953           435.411       9.044
  35.8953           435.317       9.067
  35.9953           458.950       9.263
  36.0953           469.362       9.395
  36.1953           490.721       9.576
  36.2953           512.652       9.842
  36.3953           518.646       9.837
  36.4953           532.342      10.007
  36.5953           501.486       9.640
  36.6953           501.979       9.704
  36.7953           470.262       9.344
  36.8953           468.365       9.362
  36.9953           441.312       9.086
  37.0953           427.136       8.922
  37.1953           430.583       8.932
  37.2953           419.614       8.876
  37.3953           423.289       8.877
  37.4953           423.756       8.871
  37.5953           404.249       8.704
  37.6953           430.921       8.966
  37.7953           426.110       8.936
  37.8953           436.166       9.005
  37.9953           419.524       8.864
  38.0953           438.430       9.067
  38.1953           427.341       8.961
  38.2953           452.710       9.191
  38.3953           452.560       9.246
  38.4953           426.855       8.928
  38.5953           439.605       9.178
  38.6953           443.659       9.322
  38.7953           434.678       9.238
  38.8953           439.548       9.151
  38.9953           471.738       9.467
  39.0953           495.832       9.672
  39.1953           532.411       9.978
  39.2953           600.862      10.628
  39.3953           646.120      10.989
  39.4953           645.865      11.025
  39.5953           602.720      10.595
  39.6953           527.308       9.937
  39.7953           492.036       9.573
  39.8953           447.910       9.162
  39.9953           435.868       8.995
  40.0953           439.730       9.059
  40.1953           446.897       9.172
  40.2953           428.060       8.918
  40.3953           445.511       9.105
  40.4953           443.717       9.126
  40.5953           456.442       9.237
  40.6953           432.091       8.975
  40.7953           433.827       9.017
  40.8953           420.582       8.884
  40.9953           439.885       9.064
  41.0953           452.369       9.173
  41.1953           436.627       9.083
  41.2953           433.314       9.010
  41.3953           440.568       9.088
  41.4953           456.998       9.301
  41.5953           449.945       9.198
  41.6953           447.190       9.174
  41.7953           451.725       9.328
  41.8953           465.227       9.713
  41.9953           472.759       9.347
  42.0953           504.432       9.983
  42.1953           550.990      10.183
  42.2953           629.068      10.972
  42.3953           773.283      12.053
  42.4953           885.919      12.954
  42.5953           948.847      13.276
  42.6953           902.549      13.104
  42.7953           820.163      12.401
  42.8953           702.186      11.438
  42.9953           630.809      10.925
  43.0953           522.211       9.867
  43.1953           490.770       9.568
  43.2953           488.873       9.602
  43.3953           520.430       9.839
  43.4953           590.846      10.527
  43.5953           618.873      10.760
  43.6953           627.700      10.805
  43.7953           609.203      10.678
  43.8953           514.210       9.827
  43.9953           490.440       9.549
  44.0953           457.491       9.245
  44.1953           462.042       9.350
  44.2953           474.430       9.402
  44.3953           506.940       9.783
  44.4953           554.385      10.197
  44.5953           659.154      11.074
  44.6953           733.764      11.807
  44.7953           792.930      12.234
  44.8953           752.169      11.923
  44.9953           626.062      10.945
  45.0953           541.823      10.334
  45.1953           482.458       9.704
  45.2953           451.398       9.247
  45.3953           440.218       9.095
  45.4953           451.529       9.181
  45.5953           427.298       8.957
  45.6953           458.412       9.242
  45.7953           464.092       9.291
  45.8953           523.135       9.897
  45.9953           604.146      10.581
  46.0953           700.387      11.387
  46.1953           847.656      12.550
  46.2953           926.973      13.132
  46.3953           857.792      12.594
  46.4953           689.511      11.317
  46.5953           570.449      10.287
  46.6953           496.424       9.591
  46.7953           467.726       9.328
  46.8953           465.118       9.280
  46.9953           493.525       9.539
  47.0953           469.974       9.351
  47.1953           482.641       9.464
  47.2953           531.527       9.941
  47.3953           607.192      10.608
  47.4953           631.359      10.842
  47.5953           662.435      11.064
  47.6953           609.937      10.679
  47.7953           560.773      10.209
  47.8953           520.040       9.858
  47.9953           498.329       9.677
  48.0953           522.198       9.853
  48.1953           599.989      10.721
  48.2953           825.584      12.686
  48.3953          1134.580      14.921
  48.4953          1831.515      18.594
  48.5953          2711.733      22.593
  48.6953          3433.303      25.339
  48.7953          3644.280      26.195
  48.8953          3264.381      24.634
  48.9953          2686.034      22.384
  49.0953          1936.321      19.093
  49.1953          1254.465      15.236
  49.2953           783.080      12.066
  49.3953           570.667      10.313
  49.4953           509.920       9.736
  49.5953           493.573       9.575
  49.6953           493.538       9.550
  49.7953           491.953       9.611
  49.8953           481.618       9.415
  49.9953           502.403       9.644
  50.0953           484.715       9.517
  50.1953           478.425       9.434
  50.2953           492.390       9.563
  50.3953           489.062       9.536
  50.4953           473.790       9.384
  50.5953           478.827       9.462
  50.6953           475.827       9.397
  50.7953           506.807       9.735
  50.8953           547.852      10.113
  50.9953           598.890      10.582
  51.0953           733.180      11.722
  51.1953           847.644      12.609
  51.2953           872.750      12.804
  51.3953           746.072      11.832
  51.4953           629.370      11.133
  51.5953           522.880      10.082
  51.6953           467.818       9.430
  51.7953           474.252       9.429
  51.8953           489.601       9.556
  51.9953           500.423       9.638
  52.0953           520.480       9.864
  52.1953           515.869       9.809
  52.2953           508.306       9.675
  52.3953           516.168       9.804
  52.4953           510.104       9.706
  52.5953           520.133       9.798
  52.6953           513.627       9.752
  52.7953           484.260       9.454
  52.8953           459.530       9.241
  52.9953           453.816       9.129
  53.0953           452.178       9.160
  53.1953           444.945       9.054
  53.2953           457.748       9.201
  53.3953           454.535       9.170
  53.4953           436.928       9.004
  53.5953           448.492       9.079
  53.6953           443.642       9.075
  53.7953           444.352       9.080
  53.8953           433.546       8.923
  53.9953           451.852       9.180
  54.0953           453.035       9.177
  54.1953           440.809       9.038
  54.2953           455.909       9.209
  54.3953           484.090       9.525
  54.4953           502.243       9.669
  54.5953           528.323       9.990
  54.6953           591.086      10.728
  54.7953           583.696      10.685
  54.8953           570.278      10.353
  54.9953           518.142       9.872
  55.0953           497.059       9.609
  55.1953           485.914       9.530
  55.2953           469.695       9.314
  55.3953           486.432       9.512
  55.4953           458.138       9.226
  55.5953           462.389       9.228
  55.6953           456.835       9.229
  55.7953           459.088       9.228
  55.8953           453.078       9.150
  55.9953           444.473       9.060
  56.0953           455.382       9.174
  56.1953           461.951       9.250
  56.2953           465.076       9.274
  56.3953           442.712       9.024
  56.4953           438.478       9.036
  56.5953           455.765       9.197
  56.6953           451.538       9.126
  56.7953           431.865       8.937
  56.8953           455.941       9.206
  56.9953           481.548       9.408
  57.0953           475.567       9.407
  57.1953           461.566       9.248
  57.2953           442.039       9.086
  57.3953           457.140       9.238
  57.4953           457.064       9.173
  57.5953           446.673       9.169
  57.6953           444.743       9.122
  57.7953           439.813       9.096
  57.8953           436.408       9.281
  57.9953           455.692       9.360
  58.0953           444.480       9.169
  58.1953           424.864       8.915
  58.2953           440.137       9.047
  58.3953           436.245       9.043
  58.4953           420.841       8.810
  58.5953           407.917       8.721
  58.6953           422.546       8.830
  58.7953           440.938       9.033
  58.8953           423.580       8.855
  58.9953           421.361       8.873
  59.0953           424.098       8.730
  59.1953           446.273       9.132
  59.2953           440.184       9.029
  59.3953           442.295       9.034
  59.4953           463.368       9.234
  59.5953           447.152       9.075
  59.6953           439.713       9.008
  59.7953           438.685       9.051
  59.8953           452.606       9.068
  59.9953           436.460       9.007
  60.0953           448.227       9.125
  60.1953           455.194       9.150
  60.2953           461.241       9.205
  60.3953           453.539       9.189
  60.4953           450.913       9.110
  60.5953           440.850       9.031
  60.6953           439.576       9.037
  60.7953           439.154       9.034
  60.8953           464.550       9.330
  60.9953           501.707       9.739
  61.0953           531.233      10.125
  61.1953           528.888      10.134
  61.2953           519.895       9.853
  61.3953           496.372       9.590
  61.4953           444.713       9.042
  61.5953           435.895       8.982
  61.6953           438.514       8.977
  61.7953           432.866       8.920
  61.8953           442.065       9.050
  61.9953           438.961       8.955
  62.0953           467.601       9.226
  62.1953           456.229       9.200
  62.2953           458.219       9.130
  62.3953           459.421       9.166
  62.4953           467.647       9.237
  62.5953           496.147       9.586
  62.6953           480.841       9.342
  62.7953           463.399       9.209
  62.8953           452.845       9.097
  62.9953           415.016       8.713
  63.0953           434.864       8.903
  63.1953           426.030       8.811
  63.2953           420.033       8.830
  63.3953           423.887       8.772
  63.4953           425.486       8.805
  63.5953           429.568       8.903
  63.6953           430.143       8.896
  63.7953           436.022       8.910
  63.8953           421.868       8.835
  63.9953           448.469       9.068
  64.0953           538.275       9.975
  64.1953           709.896      11.496
  64.2953          1131.735      14.526
  64.3953          1807.604      19.068
  64.4953          2185.613      19.949
  64.5953          2377.872      21.159
  64.6953           923.819      12.499
  64.7953          1137.738      13.956
  64.8953           748.359      12.899
  64.9953           600.622      12.209
  65.0953           555.503      10.335
  65.1953           594.720       9.639
  65.2953           673.186      11.021
  65.3953           724.194      11.486
  65.4953           666.257      11.067
  65.5953           525.014       9.758
  65.6953           484.256       9.466
  65.7953           445.485       9.039
  65.8953           449.143       9.059
  65.9953           440.900       8.998
  66.0953           443.582       9.053
  66.1953           432.977       8.907
  66.2953           449.292       9.079
  66.3953           434.557       8.924
  66.4953           429.636       8.953
  66.5953           434.626       8.894
  66.6953           450.259       9.115
  66.7953           436.880       9.004
  66.8953           439.554       9.031
  66.9953           434.746       8.934
  67.0953           409.897       8.731
  67.1953           432.204       8.937
  67.2953           454.255       9.221
  67.3953           463.287       9.316
  67.4953           485.237       9.705
  67.5953           547.389      10.263
  67.6953           648.764      10.991
  67.7953           662.040      11.066
  67.8953           619.276      10.682
  67.9953           514.799       9.736
  68.0953           449.741       9.053
  68.1953           423.169       8.795
  68.2953           427.436       8.870
  68.3953           398.675       8.506
  68.4953           406.672       8.612
  68.5953           429.495       8.841
  68.6953           432.426       8.877
  68.7953           435.846       8.899
  68.8953           471.544       9.228
  68.9953           542.089       9.971
  69.0953           698.211      11.192
  69.1953           820.794      12.223
  69.2953           828.570      12.296
  69.3953           714.583      11.437
  69.4953           556.912      10.002
  69.5953           485.682       9.413
  69.6953           458.093       9.129
  69.7953           451.122       9.061
  69.8953           433.394       8.856
  69.9953           433.372       8.911
  70.0953           438.740       8.974
  70.1953           461.056       9.159
  70.2953           487.003       9.468
  70.3953           533.280       9.899
  70.4953           549.396      10.019
  70.5953           542.256      10.057
  70.6953           505.029       9.838
  70.7953           508.352       9.833
  70.8953           532.576       9.933
  70.9953           524.152       9.813
  71.0953           479.949       9.414
  71.1953           454.945       9.095
  71.2953           437.826       8.952
  71.3953           436.091       8.917
  71.4953           428.463       8.837
  71.5953           430.715       8.855
  71.6953           426.909       8.797
  71.7953           430.789       8.841
  71.8953           425.762       8.817
  71.9953           412.486       8.652
  72.0953           419.184       8.750
  72.1953           442.469       8.956
  72.2953           414.890       8.676
  72.3953           400.602       8.516
  72.4953           440.973       8.944
  72.5953           508.893       9.671
  72.6953           605.643      10.430
  72.7953           663.899      10.940
  72.8953           718.737      11.406
  72.9953           597.498      10.329
  73.0953           572.711      10.185
  73.1953           476.908       9.154
  73.2953           417.886       8.497
  73.3953           423.464       7.569
  73.4953           435.711      16.947
  73.5953           442.351       8.603
  73.6953           515.325       9.009
  73.7953           597.523       9.600
  73.8953           596.991      14.146
  73.9953           557.087       9.778
  74.0953           461.886       9.219
  74.1953           446.574       9.024
  74.2953           421.294       8.775
  74.3953           413.321       8.708
  74.4953           412.865       8.656
  74.5953           408.469       8.689
  74.6953           405.517       8.614
  74.7953           421.501       8.787
  74.8953           430.626       8.831
  74.9953           422.703       8.816
  75.0953           422.045       8.793
  75.1953           415.826       8.695
  75.2953           398.649       8.532
  75.3953           417.694       8.755
  75.4953           418.646       8.722
  75.5953           411.377       8.655
  75.6953           417.498       8.738
  75.7953           442.880       8.988
  75.8953           441.869       8.982
  75.9953           484.641       9.422
  76.0953           508.158       9.619
  76.1953           553.554      10.090
  76.2953           625.809      10.644
  76.3953           693.107      11.302
  76.4953           783.302      11.962
  76.5953           891.110      12.760
  76.6953           836.055      12.425
  76.7953           670.667      11.116
  76.8953           559.370      10.165
  76.9953           601.025      10.595
  77.0953           813.829      12.516
  77.1953          1353.147      16.158
  77.2953          1911.442      18.937
  77.3953          2020.694      19.361
  77.4953          1601.847      17.202
  77.5953          1040.051      13.931
  77.6953           974.598      13.328
  77.7953          1483.058      16.534
  77.8953          2223.604      20.275
  77.9953          2411.457      21.050
  78.0953          1816.361      18.229
  78.1953          1057.147      13.977
  78.2953           612.042      10.595
  78.3953           489.519       9.479
  78.4953           437.825       8.965
  78.5953           441.256       9.016
  78.6953           418.850       8.768
  78.7953           435.902       8.945
  78.8953           452.797       9.148
  78.9953           490.881       9.505
  79.0953           538.781       9.957
  79.1953           574.480      10.263
  79.2953           560.256      10.181
  79.3953           463.038       9.218
  79.4953           430.925       8.854
  79.5953           419.701       8.828
  79.6953           410.717       8.707
  79.7953           404.291       8.625
  79.8953           419.849       8.839
  79.9953           419.263       8.817
  80.0953           418.859       8.826
  80.1953           399.320       8.669
  80.2953           412.479       8.969
  80.3953           419.054       8.938
  80.4953           406.314       8.742
  80.5953           427.923       8.890
  80.6953           415.915       8.800
  80.7953           419.644       8.787
  80.8953           439.183       9.010
  80.9953           451.380       9.080
  81.0953           463.474       9.242
  81.1953           494.454       9.510
  81.2953           499.790       9.592
  81.3953           450.559       9.051
  81.4953           442.877       9.012
  81.5953           447.870       9.054
  81.6953           445.069       9.021
  81.7953           447.091       9.064
  81.8953           447.504       9.023
  81.9953           445.793       9.012
  82.0953           435.379       8.934
  82.1953           463.882       9.243
  82.2953           467.745       9.216
  82.3953           480.952       9.373
  82.4953           484.818       9.441
  82.5953           455.317       9.125
  82.6953           447.459       9.005
  82.7953           441.384       9.051
  82.8953           424.077       8.820
  82.9953           430.733       8.883
  83.0953           405.060       8.642
  83.1953           450.131       9.122
  83.2953           487.368       9.491
  83.3953           634.340      10.871
  83.4953           786.457      12.326
  83.5953           866.708      12.890
  83.6953           782.493      12.123
  83.7953           582.189      10.355
  83.8953           524.148       9.869
  83.9953           490.255       9.513
  84.0953           467.928       9.285
  84.1953           491.514       9.496
  84.2953           578.701      10.329
  84.3953           622.184      10.625
  84.4953           580.286      10.339
  84.5953           489.468       9.469
  84.6953           437.972       8.942
  84.7953           417.912       8.735
  84.8953           417.999       8.864
  84.9953           428.260       8.654
  85.0953           427.360       8.932
  85.1953           438.774       8.938
  85.2953           429.788       8.868
  85.3953           412.923       8.715
  85.4953           412.778       8.679
  85.5953           424.154       8.781
  85.6953           406.462       8.636
  85.7953           408.588       8.645
  85.8953           427.478       8.831
  85.9953           424.517       8.879
  86.0953           412.425       8.652
  86.1953           429.360       8.918
  86.2953           446.061       9.027
  86.3953           431.963       8.934
  86.4953           424.890       8.920
  86.5953           442.207       9.032
  86.6953           430.387       9.106
  86.7953           465.210       9.480
  86.8953           578.716      10.404
  86.9953          1035.466      13.826
  87.0953          1840.834      18.432
  87.1953          2730.826      22.426
  87.2953          3067.949      23.684
  87.3953          2586.080      21.808
  87.4953          1745.915      17.926
  87.5953          1037.463      13.744
  87.6953           624.041      10.669
  87.7953           468.771       9.276
  87.8953           427.362       8.838
  87.9953           412.056       8.647
  88.0953           436.060       8.938
  88.1953           417.785       8.750
  88.2953           409.898       8.626
  88.3953           429.434       8.844
  88.4953           416.383       8.736
  88.5953           414.313       8.700
  88.6953           403.764       8.577
  88.7953           414.260       8.724
  88.8953           414.234       8.675
  88.9953           408.206       8.666
  89.0953           409.940       8.633
  89.1953           418.702       8.796
  89.2953           404.674       8.587
  89.3953           398.516       8.555
  89.4953           392.198       8.512
  89.5953           392.664       8.463
  89.6953           406.700       8.691
  89.7953           423.950       8.861
  89.8953           425.429       9.031
  89.9953           531.925      10.110
  90.0953           651.310      11.025
  90.1953           765.263      11.902
  90.2953           779.562      11.992
  90.3953           640.826      10.830
  90.4953           516.335       9.663
  90.5953           443.026       9.011
  90.6953           416.112       8.709
  90.7953           394.418       8.487
  90.8953           373.736       8.242
  90.9953           395.244       8.487
  91.0953           393.474       8.496
  91.1953           405.477       8.558
  91.2953           388.946       8.437
  91.3953           380.175       8.298
  91.4953           403.309       8.591
  91.5953           416.785       8.710
  91.6953           518.514       9.726
  91.7953           693.053      11.274
  91.8953           871.002      12.512
  91.9953           920.949      13.009
  92.0953           697.033      11.247
  92.1953           527.210       9.826
  92.2953           436.275       8.907
  92.3953           447.909       9.075
  92.4953           466.165       9.250
  92.5953           447.817       9.047
  92.6953           430.105       8.874
  92.7953           412.760       8.747
  92.8953           403.692       8.611
  92.9953           386.077       8.506
  93.0953           412.878       8.915
  93.1953           440.846       9.208
  93.2953           456.800       9.307
  93.3953           446.150       9.103
  93.4953           425.740       8.887
  93.5953           411.809       8.732
  93.6953           397.585       8.581
  93.7953           407.108       8.670
  93.8953           375.944       8.344
  93.9953           372.998       8.305
  94.0953           373.860       8.267
  94.1953           399.294       8.582
  94.2953           386.595       8.446
  94.3953           403.980       8.599
  94.4953           419.501       8.789
  94.5953           441.508       9.016
  94.6953           508.095       9.673
  94.7953           569.887      10.222
  94.8953           647.676      10.931
  94.9953           671.437      11.164
  95.0953           577.787      10.249
  95.1953           504.078       9.699
  95.2953           535.564       9.914
  95.3953           714.988      11.477
  95.4953           922.240      13.032
  95.5953           942.744      13.205
  95.6953           787.400      12.072
  95.7953           670.813      11.139
  95.8953           684.573      11.181
  95.9953           691.778      11.477
  96.0953           650.924      10.908
  96.1953           655.257      11.130
  96.2953           587.596      10.657
  96.3953           539.179      10.171
  96.4953           492.187       9.651
  96.5953           514.078       9.769
  96.6953           702.143      11.440
  96.7953          1018.242      13.792
  96.8953          1347.833      15.749
  96.9953          1404.047      16.137
  97.0953          1043.960      13.919
  97.1953           742.149      11.645
  97.2953           674.676      11.177
  97.3953           661.789      11.059
  97.4953           667.742      11.103
  97.5953           650.885      10.935
  97.6953           697.538      11.339
  97.7953           655.709      10.988
  97.8953           537.586       9.937
  97.9953           445.732       9.042
  98.0953           439.654       9.003
  98.1953           428.690       8.906
  98.2953           475.513       9.308
  98.3953           511.839       9.739
  98.4953           581.487      10.385
  98.5953           645.516      10.851
  98.6953           604.104      10.540
  98.7953           549.653      10.101
  98.8953           497.269       9.600
  98.9953           536.042       9.934
  99.0953           545.399      10.074
  99.1953           546.449      10.032
  99.2953           481.631       9.510
  99.3953           460.799       9.285
  99.4953           438.112       9.232
  99.5953           445.397       9.247
  99.6953           416.963       8.856
  99.7953           386.918       8.431
  99.8953           379.988       8.370
  99.9953           387.037       8.446
 100.0953           389.778       8.453
 100.1953           404.376       8.604
 100.2953           421.573       8.806
 100.3953           464.071       9.188
 100.4953           509.046       9.651
 100.5953           512.544       9.674
 100.6953           451.694       9.083
 100.7953           418.417       8.725
 100.8953           401.349       8.561
 100.9953           386.219       8.384
 101.0953           396.540       8.507
 101.1953           392.086       8.442
 101.2953           408.468       8.638
 101.3953           381.856       8.347
 101.4953           391.606       8.450
 101.5953           377.540       8.328
 101.6953           387.326       8.402
 101.7953           375.225       8.263
 101.8953           383.501       8.395
 101.9953           376.990       8.302
 102.0953           372.184       8.263
 102.1953           380.848       8.339
 102.2953           393.581       8.518
 102.3953           398.701       8.565
 102.4953           370.988       8.230
 102.5953           380.553       8.436
 102.6953           420.417       8.971
 102.8953           646.133      11.041
 102.9953           854.803      12.583
 103.0953           884.083      12.797
 103.1953           720.910      11.560
 103.2953           518.355       9.754
 103.3953           448.138       9.095
 103.4953           417.704       8.763
 103.5953           412.000       8.663
 103.6953           385.076       8.401
 103.7953           408.780       8.662
 103.8953           420.255       8.772
 103.9953           411.310       8.681
 104.0953           424.434       8.812
 104.1953           415.912       8.753
 104.2953           405.645       8.602
 104.3953           399.102       8.552
 104.4953           387.556       8.421
 104.5953           398.434       8.549
 104.6953           398.969       8.537
 104.7953           383.528       8.393
 104.8953           374.125       8.285
 104.9953           375.196       8.315
 105.0953           377.434       8.284
 105.1953           392.526       8.537
 105.2953           397.340       8.534
 105.3953           400.565       8.603
 105.4953           407.585       8.672
 105.5953           434.600       8.952
 105.6953           435.818       8.935
 105.7953           471.855       9.411
 105.8953           534.037      10.242
 105.9953           589.027      10.405
 106.0953           669.576      11.336
 106.1953           623.729      10.716
 106.2953           646.305      10.972
 106.3953           715.744      11.441
 106.4953           758.596      11.814
 106.5953           681.736      11.179
 106.6953           553.566      10.092
 106.7953           532.840       9.845
 106.8953           548.542       9.858
 106.9953           618.487      11.050
 107.0953           691.424      11.032
 107.1953           638.705      10.770
 107.2953           559.967      10.156
 107.3953           460.824       9.144
 107.4953           394.585       8.492
 107.5953           364.806       8.153
 107.6953           371.992       8.246
 107.7953           410.288       8.675
 107.8953           515.989       9.703
 107.9953           625.443      10.720
 108.0953           675.567      11.099
 108.1953           606.631      10.568
 108.2953           481.742       9.383
 108.3953           408.369       8.669
 108.4953           362.640       8.139
 108.5953           381.797       8.384
 108.6953           383.131       8.409
 108.7953           418.855       8.787
 108.8953           491.839       9.481
 108.9953           582.261      10.487
 109.0953           677.813      11.386
 109.1953           759.926      12.070
 109.2953           767.877      12.030
 109.3953           770.990      11.924
 109.4953           684.038      11.258
 109.5953           548.068      10.113
 109.6953           455.205       9.115
 109.7953           440.694       9.028
 109.8953           416.740       8.731
 109.9953           403.307       8.604
 110.0953           397.201       8.515
 110.1953           444.614       9.018
 110.2953           523.018       9.782
 110.3953           621.258      10.648
 110.4953           638.740      10.778
 110.5953           564.047      10.212
 110.6953           457.668       9.119
 110.7953           380.762       8.345
 110.8953           376.137       8.285
 110.9953           406.522       8.636
 111.0953           504.920       9.588
 111.1953           589.510      10.377
 111.2953           626.846      10.708
 111.3953           579.252      10.314
 111.4953           471.688       9.265
 111.5953           414.368       8.753
 111.6953           364.634       8.149
 111.7953           360.118       8.178
 111.8953           381.453       8.322
 111.9953           391.591       8.562
 112.0953           366.180       8.186
 112.1953           360.452       8.237
 112.2953           350.836       8.201
 112.3953           336.347       8.020
 112.4953           337.904       7.925
 112.5953           364.949       8.171
 112.6953           398.441       8.561
 112.7953           495.383       9.502
 112.8953           628.849      10.702
 112.9953           776.363      11.871
 113.0953           754.283      11.766
 113.1953           635.583      10.742
 113.2953           481.210       9.332
 113.3953           391.253       8.460
 113.4953           342.644       7.890
 113.5953           360.670       8.116
 113.6953           345.324       7.893
 113.7953           338.150       7.832
 113.8953           363.540       8.125
 113.9953           382.819       8.316
 114.0953           401.672       8.515
 114.1953           456.547       9.186
 114.2953           477.634       9.266
 114.3953           463.479       9.180
 114.4953           426.680       8.811
 114.5953           390.410       8.408
 114.6953           350.186       8.019
 114.7953           349.636       7.906
 114.8953           356.657       8.135
 114.9953           358.373       8.062
 115.0953           354.244       8.064
 115.1953           351.160       8.012
 115.2953           348.660       8.028
 115.3953           372.939       8.294
 115.4953           371.062       8.446
 115.5953           434.647       9.075
 115.6953           524.165       9.878
 115.7953           604.475      10.511
 115.8953           642.617      10.856
 115.9953           588.185      10.401
 116.0953           497.289       9.516
 116.1953           451.122       9.084
 116.2953           434.753       8.913
 116.3953           402.206       8.556
 116.4953           387.217       8.452
 116.5953           395.641       8.399
 116.6953           415.752       8.724
 116.7953           405.780       8.578
 116.8953           371.779       8.227
 116.9953           358.487       8.083
 117.0953           336.389       7.800
 117.1953           340.806       7.885
 117.2953           340.356       7.860
 117.3953           337.798       7.841
 117.4953           354.458       8.031
 117.5953           347.547       7.942
 117.6953           352.853       8.013
 117.7953           341.081       7.883
 117.8953           327.888       7.699
 117.9953           321.344       7.735
 118.0953           344.859       7.810
 118.1953           334.496       7.884
 118.2953           338.377       7.852
 118.3953           339.388       7.895
 118.4953           370.614       8.234
 118.5953           381.194       8.419
 118.6953           429.311       9.009
 118.7953           445.436       9.276
 118.8953           456.928       9.151
 118.9953           469.535       9.313
 119.0953           460.011       9.133
 119.1953           436.710       8.950
 119.2953           444.780       8.999
 119.3953           541.037       9.921
 119.4953           645.121      10.827
 119.5953           832.339      12.320
 119.6953           796.762      11.971
 119.7953           763.452      11.803
 119.8953           594.610      10.381
 119.9953           483.804       9.347
 120.0953           406.697       8.551
 120.1953           355.834       8.183
 120.2953           349.547       7.681
 120.3953           321.689       7.754
 120.4953           307.863       7.460
 120.5953           319.297       7.639
 120.6953           313.752       7.479
 120.7953           322.487       7.663
 120.8953           318.073       7.571
 120.9953           303.779       7.425
 121.0953           315.469       7.543
 121.1953           300.176       7.392
 121.2953           306.007       7.466
 121.3953           311.189       7.510
 121.4953           304.204       7.437
 121.5953           299.516       7.465
 121.6953           321.346       7.543
 121.7953           338.465       8.052
 121.8953           357.375       8.171
 121.9953           386.479       8.584
 122.0953           428.981       8.927
 122.1953           459.308       9.159
 122.2953           471.784       9.328
 122.3953           470.693       9.276
 122.4953           493.661       9.539
 122.5953           508.458       9.633
 122.6953           495.233       9.550
 122.7953           428.112       8.826
 122.8953           384.622       8.355
 122.9953           343.969       7.958
 123.0953           342.452       7.898
 123.1953           343.177       7.888
 123.2953           360.774       8.122
 123.3953           373.958       8.247
 123.4953           392.410       8.443
 123.5953           387.531       8.395
 123.6953           367.347       8.206
 123.7953           364.035       8.144
 123.8953           342.721       7.892
 123.9953           317.666       7.602
 124.0953           329.497       7.758
 124.1953           344.213       7.926
 124.2953           359.880       8.106
 124.3953           373.903       8.274
 124.4953           383.168       8.395
 124.5953           390.157       8.432
 124.6953           368.725       8.261
 124.7953           344.677       7.872
 124.8953           342.455       7.960
 124.9953           329.297       7.834
 125.0953           312.679       7.674
 125.1953           312.959       7.726
 125.2953           322.797       7.759
 125.3953           315.604       7.675
 125.4953           331.629       7.754
 125.5953           346.313       7.947
 125.6953           364.696       8.151
 125.7953           432.915       8.841
 125.8953           453.608       9.078
 125.9953           492.602       9.440
 126.0953           499.899       9.473
 126.1953           454.527       9.072
 126.2953           421.206       8.734
 126.3953           347.025       7.889
 126.4953           331.561       7.776
 126.5953           311.438       7.481
 126.6953           304.361       7.408
 126.7953           325.363       7.652
 126.8953           327.028       7.685
 126.9953           334.448       7.797
 127.0953           368.696       8.127
 127.1953           404.010       8.525
 127.2953           445.439       8.974
 127.3953           467.752       9.245
 127.4953           442.458       8.908
 127.5953           416.648       8.693
 127.6953           384.226       8.329
 127.7953           345.567       7.942
 127.8953           328.083       7.703
 127.9953           310.610       7.549
 128.0953           321.714       7.617
 128.1953           310.266       7.599
 128.2953           299.619       7.528
 128.3953           302.205       7.574
 128.4953           305.566       7.523
 128.5953           301.670       7.433
 128.6953           310.883       7.533
 128.7953           303.324       7.449
 128.8953           308.704       7.478
 128.9953           309.642       7.521
 129.0953           332.152       7.796
 129.1953           358.726       8.041
 129.2953           419.321       8.709
 129.3953           467.035       9.232
 129.4953           474.780       9.260
 129.5953           490.551       9.425
 129.6953           467.959       9.213
 129.7953           409.653       8.640
 129.8953           383.648       8.322
 129.9953           353.998       8.019
 130.0953           339.092       7.816
 130.1953           321.541       7.643
 130.2953           309.603       7.489
 130.3953           322.126       7.633
 130.4953           310.721       7.514
 130.5953           315.407       7.566
 130.6953           309.932       7.491
 130.7953           312.239       7.546
 130.8953           316.965       7.596
 130.9953           309.364       7.499
 131.0953           326.771       7.721
 131.1953           340.843       7.903
 131.2953           365.321       8.146
 131.3953           393.163       8.545
 131.4953           398.965       8.683
 131.5953           407.779       8.836
 131.6953           382.976       8.416
 131.7953           367.354       8.192
 131.8953           349.198       7.961
 131.9953           342.922       7.932
 132.0953           321.196       7.620
 132.1953           335.001       7.831
 132.2953           329.212       7.738
 132.3953           301.959       7.374
 132.4953           318.865       7.611
 132.5953           302.678       7.380
 132.6953           306.169       7.472
 132.7953           300.500       7.347
 132.8953           306.697       7.443
 132.9953           316.909       7.569
 133.0953           309.869       7.476
 133.1953           311.513       7.379
 133.2953           327.119       7.929
 133.3953           322.247       7.523
 133.4953           322.764       7.625
 133.5953           338.584       7.821
 133.6953           333.526       7.761
 133.7953           355.793       8.032
 133.8953           347.863       7.888
 133.9953           361.632       8.119
 134.0953           348.414       7.947
 134.1953           356.302       8.011
 134.2953           355.175       8.047
 134.3953           352.250       8.012
 134.4953           358.602       8.071
 134.5953           351.933       8.072
 134.6953           345.067       8.120
 134.7953           330.326       7.874
 134.8953           315.375       7.644
 134.9953           321.964       7.631
 135.0953           319.806       7.604
 135.1953           309.426       7.500
 135.2953           297.933       7.344
 135.3953           289.268       7.227
 135.4953           290.997       7.268
 135.5953           288.107       7.187
 135.6953           306.169       7.439
 135.7953           302.445       7.361
 135.8953           304.570       7.429
 135.9953           301.487       7.366
 136.0953           323.074       7.626
 136.1953           343.529       7.883
 136.2953           387.330       8.330
 136.3953           456.960       9.076
 136.4953           550.042       9.968
 136.5953           667.291      10.988
 136.6953           750.662      11.588
 136.7953           811.905      12.105
 136.8953           828.568      12.235
 136.9953           791.979      11.902
 137.0953           706.872      11.305
 137.1953           612.244      10.542
 137.2953           514.180       9.635
 137.3953           436.244       8.866
 137.4953           399.589       8.504
 137.5953           397.908       8.497
 137.6953           441.740       8.963
 137.7953           494.861       9.518
 137.8953           519.830       9.916
 137.9953           541.179      10.109
 138.0953           542.546      10.006
 138.1953           566.240      10.095
 138.2953           525.896       9.799
 138.3953           482.514       9.324
 138.4953           435.173       8.859
 138.5953           382.968       8.306
 138.6953           382.149       8.286
 138.7953           362.510       8.048
 138.8953           350.464       7.912
 138.9953           332.221       7.728
 139.0953           312.864       7.479
 139.1953           311.081       7.428
 139.2953           294.363       7.291
 139.3953           301.736       7.314
 139.4953           284.513       7.155
 139.5953           288.317       7.133
 139.6953           305.860       7.418
 139.7953           283.949       7.146
 139.8953           296.929       7.266
 139.9953           305.586       7.392
 140.0953           322.338       7.591
 140.1953           346.329       7.900
 140.2953           380.878       8.231
 140.3953           424.263       8.756
 140.4953           416.732       8.652
 140.5953           475.656       9.252
 140.6953           478.419       9.311
 140.7953           479.450       9.296
 140.8953           471.427       9.235
 140.9953           449.539       9.112
 141.0953           442.443       9.119
 141.1953           441.624       9.118
 141.2953           441.885       8.981
 141.3953           472.539       9.205
 141.4953           514.924       9.649
 141.5953           512.262       9.575
 141.6953           531.109       9.782
 141.7953           523.349       9.712
 141.8953           524.350       9.675
 141.9953           495.119       9.370
 142.0953           483.620       9.309
 142.1953           451.843       9.005
 142.2953           423.578       8.703
 142.3953           457.046       8.988
 142.4953           434.994       8.841
 142.5953           528.563       9.720
 142.6953           541.553       9.817
 142.7953           572.136      10.083
 142.8953           582.862      10.204
 142.9953           599.893      10.352
 143.0953           609.244      10.391
 143.1953           571.898      10.115
 143.2953           560.632      10.000
 143.3953           521.358       9.648
 143.4953           496.281       9.396
 143.5953           493.160       9.385
 143.6953           491.813       9.435
 143.7953           489.309       9.468
 143.8953           492.183       9.071
 143.9953           503.124       9.681
 144.0953           492.775       9.382
 144.1953           463.447       9.228
 144.2953           460.412       9.245
 144.3953           423.263       8.941
 144.4953           383.979       8.401
 144.5953           362.433       8.088
 144.6953           337.865       7.792
 144.7953           323.847       7.640
 144.8953           324.719       7.624
 144.9953           320.091       7.576
 145.0953           298.746       7.306
 145.1953           281.044       7.106
 145.2953           285.335       7.111
 145.3953           283.661       7.127
 145.4953           290.456       7.205
 145.5953           283.386       6.566
 145.6953           351.002       9.639
 145.7953           277.845       6.522
 145.8953           300.827       7.316
 145.9953           300.997       7.313
 146.0953           309.359       7.429
 146.1953           314.880       7.504
 146.2953           316.502       7.517
 146.3953           335.060       7.673
 146.4953           352.515       7.979
 146.5953           365.441       8.065
 146.6953           353.283       7.933
 146.7953           373.470       8.203
 146.8953           372.457       8.165
 146.9953           392.198       8.392
 147.0953           391.660       8.387
 147.1953           395.591       8.430
 147.2953           397.250       8.452
 147.3953           392.015       8.452
 147.4953           384.711       8.513
 147.5953           363.743       8.241
 147.6953           370.785       8.256
 147.7953           371.292       8.163
 147.8953           360.041       8.083
 147.9953           345.454       7.849
 148.0953           322.889       7.638
 148.1953           301.811       7.324
 148.2953           294.278       7.298
 148.3953           293.503       7.234
 148.4953           278.174       7.147
 148.5953           291.600       6.995
 148.6953           270.157       7.078
 148.7953           277.200       7.230
 148.8953           280.631       6.701
 148.9953           274.044       7.006
 149.0953           279.216       7.195
 149.1953           281.246       6.928
 149.2953           301.506       7.266
 149.3953           326.543       7.606
 149.4953           327.440       7.542
 149.5953           328.563       7.516
 149.6953           331.507       7.827
 149.7953           331.695       7.675
 149.8953           324.487       7.354
 149.9953           337.580       8.152
 150.0953           341.387       7.307
 150.1953           317.713       8.301
 150.2953           314.471       7.121
 150.3953           308.665       7.491
 150.4953           297.869       7.313
 150.5953           283.208       7.166
 150.6953           292.387       6.703
 150.7953             0.000       0.000
 150.8953             0.000       0.000
