XYDATA  Co2SiO4 8mmV 1.87A HiRes FullBeam 500K CF ROC 
INTER        1       1       0     0.100000
TEMP       103.003      104.669      104.601
! d20 23-Apr-08 09:22:09 User Sazono   L.C.Hansen  Run 594842*d20_2008_04_5880
! d20 23-Apr-08 09:22:09 User Sazono   L.C.Hansen  Run 594842*d20_2008_04_5880
! Monitor/counts, Counting time/sec:       100000.      62.5111
   0.0953          4096.794      28.004
   0.1953          4325.589      29.246
   0.2953          4296.778      29.413
   0.3953          4162.564      28.764
   0.4953          3833.712      27.403
   0.5953          3455.738      25.808
   0.6953          3072.859      24.268
   0.7953          2620.318      22.469
   0.8953          2294.690      20.958
   0.9953          1943.292      19.336
   1.0953          1647.094      17.746
   1.1953          1308.853      15.788
   1.2953          1040.351      14.101
   1.3953           785.449      12.241
   1.4953           544.546      10.186
   1.5953           425.573       8.982
   1.6953           371.294       8.434
   1.7953           351.838       8.204
   1.8953           326.956       7.879
   1.9953           316.245       7.753
   2.0953           294.283       7.499
   2.1953           299.783       7.563
   2.2953           286.527       7.371
   2.3953           276.510       7.254
   2.4953           267.492       7.164
   2.5953           269.659       7.121
   2.6953           262.736       7.122
   2.7953           253.436       6.942
   2.8953           258.354       7.037
   2.9953           249.033       6.902
   3.0953           248.029       6.900
   3.1953           235.423       6.718
   3.2953           234.638       6.698
   3.3953           231.305       6.711
   3.4953           234.356       6.849
   3.5953           236.785       6.881
   3.6953           247.216       6.948
   3.7953           264.572       7.143
   3.8953           263.611       7.112
   3.9953           280.454       7.340
   4.0953           323.387       7.839
   4.1953           337.749       8.083
   4.2953           385.050       8.552
   4.3953           436.379       9.107
   4.4953           469.424       9.441
   4.5953           532.083      10.106
   4.6953           583.368      10.495
   4.7953           625.254      10.901
   4.8953           645.094      11.078
   4.9953           703.424      11.600
   5.0953           682.051      11.369
   5.1953           697.824      11.497
   5.2953           703.650      11.601
   5.3953           692.218      11.470
   5.4953           693.018      11.452
   5.5953           693.918      11.497
   5.6953           681.950      11.410
   5.7953           712.119      11.668
   5.8953           687.157      11.388
   5.9953           699.927      11.601
   6.0953           704.005      11.604
   6.1953           679.604      11.432
   6.2953           692.037      11.504
   6.3953           644.330      11.096
   6.4953           684.246      11.502
   6.5953           673.366      11.380
   6.6953           672.094      11.584
   6.7953           650.020      11.402
   6.8953           651.864      11.271
   6.9953           643.476      11.078
   7.0953           642.963      11.086
   7.1953           639.761      11.092
   7.2953           639.089      11.006
   7.3953           610.399      10.826
   7.4953           629.850      10.953
   7.5953           608.513      10.740
   7.6953           627.427      10.912
   7.7953           620.893      10.863
   7.8953           613.194      10.781
   7.9953           604.695      10.660
   8.0953           606.705      10.764
   8.1953           593.747      10.601
   8.2953           605.639      10.701
   8.3953           596.978      10.633
   8.4953           600.341      10.676
   8.5953           600.524      10.649
   8.6953           598.481      10.631
   8.7953           611.066      10.742
   8.8953           580.181      10.481
   8.9953           608.167      10.731
   9.0953           590.830      10.566
   9.1953           585.383      10.560
   9.2953           581.436      10.523
   9.3953           599.300      10.627
   9.4953           572.797      10.467
   9.5953           557.843      10.297
   9.6953           563.854      10.373
   9.7953           569.308      10.521
   9.8953           589.264      10.838
   9.9953           550.932      10.466
  10.0953           560.994      10.401
  10.1953           546.463      10.193
  10.2953           550.825      10.250
  10.3953           565.213      10.354
  10.4953           544.382      10.153
  10.5953           547.752      10.164
  10.6953           542.099      10.149
  10.7953           527.416       9.934
  10.8953           546.284      10.129
  10.9953           537.122      10.040
  11.0953           522.609       9.827
  11.1953           521.296       9.871
  11.2953           525.649      10.502
  11.3953           512.680       9.617
  11.4953           534.062       9.962
  11.5953           509.950       9.753
  11.6953           516.287       9.879
  11.7953           531.626       9.990
  11.8953           521.688       9.910
  11.9953           517.357       9.864
  12.0953           522.993       9.948
  12.1953           529.249       9.980
  12.2953           501.271       9.690
  12.3953           517.556       9.936
  12.4953           525.495       9.972
  12.5953           509.128       9.802
  12.6953           516.257       9.886
  12.7953           521.630      10.002
  12.8953           538.013      10.043
  12.9953           514.632       9.937
  13.0953           532.261      10.420
  13.1953           518.304       9.827
  13.2953           529.441      10.279
  13.3953           526.615      10.002
  13.4953           522.429       9.991
  13.5953           539.408      10.078
  13.6953           519.124       9.954
  13.7953           517.832       9.862
  13.8953           529.150      10.049
  13.9953           517.786       9.827
  14.0953           507.690       9.849
  14.1953           513.978       9.727
  14.2953           513.530       9.901
  14.3953           508.639       9.756
  14.4953           509.575       9.790
  14.5953           500.502       9.773
  14.6953           530.304       9.958
  14.7953           512.246       9.797
  14.8953           495.344       9.642
  14.9953           518.625       9.915
  15.0953           523.405      10.080
  15.1953           500.435       9.400
  15.2953           521.735      10.097
  15.3953           512.378       9.817
  15.4953           505.630       9.740
  15.5953           485.731       9.583
  15.6953           502.472       9.776
  15.7953           490.745       9.597
  15.8953           504.127       9.828
  15.9953           508.229       9.808
  16.0953           519.346       9.975
  16.1953           491.786       9.703
  16.2953           493.415       9.876
  16.3953           491.023       9.896
  16.4953           495.344       9.775
  16.5953           493.622       9.670
  16.6953           495.626       9.739
  16.7953           488.388       9.632
  16.8953           503.946       9.793
  16.9953           503.972       9.759
  17.0953           500.107       9.744
  17.1953           492.788       9.659
  17.2953           498.486       9.685
  17.3953           496.016       9.696
  17.4953           505.650       9.780
  17.5953           510.753       9.765
  17.6953           487.537       9.619
  17.7953           502.236       9.742
  17.8953           501.065       9.690
  17.9953           502.168       9.713
  18.0953           498.852       9.714
  18.1953           496.063       9.667
  18.2953           500.284       9.713
  18.3953           496.563       9.655
  18.4953           494.239       9.682
  18.5953           503.470       9.711
  18.6953           492.941       9.634
  18.7953           495.266       9.691
  18.8953           513.720       9.861
  18.9953           497.865       9.677
  19.0953           485.774       9.608
  19.1953           497.685       9.723
  19.2953           487.109       9.633
  19.3953           503.923       9.796
  19.4953           485.565       9.844
  19.5953           476.124       9.665
  19.6953           486.640       9.635
  19.7953           474.747       9.506
  19.8953           480.896       9.546
  19.9953           481.116       9.537
  20.0953           478.830       9.505
  20.1953           481.816       9.374
  20.2953           485.611       9.937
  20.3953           494.179       9.576
  20.4953           493.716       9.403
  20.5953           497.823       9.810
  20.6953           501.884       9.673
  20.7953           505.131       9.736
  20.8953           522.409       9.894
  20.9953           537.568      10.084
  21.0953           542.542      10.063
  21.1953           556.213      10.220
  21.2953           562.873      10.268
  21.3953           528.909       9.978
  21.4953           513.398       9.822
  21.5953           501.020       9.689
  21.6953           506.045       9.793
  21.7953           494.324       9.592
  21.8953           500.076       9.718
  21.9953           506.521       9.746
  22.0953           515.216       9.859
  22.1953           535.836      10.087
  22.2953           506.256       9.774
  22.3953           497.228       9.723
  22.4953           484.408       9.596
  22.5953           479.913       9.575
  22.6953           470.272       9.650
  22.7953           466.065       9.580
  22.8953           464.631       9.414
  22.9953           468.083       9.379
  23.0953           459.498       9.321
  23.1953           468.526       9.406
  23.2953           467.652       9.357
  23.3953           468.395       9.381
  23.4953           468.105       9.411
  23.5953           467.781       9.302
  23.6953           466.607       9.347
  23.7953           454.594       9.218
  23.8953           457.017       9.241
  23.9953           472.069       9.363
  24.0953           451.470       9.196
  24.1953           454.283       9.221
  24.2953           459.318       9.221
  24.3953           450.012       9.169
  24.4953           470.032       9.345
  24.5953           459.133       9.304
  24.6953           481.772       9.445
  24.7953           476.059       9.394
  24.8953           499.232       9.689
  24.9953           526.684       9.890
  25.0953           569.692      10.309
  25.1953           545.886      10.106
  25.2953           513.964       9.817
  25.3953           512.034       9.789
  25.4953           474.307       9.439
  25.5953           462.489       9.328
  25.6953           468.155       9.371
  25.7953           458.933       9.372
  25.8953           469.124       9.576
  25.9953           458.502       9.486
  26.0953           447.444       9.210
  26.1953           464.631       9.345
  26.2953           483.651       9.509
  26.3953           460.615       9.331
  26.4953           458.591       9.242
  26.5953           489.937       9.544
  26.6953           493.928       9.633
  26.7953           498.852       9.645
  26.8953           487.105       9.538
  26.9953           513.569       9.751
  27.0953           509.398       9.771
  27.1953           492.794       9.567
  27.2953           521.638       9.862
  27.3953           532.453       9.970
  27.4953           557.237      10.182
  27.5953           597.034      10.536
  27.6953           696.951      11.432
  27.7953           803.622      12.218
  27.8953           889.053      12.898
  27.9953           909.848      12.954
  28.0953           805.742      12.300
  28.1953           701.315      11.454
  28.2953           583.795      10.403
  28.3953           510.972       9.801
  28.4953           476.910       9.426
  28.5953           466.355       9.344
  28.6953           468.459       9.394
  28.7953           471.216       9.428
  28.8953           501.791       9.738
  28.9953           543.007      10.111
  29.0953           566.442      10.515
  29.1953           586.990      10.681
  29.2953           585.107      10.603
  29.3953           548.229      10.177
  29.4953           511.450       9.826
  29.5953           481.038       9.493
  29.6953           466.924       9.340
  29.7953           444.672       9.150
  29.8953           439.812       9.102
  29.9953           435.944       9.014
  30.0953           450.513       9.192
  30.1953           470.899       9.394
  30.2953           451.353       9.198
  30.3953           450.215       9.148
  30.4953           448.754       9.191
  30.5953           464.059       9.330
  30.6953           484.557       9.518
  30.7953           451.373       9.170
  30.8953           472.635       9.400
  30.9953           507.871       9.779
  31.0953           517.729       9.812
  31.1953           536.620      10.018
  31.2953           532.073      10.007
  31.3953           494.053       9.606
  31.4953           461.791       9.301
  31.5953           461.768       9.303
  31.6953           445.693       9.180
  31.7953           436.305       9.039
  31.8953           441.029       9.125
  31.9953           421.000       8.885
  32.0953           430.063       9.021
  32.1953           435.457       9.122
  32.2953           432.907       9.223
  32.3953           422.657       9.065
  32.4953           432.940       9.059
  32.5953           431.382       8.995
  32.6953           432.470       9.010
  32.7953           428.162       8.930
  32.8953           418.794       8.870
  32.9953           420.508       8.826
  33.0953           420.885       8.899
  33.1953           419.356       8.810
  33.2953           435.828       9.027
  33.3953           418.932       8.799
  33.4953           427.501       8.920
  33.5953           427.504       8.891
  33.6953           425.632       8.877
  33.7953           416.411       8.836
  33.8953           416.487       8.757
  33.9953           417.665       8.795
  34.0953           429.966       8.940
  34.1953           436.147       9.005
  34.2953           438.902       9.046
  34.3953           439.905       8.952
  34.4953           445.555       9.168
  34.5953           428.419       8.870
  34.6953           424.194       8.921
  34.7953           445.725       9.110
  34.8953           443.263       9.078
  34.9953           450.977       9.150
  35.0953           451.869       9.212
  35.1953           462.657       9.298
  35.2953           431.293       9.009
  35.3953           446.708       9.242
  35.4953           455.360       9.409
  35.5953           435.440       9.209
  35.6953           463.345       9.396
  35.7953           445.611       9.125
  35.8953           465.882       9.355
  35.9953           487.567       9.522
  36.0953           473.407       9.410
  36.1953           504.465       9.683
  36.2953           519.506       9.881
  36.3953           552.449      10.125
  36.4953           542.416      10.074
  36.5953           531.450       9.898
  36.6953           517.593       9.827
  36.7953           503.222       9.640
  36.8953           482.251       9.474
  36.9953           443.053       9.080
  37.0953           439.136       9.022
  37.1953           443.034       9.036
  37.2953           442.036       9.086
  37.3953           427.699       8.899
  37.4953           428.701       8.899
  37.5953           433.610       8.991
  37.6953           442.173       9.058
  37.7953           432.414       8.978
  37.8953           443.459       9.056
  37.9953           420.081       8.846
  38.0953           430.492       8.961
  38.1953           460.779       9.281
  38.2953           431.911       8.954
  38.3953           451.085       9.206
  38.4953           466.756       9.311
  38.5953           457.091       9.334
  38.6953           464.487       9.513
  38.7953           432.945       9.195
  38.8953           466.780       9.405
  38.9953           461.848       9.342
  39.0953           508.580       9.770
  39.1953           542.967      10.050
  39.2953           603.829      10.626
  39.3953           651.785      11.008
  39.4953           631.371      10.871
  39.5953           615.256      10.676
  39.6953           537.537      10.006
  39.7953           476.624       9.396
  39.8953           470.696       9.367
  39.9953           447.397       9.089
  40.0953           461.342       9.255
  40.1953           455.002       9.230
  40.2953           442.970       9.048
  40.3953           463.874       9.266
  40.4953           446.018       9.125
  40.5953           455.680       9.204
  40.6953           446.480       9.099
  40.7953           445.870       9.116
  40.8953           457.184       9.238
  40.9953           447.017       9.113
  41.0953           453.842       9.163
  41.1953           455.542       9.253
  41.2953           447.407       9.131
  41.3953           451.276       9.173
  41.4953           464.544       9.353
  41.5953           452.035       9.195
  41.6953           467.465       9.355
  41.7953           457.365       9.361
  41.8953           465.772       9.693
  41.9953           482.190       9.415
  42.0953           500.364       9.916
  42.1953           569.769      10.327
  42.2953           646.276      11.092
  42.3953           780.372      12.076
  42.4953           901.356      13.032
  42.5953           926.412      13.083
  42.6953           877.102      12.883
  42.7953           811.496      12.302
  42.8953           715.678      11.516
  42.9953           603.535      10.657
  43.0953           552.445      10.122
  43.1953           498.360       9.616
  43.2953           501.466       9.699
  43.3953           537.826       9.975
  43.4953           592.359      10.513
  43.5953           658.942      11.073
  43.6953           638.414      10.868
  43.7953           608.746      10.645
  43.8953           545.290      10.093
  43.9953           494.668       9.564
  44.0953           484.048       9.484
  44.1953           479.910       9.504
  44.2953           493.593       9.565
  44.3953           504.047       9.729
  44.4953           578.672      10.390
  44.5953           657.302      11.029
  44.6953           737.032      11.802
  44.7953           790.764      12.184
  44.8953           744.207      11.828
  44.9953           633.002      10.976
  45.0953           539.717      10.286
  45.1953           473.669       9.589
  45.2953           467.273       9.383
  45.3953           461.426       9.286
  45.4953           441.504       9.054
  45.5953           456.778       9.236
  45.6953           442.430       9.056
  45.7953           472.351       9.348
  45.8953           505.067       9.698
  45.9953           578.058      10.322
  46.0953           733.121      11.619
  46.1953           875.483      12.720
  46.2953           929.615      13.115
  46.3953           867.748      12.633
  46.4953           710.781      11.460
  46.5953           561.130      10.175
  46.6953           492.669       9.529
  46.7953           453.197       9.158
  46.8953           450.476       9.108
  46.9953           457.322       9.157
  47.0953           459.320       9.220
  47.1953           481.358       9.426
  47.2953           517.592       9.783
  47.3953           575.368      10.299
  47.4953           631.880      10.818
  47.5953           647.685      10.911
  47.6953           587.334      10.452
  47.7953           555.006      10.130
  47.8953           505.551       9.693
  47.9953           509.132       9.755
  48.0953           512.383       9.734
  48.1953           597.169      10.667
  48.2953           829.907      12.685
  48.3953          1145.119      14.950
  48.4953          1858.549      18.681
  48.5953          2754.747      22.711
  48.6953          3408.658      25.180
  48.7953          3617.342      26.028
  48.8953          3283.576      24.641
  48.9953          2638.488      22.125
  49.0953          1885.723      18.792
  49.1953          1211.506      14.933
  49.2953           774.092      11.964
  49.3953           556.866      10.160
  49.4953           475.384       9.375
  49.5953           487.427       9.490
  49.6953           483.734       9.429
  49.7953           474.381       9.413
  49.8953           474.287       9.318
  49.9953           469.698       9.300
  50.0953           483.616       9.481
  50.1953           462.546       9.251
  50.2953           467.215       9.291
  50.3953           450.926       9.132
  50.4953           472.002       9.342
  50.5953           465.853       9.308
  50.6953           481.229       9.425
  50.7953           486.611       9.514
  50.8953           533.971       9.957
  50.9953           630.669      10.830
  51.0953           722.555      11.606
  51.1953           824.086      12.400
  51.2953           829.595      12.450
  51.3953           723.236      11.618
  51.4953           628.951      11.099
  51.5953           490.691       9.740
  51.6953           491.425       9.639
  51.7953           464.261       9.304
  51.8953           475.297       9.390
  51.9953           490.365       9.515
  52.0953           516.959       9.805
  52.1953           500.311       9.634
  52.2953           510.542       9.671
  52.3953           516.379       9.780
  52.4953           513.814       9.715
  52.5953           513.133       9.706
  52.6953           509.043       9.682
  52.7953           483.696       9.423
  52.8953           459.111       9.212
  52.9953           451.760       9.084
  53.0953           438.133       8.992
  53.1953           429.371       8.870
  53.2953           450.889       9.107
  53.3953           447.875       9.078
  53.4953           435.520       8.965
  53.5953           449.757       9.068
  53.6953           442.937       9.043
  53.7953           450.658       9.120
  53.8953           451.333       9.079
  53.9953           446.472       9.100
  54.0953           437.299       8.992
  54.1953           440.116       9.006
  54.2953           466.433       9.290
  54.3953           477.964       9.439
  54.4953           491.043       9.535
  54.5953           537.532      10.050
  54.6953           579.796      10.596
  54.7953           570.849      10.539
  54.8953           563.868      10.267
  54.9953           509.389       9.762
  55.0953           494.038       9.554
  55.1953           492.805       9.571
  55.2953           496.043       9.546
  55.3953           465.697       9.282
  55.4953           461.794       9.238
  55.5953           466.335       9.242
  55.6953           474.807       9.384
  55.7953           461.622       9.229
  55.8953           449.925       9.094
  55.9953           456.618       9.158
  56.0953           455.159       9.147
  56.1953           448.981       9.095
  56.2953           450.634       9.104
  56.3953           441.631       8.989
  56.4953           433.360       8.959
  56.5953           443.362       9.046
  56.6953           445.642       9.042
  56.7953           441.155       9.009
  56.8953           446.665       9.087
  56.9953           465.628       9.226
  57.0953           461.736       9.244
  57.1953           462.790       9.236
  57.2953           460.679       9.251
  57.3953           453.401       9.175
  57.4953           437.957       8.955
  57.5953           432.490       8.998
  57.6953           425.055       8.894
  57.7953           438.402       9.057
  57.8953           435.454       9.246
  57.9953           431.257       9.082
  58.0953           427.239       8.965
  58.1953           445.867       9.109
  58.2953           438.158       9.002
  58.3953           429.813       8.952
  58.4953           429.055       8.872
  58.5953           437.650       9.009
  58.6953           429.288       8.876
  58.7953           427.353       8.869
  58.8953           424.451       8.841
  58.9953           420.601       8.842
  59.0953           442.041       8.889
  59.1953           437.941       9.023
  59.2953           445.943       9.063
  59.3953           459.397       9.182
  59.4953           466.023       9.236
  59.5953           458.144       9.161
  59.6953           421.759       8.798
  59.7953           445.450       9.096
  59.8953           453.264       9.051
  59.9953           453.368       9.156
  60.0953           453.044       9.149
  60.1953           448.190       9.055
  60.2953           458.414       9.152
  60.3953           457.233       9.202
  60.4953           414.810       8.714
  60.5953           424.323       8.836
  60.6953           445.549       9.074
  60.7953           445.132       9.071
  60.8953           478.294       9.442
  60.9953           512.761       9.819
  61.0953           541.839      10.198
  61.1953           543.840      10.248
  61.2953           520.651       9.834
  61.3953           454.085       9.148
  61.4953           458.072       9.152
  61.5953           439.831       8.999
  61.6953           432.882       8.896
  61.7953           428.910       8.855
  61.8953           439.706       9.002
  61.9953           437.345       8.914
  62.0953           456.231       9.088
  62.1953           463.395       9.248
  62.2953           457.946       9.103
  62.3953           474.440       9.290
  62.4953           467.330       9.209
  62.5953           463.094       9.236
  62.6953           486.584       9.373
  62.7953           474.767       9.297
  62.8953           466.612       9.210
  62.9953           439.739       8.945
  63.0953           434.720       8.877
  63.1953           418.861       8.713
  63.2953           422.779       8.835
  63.3953           434.812       8.861
  63.4953           428.112       8.809
  63.5953           437.374       8.960
  63.6953           448.718       9.062
  63.7953           431.521       8.840
  63.8953           424.404       8.838
  63.9953           461.766       9.177
  64.0953           508.550       9.670
  64.1953           732.041      11.643
  64.2953          1140.720      14.545
  64.3953          1809.363      19.026
  64.4953          2223.939      20.069
  64.5953          2414.817      21.266
  64.6953           956.742      12.686
  64.7953          1118.724      13.802
  64.8953           737.066      12.767
  64.9953           579.636      11.962
  65.0953           529.963      10.068
  65.1953           595.121       9.616
  65.2953           704.061      11.241
  65.3953           703.835      11.294
  65.4953           649.898      10.902
  65.5953           537.370       9.846
  65.6953           474.123       9.342
  65.7953           446.210       9.022
  65.8953           456.928       9.113
  65.9953           445.126       9.017
  66.0953           448.385       9.077
  66.1953           445.071       9.007
  66.2953           443.426       8.995
  66.3953           446.099       9.018
  66.4953           439.967       9.036
  66.5953           436.834       8.893
  66.6953           436.655       8.952
  66.7953           449.877       9.113
  66.8953           426.500       8.872
  66.9953           437.724       8.941
  67.0953           426.587       8.883
  67.1953           425.117       8.839
  67.2953           428.923       8.936
  67.3953           457.646       9.235
  67.4953           499.837       9.823
  67.5953           560.167      10.354
  67.6953           646.599      10.944
  67.7953           670.102      11.104
  67.8953           598.556      10.474
  67.9953           515.899       9.720
  68.0953           444.984       8.981
  68.1953           436.190       8.906
  68.2953           422.774       8.798
  68.3953           425.440       8.763
  68.4953           429.182       8.823
  68.5953           435.534       8.879
  68.6953           442.267       8.953
  68.7953           434.605       8.862
  68.8953           481.068       9.296
  68.9953           564.378      10.146
  69.0953           713.226      11.281
  69.1953           855.170      12.444
  69.2953           830.321      12.276
  69.3953           688.006      11.192
  69.4953           538.747       9.812
  69.5953           499.248       9.519
  69.6953           459.269       9.116
  69.7953           441.834       8.943
  69.8953           425.859       8.755
  69.9953           428.689       8.839
  70.0953           442.975       8.994
  70.1953           482.494       9.345
  70.2953           494.294       9.513
  70.3953           547.439      10.003
  70.4953           553.009      10.025
  70.5953           512.636       9.753
  70.6953           503.097       9.793
  70.7953           503.369       9.758
  70.8953           545.402      10.025
  70.9953           536.345       9.900
  71.0953           483.451       9.423
  71.1953           462.469       9.146
  71.2953           441.500       8.966
  71.3953           421.609       8.744
  71.4953           435.426       8.884
  71.5953           440.916       8.935
  71.6953           445.014       8.958
  71.7953           442.756       8.940
  71.8953           423.854       8.773
  71.9953           432.858       8.839
  72.0953           430.397       8.843
  72.1953           415.036       8.650
  72.2953           402.025       8.517
  72.3953           436.294       8.863
  72.4953           462.265       9.133
  72.5953           522.269       9.771
  72.6953           641.368      10.704
  72.7953           705.372      11.246
  72.8953           750.196      11.622
  72.9953           601.061      10.332
  73.0953           575.242      10.180
  73.1953           476.811       9.129
  73.2953           426.830       8.564
  73.3953           415.685       7.479
  73.4953           457.682      17.324
  73.5953           468.291       8.828
  73.6953           525.895       9.077
  73.7953           612.442       9.693
  73.8953           609.151      14.251
  73.9953           557.359       9.754
  74.0953           481.211       9.385
  74.1953           436.571       8.898
  74.2953           443.235       8.977
  74.3953           417.322       8.726
  74.4953           404.702       8.547
  74.5953           421.187       8.800
  74.6953           423.566       8.781
  74.7953           420.528       8.753
  74.8953           443.645       8.939
  74.9953           444.598       9.017
  75.0953           435.470       8.908
  75.1953           419.578       8.711
  75.2953           420.691       8.742
  75.3953           401.952       8.566
  75.4953           423.283       8.747
  75.5953           429.841       8.824
  75.6953           428.009       8.824
  75.7953           442.876       8.964
  75.8953           467.310       9.213
  75.9953           488.069       9.430
  76.0953           518.853       9.694
  76.1953           568.533      10.198
  76.2953           642.823      10.759
  76.3953           719.112      11.481
  76.4953           819.105      12.200
  76.5953           868.904      12.566
  76.6953           797.794      12.104
  76.7953           655.539      10.961
  76.8953           549.401      10.047
  76.9953           609.711      10.643
  77.0953           896.429      13.101
  77.1953          1440.940      16.630
  77.2953          1999.411      19.316
  77.3953          2032.609      19.366
  77.4953          1499.025      16.597
  77.5953           983.639      13.511
  77.6953          1019.083      13.593
  77.7953          1613.582      17.200
  77.8953          2316.009      20.637
  77.9953          2410.469      20.989
  78.0953          1746.065      17.825
  78.1953           946.355      13.188
  78.2953           548.920      10.007
  78.3953           460.242       9.166
  78.4953           435.123       8.914
  78.5953           442.385       9.004
  78.6953           437.437       8.937
  78.7953           470.834       9.271
  78.8953           473.921       9.334
  78.9953           503.646       9.602
  79.0953           566.299      10.181
  79.1953           597.505      10.439
  79.2953           536.463       9.936
  79.3953           458.558       9.149
  79.4953           441.658       8.939
  79.5953           414.320       8.748
  79.6953           406.138       8.635
  79.7953           402.317       8.581
  79.8953           418.720       8.804
  79.9953           406.138       8.655
  80.0953           410.146       8.711
  80.1953           415.167       8.815
  80.2953           425.610       9.086
  80.3953           413.023       8.850
  80.4953           417.811       8.842
  80.5953           414.796       8.729
  80.6953           416.104       8.778
  80.7953           413.011       8.694
  80.8953           432.977       8.922
  80.9953           447.881       9.021
  81.0953           482.456       9.404
  81.1953           497.276       9.512
  81.2953           465.984       9.237
  81.3953           445.441       8.975
  81.4953           435.222       8.910
  81.5953           447.848       9.029
  81.6953           422.315       8.764
  81.7953           460.796       9.177
  81.8953           436.427       8.886
  81.9953           453.203       9.062
  82.0953           453.852       9.097
  82.1953           439.234       8.970
  82.2953           458.383       9.099
  82.3953           474.750       9.287
  82.4953           469.425       9.265
  82.5953           471.629       9.262
  82.6953           440.743       8.913
  82.7953           445.124       9.065
  82.8953           440.614       8.966
  82.9953           427.888       8.830
  83.0953           422.897       8.807
  83.1953           452.144       9.118
  83.2953           490.837       9.499
  83.3953           630.214      10.806
  83.4953           803.018      12.422
  83.5953           878.486      12.943
  83.6953           756.267      11.887
  83.7953           586.412      10.365
  83.8953           510.074       9.709
  83.9953           479.190       9.380
  84.0953           475.697       9.336
  84.1953           500.941       9.561
  84.2953           555.986      10.097
  84.3953           613.087      10.519
  84.4953           573.707      10.253
  84.5953           488.497       9.434
  84.6953           414.925       8.680
  84.7953           419.133       8.724
  84.8953           407.913       8.733
  84.9953           427.889       8.627
  85.0953           439.385       9.033
  85.1953           430.454       8.829
  85.2953           416.570       8.707
  85.3953           427.376       8.842
  85.4953           415.659       8.686
  85.5953           408.142       8.591
  85.6953           407.946       8.629
  85.7953           420.968       8.751
  85.8953           426.831       8.801
  85.9953           427.796       8.889
  86.0953           424.495       8.755
  86.1953           418.037       8.776
  86.2953           430.049       8.839
  86.3953           433.335       8.924
  86.4953           425.045       8.898
  86.5953           438.746       8.973
  86.6953           429.433       9.071
  86.7953           456.575       9.367
  86.8953           603.916      10.600
  86.9953          1056.387      13.928
  87.0953          1956.224      18.951
  87.1953          2838.264      22.802
  87.2953          3066.128      23.614
  87.3953          2492.520      21.353
  87.4953          1676.912      17.521
  87.5953           980.123      13.323
  87.6953           593.850      10.380
  87.7953           465.174       9.215
  87.8953           435.995       8.903
  87.9953           426.469       8.773
  88.0953           425.894       8.810
  88.1953           420.844       8.758
  88.2953           427.220       8.783
  88.3953           420.256       8.725
  88.4953           418.721       8.737
  88.5953           421.555       8.752
  88.6953           399.796       8.512
  88.7953           408.576       8.640
  88.8953           427.753       8.792
  88.9953           413.899       8.703
  89.0953           427.109       8.788
  89.1953           414.261       8.726
  89.2953           402.152       8.537
  89.3953           398.766       8.535
  89.4953           405.364       8.631
  89.5953           423.418       8.764
  89.6953           410.258       8.705
  89.7953           411.736       8.709
  89.8953           426.783       9.021
  89.9953           516.849       9.939
  90.0953           646.720      10.957
  90.1953           790.831      12.067
  90.2953           780.174      11.965
  90.3953           631.579      10.723
  90.4953           502.603       9.508
  90.5953           423.699       8.789
  90.6953           413.711       8.660
  90.7953           393.585       8.455
  90.8953           391.459       8.413
  90.9953           384.068       8.343
  91.0953           385.715       8.389
  91.1953           412.839       8.612
  91.2953           412.006       8.661
  91.3953           400.496       8.494
  91.4953           420.095       8.744
  91.5953           442.271       8.948
  91.6953           552.055      10.009
  91.7953           717.637      11.442
  91.8953           927.866      12.880
  91.9953           907.260      12.877
  92.0953           690.606      11.165
  92.1953           503.807       9.579
  92.2953           451.139       9.034
  92.3953           469.671       9.268
  92.4953           466.600       9.229
  92.5953           475.256       9.296
  92.6953           425.441       8.802
  92.7953           403.548       8.625
  92.8953           372.296       8.247
  92.9953           389.612       8.522
  93.0953           413.740       8.900
  93.1953           444.044       9.217
  93.2953           465.495       9.370
  93.3953           446.911       9.087
  93.4953           428.268       8.890
  93.5953           407.032       8.658
  93.6953           415.550       8.749
  93.7953           392.442       8.489
  93.8953           391.999       8.498
  93.9953           386.466       8.431
  94.0953           379.142       8.303
  94.1953           386.519       8.421
  94.2953           378.288       8.333
  94.3953           417.307       8.717
  94.4953           429.174       8.866
  94.5953           464.068       9.219
  94.6953           505.750       9.625
  94.7953           551.521      10.029
  94.8953           655.416      10.966
  94.9953           654.186      10.990
  95.0953           559.509      10.059
  95.1953           481.704       9.456
  95.2953           554.803      10.064
  95.3953           747.281      11.702
  95.4953           946.632      13.168
  95.5953           910.664      12.944
  95.6953           759.995      11.829
  95.7953           646.072      10.902
  95.8953           676.923      11.088
  95.9953           724.461      11.714
  96.0953           683.461      11.147
  96.1953           637.841      10.952
  96.2953           594.077      10.687
  96.3953           521.410       9.976
  96.4953           475.439       9.460
  96.5953           538.490       9.972
  96.6953           723.061      11.578
  96.7953          1080.267      14.168
  96.8953          1388.790      15.944
  96.9953          1342.678      15.739
  97.0953           963.797      13.339
  97.1953           676.204      11.085
  97.2953           656.339      10.994
  97.3953           698.341      11.330
  97.4953           667.853      11.074
  97.5953           681.044      11.156
  97.6953           709.956      11.409
  97.7953           648.729      10.900
  97.8953           510.960       9.661
  97.9953           425.466       8.810
  98.0953           430.888       8.889
  98.1953           439.843       8.997
  98.2953           483.309       9.359
  98.3953           518.511       9.776
  98.4953           593.149      10.461
  98.5953           614.486      10.559
  98.6953           606.003      10.528
  98.7953           511.996       9.723
  98.8953           530.946       9.894
  98.9953           571.462      10.229
  99.0953           571.557      10.285
  99.1953           529.789       9.852
  99.2953           477.754       9.446
  99.3953           434.325       8.990
  99.4953           464.426       9.480
  99.5953           429.647       9.058
  99.6953           404.819       8.702
  99.7953           396.920       8.517
  99.8953           396.125       8.523
  99.9953           397.811       8.540
 100.0953           389.522       8.428
 100.1953           394.021       8.470
 100.2953           428.109       8.850
 100.3953           483.679       9.355
 100.4953           500.504       9.544
 100.5953           514.352       9.665
 100.6953           442.195       8.963
 100.7953           420.710       8.725
 100.8953           407.384       8.602
 100.9953           388.867       8.390
 101.0953           393.516       8.451
 101.1953           401.570       8.521
 101.2953           389.564       8.413
 101.3953           370.741       8.202
 101.4953           388.428       8.393
 101.5953           371.686       8.241
 101.6953           376.915       8.266
 101.7953           393.866       8.443
 101.8953           370.848       8.233
 101.9953           376.797       8.278
 102.0953           376.587       8.289
 102.1953           388.446       8.399
 102.2953           380.474       8.352
 102.3953           366.730       8.192
 102.4953           397.352       8.495
 102.5953           383.733       8.448
 102.6953           415.316       8.893
 102.8953           684.918      11.337
 102.9953           862.772      12.608
 103.0953           893.555      12.831
 103.1953           728.682      11.591
 103.2953           543.351       9.960
 103.3953           435.094       8.937
 103.4953           425.903       8.825
 103.5953           412.702       8.647
 103.6953           416.398       8.713
 103.7953           393.630       8.477
 103.8953           412.546       8.668
 103.9953           422.789       8.778
 104.0953           427.995       8.825
 104.1953           387.665       8.428
 104.2953           394.405       8.459
 104.3953           379.649       8.318
 104.4953           408.068       8.618
 104.5953           394.482       8.484
 104.6953           383.933       8.352
 104.7953           379.471       8.326
 104.8953           375.233       8.275
 104.9953           375.027       8.291
 105.0953           376.506       8.251
 105.1953           370.290       8.270
 105.2953           378.806       8.310
 105.3953           405.231       8.630
 105.4953           410.918       8.684
 105.5953           439.254       8.976
 105.6953           438.049       8.934
 105.7953           469.711       9.364
 105.8953           568.320      10.537
 105.9953           600.330      10.476
 106.0953           664.093      11.259
 106.1953           641.465      10.838
 106.2953           653.975      11.007
 106.3953           771.055      11.843
 106.4953           758.027      11.778
 106.5953           647.276      10.864
 106.6953           540.911       9.949
 106.7953           513.887       9.643
 106.8953           554.430       9.885
 106.9953           620.293      11.036
 107.0953           678.277      10.898
 107.1953           640.898      10.760
 107.2953           536.085       9.911
 107.3953           445.548       8.967
 107.4953           393.753       8.460
 107.5953           373.558       8.228
 107.6953           383.651       8.352
 107.7953           462.487       9.186
 107.8953           541.920       9.917
 107.9953           646.053      10.866
 108.0953           670.329      11.026
 108.1953           593.869      10.428
 108.2953           473.171       9.274
 108.3953           392.821       8.480
 108.4953           375.068       8.256
 108.5953           388.186       8.431
 108.6953           386.046       8.418
 108.7953           443.587       9.019
 108.8953           512.857       9.656
 108.9953           613.166      10.733
 109.0953           692.083      11.474
 109.1953           786.960      12.250
 109.2953           819.286      12.394
 109.3953           733.486      11.599
 109.4953           642.599      10.882
 109.5953           535.117       9.966
 109.6953           446.601       9.004
 109.7953           433.558       8.930
 109.8953           416.154       8.702
 109.9953           400.789       8.555
 110.0953           407.978       8.607
 110.1953           458.075       9.129
 110.2953           554.084      10.041
 110.3953           623.208      10.636
 110.4953           622.846      10.615
 110.5953           527.927       9.853
 110.6953           428.650       8.801
 110.7953           389.104       8.413
 110.8953           370.316       8.199
 110.9953           452.182       9.084
 111.0953           507.480       9.587
 111.1953           606.722      10.500
 111.2953           636.240      10.759
 111.3953           539.980       9.932
 111.4953           463.015       9.155
 111.5953           406.453       8.646
 111.6953           377.551       8.270
 111.7953           369.841       8.266
 111.8953           383.212       8.319
 111.9953           377.766       8.387
 112.0953           380.252       8.320
 112.1953           360.214       8.212
 112.2953           353.352       8.209
 112.3953           344.067       8.090
 112.4953           345.905       7.997
 112.5953           357.358       8.064
 112.6953           425.054       8.819
 112.7953           516.497       9.677
 112.8953           686.919      11.155
 112.9953           815.021      12.131
 113.0953           748.615      11.690
 113.1953           613.406      10.524
 113.2953           471.439       9.212
 113.3953           384.433       8.363
 113.4953           360.704       8.074
 113.5953           345.297       7.920
 113.6953           350.843       7.935
 113.7953           372.454       8.198
 113.8953           371.539       8.192
 113.9953           377.540       8.237
 114.0953           429.529       8.782
 114.1953           473.607       9.331
 114.2953           480.093       9.265
 114.3953           468.062       9.201
 114.4953           403.943       8.550
 114.5953           379.317       8.266
 114.6953           353.800       8.039
 114.7953           353.641       7.929
 114.8953           365.465       8.213
 114.9953           353.212       7.982
 115.0953           349.066       7.983
 115.1953           347.649       7.951
 115.2953           352.503       8.051
 115.3953           345.252       7.958
 115.4953           380.371       8.529
 115.5953           444.017       9.148
 115.6953           546.742      10.061
 115.7953           625.619      10.665
 115.8953           657.252      10.950
 115.9953           575.897      10.264
 116.0953           500.614       9.522
 116.1953           449.625       9.045
 116.2953           409.884       8.632
 116.3953           408.934       8.604
 116.4953           401.673       8.585
 116.5953           401.337       8.437
 116.6953           410.801       8.649
 116.7953           392.789       8.416
 116.8953           377.586       8.269
 116.9953           365.643       8.141
 117.0953           339.274       7.812
 117.1953           344.434       7.906
 117.2953           358.231       8.043
 117.3953           348.855       7.947
 117.4953           375.020       8.239
 117.5953           352.014       7.972
 117.6953           362.198       8.097
 117.7953           349.234       7.956
 117.8953           330.996       7.714
 117.9953           353.167       8.087
 118.0953           341.787       7.754
 118.1953           340.293       7.931
 118.2953           369.031       8.179
 118.3953           354.210       8.044
 118.4953           355.529       8.043
 118.5953           400.255       8.604
 118.6953           428.902       8.980
 118.7953           436.908       9.162
 118.8953           497.531       9.524
 118.9953           484.123       9.431
 119.0953           453.948       9.048
 119.1953           444.600       9.006
 119.2953           492.589       9.445
 119.3953           586.480      10.302
 119.4953           707.131      11.306
 119.5953           826.446      12.244
 119.6953           776.406      11.785
 119.7953           713.812      11.382
 119.8953           579.536      10.221
 119.9953           479.785       9.283
 120.0953           380.552       8.250
 120.1953           359.178       8.199
 120.2953           330.045       7.444
 120.3953           329.088       7.822
 120.4953           315.936       7.537
 120.5953           316.320       7.583
 120.6953           309.417       7.407
 120.7953           316.779       7.575
 120.8953           302.565       7.364
 120.9953           311.007       7.493
 121.0953           313.068       7.494
 121.1953           310.351       7.496
 121.2953           317.427       7.584
 121.3953           308.446       7.457
 121.4953           310.362       7.492
 121.5953           303.473       7.494
 121.6953           307.826       7.363
 121.7953           321.981       7.832
 121.8953           359.372       8.172
 121.9953           400.545       8.716
 122.0953           428.171       8.895
 122.1953           488.477       9.420
 122.2953           480.462       9.388
 122.3953           504.377       9.576
 122.4953           512.304       9.692
 122.5953           492.851       9.459
 122.6953           487.276       9.448
 122.7953           415.146       8.668
 122.8953           376.789       8.248
 122.9953           332.971       7.809
 123.0953           342.618       7.879
 123.1953           346.938       7.910
 123.2953           362.488       8.120
 123.3953           380.108       8.293
 123.4953           395.378       8.453
 123.5953           399.760       8.504
 123.6953           378.521       8.308
 123.7953           362.455       8.105
 123.8953           333.116       7.759
 123.9953           324.481       7.663
 124.0953           322.285       7.652
 124.1953           344.011       7.903
 124.2953           346.694       7.935
 124.3953           365.348       8.157
 124.4953           395.036       8.502
 124.5953           400.225       8.517
 124.6953           385.178       8.421
 124.7953           369.678       8.131
 124.8953           332.158       7.818
 124.9953           330.137       7.823
 125.0953           309.699       7.617
 125.1953           328.182       7.890
 125.2953           319.404       7.697
 125.3953           314.848       7.645
 125.4953           331.844       7.736
 125.5953           364.066       8.127
 125.6953           382.329       8.323
 125.7953           430.785       8.795
 125.8953           487.702       9.388
 125.9953           491.773       9.407
 126.0953           483.837       9.294
 126.1953           458.228       9.085
 126.2953           394.812       8.433
 126.3953           340.890       7.798
 126.4953           321.806       7.640
 126.5953           316.036       7.516
 126.6953           314.760       7.513
 126.7953           323.806       7.613
 126.8953           337.503       7.786
 126.9953           347.678       7.928
 127.0953           389.192       8.328
 127.1953           417.607       8.644
 127.2953           460.151       9.096
 127.3953           460.892       9.152
 127.4953           439.919       8.859
 127.5953           409.010       8.590
 127.6953           368.520       8.135
 127.7953           344.086       7.904
 127.8953           328.672       7.689
 127.9953           326.117       7.715
 128.0953           320.536       7.583
 128.1953           309.537       7.570
 128.2953           308.375       7.617
 128.3953           309.283       7.642
 128.4953           308.727       7.541
 128.5953           310.087       7.516
 128.6953           301.593       7.400
 128.7953           303.162       7.427
 128.8953           303.090       7.390
 128.9953           310.535       7.512
 129.0953           337.665       7.840
 129.1953           374.213       8.191
 129.2953           437.245       8.870
 129.3953           453.828       9.077
 129.4953           486.263       9.346
 129.5953           489.735       9.392
 129.6953           475.930       9.266
 129.7953           412.000       8.642
 129.8953           368.126       8.131
 129.9953           354.278       8.000
 130.0953           342.124       7.830
 130.1953           331.397       7.738
 130.2953           318.228       7.573
 130.3953           317.527       7.558
 130.4953           318.648       7.589
 130.5953           315.711       7.549
 130.6953           329.899       7.708
 130.7953           327.272       7.705
 130.8953           323.609       7.655
 130.9953           338.648       7.825
 131.0953           347.362       7.940
 131.1953           375.316       8.271
 131.2953           399.890       8.501
 131.3953           401.230       8.609
 131.4953           398.341       8.653
 131.5953           399.697       8.724
 131.6953           385.901       8.425
 131.7953           375.938       8.265
 131.8953           344.625       7.888
 131.9953           351.683       8.011
 132.0953           333.874       7.748
 132.1953           326.290       7.708
 132.2953           318.767       7.594
 132.3953           317.014       7.535
 132.4953           314.451       7.538
 132.5953           316.466       7.526
 132.6953           316.514       7.577
 132.7953           320.706       7.570
 132.8953           316.565       7.542
 132.9953           322.774       7.618
 133.0953           322.756       7.610
 133.1953           317.506       7.430
 133.2953           331.877       7.965
 133.3953           331.014       7.604
 133.4953           331.260       7.704
 133.5953           338.036       7.794
 133.6953           340.552       7.821
 133.7953           351.909       7.967
 133.8953           352.414       7.918
 133.9953           352.809       7.998
 134.0953           367.301       8.138
 134.1953           357.449       8.003
 134.2953           372.695       8.221
 134.3953           369.594       8.185
 134.4953           358.316       8.046
 134.5953           351.529       8.046
 134.6953           349.691       8.152
 134.7953           322.586       7.760
 134.8953           321.253       7.695
 134.9953           307.465       7.437
 135.0953           305.505       7.412
 135.1953           302.890       7.401
 135.2953           288.057       7.201
 135.3953           309.829       7.460
 135.4953           306.427       7.439
 135.5953           308.517       7.417
 135.6953           298.959       7.331
 135.7953           303.685       7.357
 135.8953           301.142       7.367
 135.9953           316.000       7.522
 136.0953           325.650       7.635
 136.1953           362.579       8.077
 136.2953           418.245       8.633
 136.3953           481.248       9.289
 136.4953           600.128      10.384
 136.5953           686.592      11.116
 136.6953           771.931      11.720
 136.7953           804.879      12.020
 136.8953           808.509      12.054
 136.9953           764.620      11.663
 137.0953           688.531      11.127
 137.1953           585.860      10.285
 137.2953           471.915       9.206
 137.3953           405.945       8.530
 137.4953           400.878       8.495
 137.5953           424.855       8.757
 137.6953           451.869       9.041
 137.7953           483.476       9.383
 137.8953           531.738      10.003
 137.9953           544.116      10.109
 138.0953           553.055      10.076
 138.1953           553.190       9.952
 138.2953           528.359       9.796
 138.3953           470.617       9.184
 138.4953           431.056       8.793
 138.5953           401.540       8.482
 138.6953           364.019       8.065
 138.7953           360.753       8.007
 138.8953           338.106       7.751
 138.9953           306.116       7.398
 139.0953           321.870       7.566
 139.1953           307.832       7.369
 139.2953           291.174       7.232
 139.3953           298.538       7.256
 139.4953           293.384       7.247
 139.5953           288.886       7.121
 139.6953           289.903       7.203
 139.7953           315.009       7.507
 139.8953           301.892       7.307
 139.9953           300.752       7.314
 140.0953           331.115       7.673
 140.1953           367.435       8.115
 140.2953           408.409       8.501
 140.3953           433.147       8.823
 140.4953           454.190       9.008
 140.5953           473.834       9.210
 140.6953           467.030       9.175
 140.7953           465.054       9.131
 140.8953           457.391       9.072
 140.9953           442.730       9.018
 141.0953           445.319       9.124
 141.1953           447.322       9.152
 141.2953           474.217       9.279
 141.3953           495.356       9.400
 141.4953           509.118       9.569
 141.5953           530.722       9.720
 141.6953           517.340       9.628
 141.7953           530.240       9.749
 141.8953           514.979       9.563
 141.9953           496.889       9.362
 142.0953           442.706       8.883
 142.1953           428.541       8.746
 142.2953           418.826       8.631
 142.3953           475.535       9.143
 142.4953           488.455       9.343
 142.5953           542.106       9.818
 142.6953           542.913       9.803
 142.7953           587.116      10.186
 142.8953           601.080      10.334
 142.9953           620.155      10.498
 143.0953           598.411      10.270
 143.1953           568.312      10.056
 143.2953           542.378       9.810
 143.3953           511.469       9.531
 143.4953           494.871       9.357
 143.5953           487.330       9.305
 143.6953           473.879       9.237
 143.7953           486.152       9.412
 143.8953           506.025       9.173
 143.9953           498.215       9.608
 144.0953           476.284       9.199
 144.1953           449.820       9.067
 144.2953           422.856       8.836
 144.3953           403.901       8.711
 144.4953           384.308       8.382
 144.5953           357.265       8.009
 144.6953           340.176       7.798
 144.7953           320.864       7.584
 144.8953           306.775       7.391
 144.9953           311.780       7.457
 145.0953           299.641       7.297
 145.1953           290.096       7.201
 145.2953           297.395       7.241
 145.3953           285.177       7.127
 145.4953           290.507       7.187
 145.5953           281.117       6.522
 145.6953           340.170       9.464
 145.7953           276.972       6.494
 145.8953           303.648       7.330
 145.9953           313.892       7.448
 146.0953           328.128       7.631
 146.1953           318.539       7.527
 146.2953           341.462       7.787
 146.3953           335.545       7.658
 146.4953           344.524       7.867
 146.5953           358.531       7.967
 146.6953           356.185       7.945
 146.7953           366.995       8.110
 146.8953           399.679       8.435
 146.9953           387.603       8.321
 147.0953           390.285       8.349
 147.1953           393.659       8.387
 147.2953           384.751       8.296
 147.3953           390.830       8.417
 147.4953           386.595       8.512
 147.5953           383.915       8.444
 147.6953           364.965       8.169
 147.7953           356.989       7.983
 147.8953           339.699       7.830
 147.9953           331.896       7.673
 148.0953           312.175       7.490
 148.1953           292.416       7.190
 148.2953           286.223       7.178
 148.3953           276.852       7.007
 148.4953           285.279       7.218
 148.5953           283.031       6.873
 148.6953           277.390       7.153
 148.7953           282.102       7.274
 148.8953           287.892       6.769
 148.9953           284.348       7.118
 149.0953           285.477       7.256
 149.1953           294.692       7.073
 149.2953           302.337       7.256
 149.3953           313.692       7.435
 149.4953           309.789       7.316
 149.5953           336.734       7.589
 149.6953           329.555       7.783
 149.7953           347.597       7.835
 149.8953           338.844       7.495
 149.9953           337.737       8.132
 150.0953           330.073       7.165
 150.1953           318.824       8.293
 150.2953           311.028       7.063
 150.3953           309.008       7.475
 150.4953           304.499       7.374
 150.5953           311.111       7.491
 150.6953           279.971       6.541
 150.7953             0.000       0.000
 150.8953             0.000       0.000
