XYDATA  Co2SiO4 8mmV 1.87A HiRes FullBeam 500K CF ROC 
INTER        1       1       0     0.100000
TEMP       79.2110      79.0100      79.0020
! d20 23-Apr-08 09:22:09 User Sazono   L.C.Hansen  Run 594842*d20_2008_04_5880
! d20 23-Apr-08 09:22:09 User Sazono   L.C.Hansen  Run 594842*d20_2008_04_5880
! Monitor/counts, Counting time/sec:       100000.      62.5111
   0.0953          4087.217      27.969
   0.1953          4248.261      28.980
   0.2953          4309.253      29.453
   0.3953          4151.643      28.724
   0.4953          3912.304      27.679
   0.5953          3501.336      25.975
   0.6953          3081.094      24.298
   0.7953          2610.769      22.426
   0.8953          2262.486      20.808
   0.9953          1997.365      19.601
   1.0953          1616.196      17.577
   1.1953          1347.453      16.017
   1.2953          1037.669      14.082
   1.3953           769.846      12.118
   1.4953           556.258      10.294
   1.5953           424.544       8.970
   1.6953           369.883       8.417
   1.7953           343.924       8.111
   1.8953           325.565       7.862
   1.9953           312.383       7.704
   2.0953           295.374       7.512
   2.1953           281.018       7.322
   2.2953           286.473       7.370
   2.3953           286.930       7.389
   2.4953           286.448       7.413
   2.5953           270.549       7.132
   2.6953           250.711       6.956
   2.7953           261.568       7.051
   2.8953           260.415       7.064
   2.9953           244.393       6.836
   3.0953           243.565       6.837
   3.1953           230.966       6.654
   3.2953           230.576       6.640
   3.3953           230.677       6.701
   3.4953           233.111       6.830
   3.5953           231.137       6.798
   3.6953           245.802       6.927
   3.7953           233.844       6.714
   3.8953           250.892       6.937
   3.9953           278.864       7.318
   4.0953           311.160       7.688
   4.1953           354.909       8.285
   4.2953           384.598       8.547
   4.3953           428.883       9.028
   4.4953           484.150       9.588
   4.5953           513.744       9.929
   4.6953           567.964      10.354
   4.7953           607.459      10.744
   4.8953           677.887      11.355
   4.9953           708.648      11.642
   5.0953           692.726      11.457
   5.1953           686.326      11.401
   5.2953           700.074      11.570
   5.3953           681.442      11.380
   5.4953           691.373      11.437
   5.5953           679.309      11.374
   5.6953           722.490      11.744
   5.7953           693.631      11.514
   5.8953           712.319      11.594
   5.9953           684.795      11.474
   6.0953           681.685      11.417
   6.1953           702.170      11.619
   6.2953           681.006      11.410
   6.3953           675.740      11.362
   6.4953           676.962      11.439
   6.5953           690.551      11.524
   6.6953           663.381      11.508
   6.7953           674.501      11.614
   6.8953           642.580      11.189
   6.9953           653.464      11.163
   7.0953           629.079      10.964
   7.1953           635.409      11.053
   7.2953           632.334      10.946
   7.3953           625.646      10.959
   7.4953           645.541      11.087
   7.5953           620.342      10.843
   7.6953           656.159      11.158
   7.7953           613.553      10.797
   7.8953           610.045      10.752
   7.9953           604.581      10.658
   8.0953           606.973      10.765
   8.1953           617.676      10.811
   8.2953           604.957      10.694
   8.3953           600.464      10.663
   8.4953           572.315      10.423
   8.5953           594.744      10.597
   8.6953           611.400      10.745
   8.7953           586.400      10.522
   8.8953           584.238      10.517
   8.9953           590.063      10.569
   9.0953           598.088      10.629
   9.1953           582.795      10.536
   9.2953           572.945      10.445
   9.3953           570.349      10.367
   9.4953           565.612      10.400
   9.5953           565.151      10.363
   9.6953           585.695      10.571
   9.7953           588.258      10.694
   9.8953           579.982      10.751
   9.9953           561.367      10.564
  10.0953           571.111      10.494
  10.1953           566.518      10.378
  10.2953           561.022      10.343
  10.3953           563.399      10.336
  10.4953           549.771      10.202
  10.5953           579.719      10.456
  10.6953           549.218      10.215
  10.7953           556.695      10.205
  10.8953           547.120      10.135
  10.9953           547.719      10.138
  11.0953           551.529      10.095
  11.1953           539.705      10.043
  11.2953           534.574      10.590
  11.3953           547.044       9.933
  11.4953           535.262       9.972
  11.5953           532.053       9.961
  11.6953           540.014      10.103
  11.7953           511.624       9.799
  11.8953           520.836       9.901
  11.9953           529.673       9.980
  12.0953           522.705       9.944
  12.1953           515.031       9.845
  12.2953           529.842       9.962
  12.3953           540.737      10.156
  12.4953           533.345      10.045
  12.5953           528.094       9.982
  12.6953           521.651       9.937
  12.7953           515.010       9.937
  12.8953           520.287       9.875
  12.9953           522.788      10.015
  13.0953           523.590      10.334
  13.1953           521.560       9.857
  13.2953           524.550      10.230
  13.3953           522.716       9.964
  13.4953           518.699       9.955
  13.5953           505.787       9.757
  13.6953           520.935       9.970
  13.7953           493.877       9.630
  13.8953           518.362       9.945
  13.9953           513.584       9.787
  14.0953           508.359       9.855
  14.1953           510.567       9.694
  14.2953           535.964      10.114
  14.3953           514.158       9.808
  14.4953           504.776       9.743
  14.5953           518.157       9.943
  14.6953           526.651       9.923
  14.7953           510.650       9.780
  14.8953           522.097       9.899
  14.9953           515.304       9.882
  15.0953           505.248       9.903
  15.1953           515.706       9.542
  15.2953           517.923      10.059
  15.3953           500.429       9.701
  15.4953           507.786       9.760
  15.5953           490.367       9.628
  15.6953           505.611       9.805
  15.7953           503.229       9.717
  15.8953           505.948       9.845
  15.9953           535.963      10.071
  16.0953           495.298       9.740
  16.1953           506.245       9.843
  16.2953           496.881       9.910
  16.3953           505.094      10.036
  16.4953           487.533       9.697
  16.5953           489.739       9.631
  16.6953           506.442       9.844
  16.7953           473.286       9.481
  16.8953           487.672       9.633
  16.9953           492.536       9.646
  17.0953           488.428       9.629
  17.1953           490.802       9.638
  17.2953           492.745       9.628
  17.3953           500.093       9.735
  17.4953           492.310       9.649
  17.5953           491.425       9.577
  17.6953           522.371       9.956
  17.7953           495.526       9.675
  17.8953           493.286       9.613
  17.9953           509.026       9.778
  18.0953           492.514       9.652
  18.1953           513.118       9.831
  18.2953           517.165       9.875
  18.3953           471.120       9.404
  18.4953           523.358       9.962
  18.5953           532.787       9.989
  18.6953           508.667       9.786
  18.7953           510.534       9.838
  18.8953           507.754       9.803
  18.9953           492.691       9.626
  19.0953           505.071       9.797
  19.1953           509.561       9.838
  19.2953           489.875       9.659
  19.3953           495.447       9.713
  19.4953           490.065       9.889
  19.5953           476.034       9.663
  19.6953           496.661       9.733
  19.7953           488.747       9.645
  19.8953           504.684       9.778
  19.9953           493.694       9.660
  20.0953           490.250       9.616
  20.1953           498.506       9.534
  20.2953           515.826      10.241
  20.3953           470.328       9.341
  20.4953           504.548       9.505
  20.5953           492.122       9.753
  20.6953           491.347       9.570
  20.7953           516.484       9.844
  20.8953           518.937       9.860
  20.9953           545.791      10.160
  21.0953           565.212      10.270
  21.1953           554.982      10.208
  21.2953           552.088      10.168
  21.3953           545.563      10.133
  21.4953           499.768       9.690
  21.5953           514.606       9.819
  21.6953           508.225       9.814
  21.7953           504.283       9.687
  21.8953           503.948       9.755
  21.9953           503.424       9.715
  22.0953           514.741       9.853
  22.1953           510.857       9.848
  22.2953           531.639      10.015
  22.3953           502.269       9.772
  22.4953           473.288       9.485
  22.5953           488.995       9.665
  22.6953           479.096       9.739
  22.7953           468.537       9.604
  22.8953           484.002       9.607
  22.9953           472.506       9.422
  23.0953           473.975       9.466
  23.1953           474.104       9.461
  23.2953           449.775       9.175
  23.3953           464.736       9.343
  23.4953           459.690       9.325
  23.5953           456.592       9.189
  23.6953           462.773       9.308
  23.7953           470.587       9.378
  23.8953           473.377       9.404
  23.9953           459.721       9.239
  24.0953           467.311       9.356
  24.1953           465.056       9.329
  24.2953           471.453       9.342
  24.3953           482.252       9.491
  24.4953           464.926       9.293
  24.5953           473.191       9.445
  24.6953           478.347       9.410
  24.7953           488.948       9.520
  24.8953           499.138       9.687
  24.9953           515.254       9.781
  25.0953           545.145      10.083
  25.1953           557.757      10.214
  25.2953           520.056       9.874
  25.3953           504.076       9.712
  25.4953           485.490       9.549
  25.5953           473.882       9.442
  25.6953           444.241       9.127
  25.7953           447.169       9.250
  25.8953           451.244       9.391
  25.9953           465.679       9.560
  26.0953           453.997       9.277
  26.1953           454.203       9.239
  26.2953           454.202       9.214
  26.3953           462.796       9.352
  26.4953           484.215       9.496
  26.5953           472.735       9.374
  26.6953           498.533       9.677
  26.7953           476.375       9.424
  26.8953           502.519       9.687
  26.9953           490.696       9.530
  27.0953           505.740       9.735
  27.1953           502.362       9.659
  27.2953           526.760       9.909
  27.3953           518.161       9.835
  27.4953           575.367      10.346
  27.5953           604.731      10.603
  27.6953           712.008      11.553
  27.7953           795.668      12.156
  27.8953           892.254      12.920
  27.9953           898.240      12.870
  28.0953           831.504      12.494
  28.1953           692.577      11.381
  28.2953           559.025      10.179
  28.3953           503.355       9.727
  28.4953           474.211       9.398
  28.5953           456.530       9.244
  28.6953           468.935       9.398
  28.7953           486.975       9.584
  28.8953           521.923       9.931
  28.9953           534.996      10.035
  29.0953           562.430      10.477
  29.1953           584.741      10.660
  29.2953           563.856      10.408
  29.3953           570.987      10.385
  29.4953           516.452       9.874
  29.5953           483.383       9.515
  29.6953           467.023       9.340
  29.7953           437.244       9.072
  29.8953           450.468       9.210
  29.9953           431.947       8.972
  30.0953           453.054       9.217
  30.1953           452.067       9.203
  30.2953           444.519       9.127
  30.3953           454.964       9.195
  30.4953           460.154       9.306
  30.5953           441.270       9.097
  30.6953           459.036       9.263
  30.7953           473.834       9.394
  30.8953           491.993       9.590
  30.9953           520.959       9.904
  31.0953           512.981       9.766
  31.1953           529.784       9.954
  31.2953           504.489       9.743
  31.3953           504.608       9.708
  31.4953           484.377       9.525
  31.5953           432.064       8.997
  31.6953           445.420       9.177
  31.7953           433.975       9.014
  31.8953           435.091       9.062
  31.9953           444.555       9.130
  32.0953           427.711       8.995
  32.1953           425.628       9.017
  32.2953           426.143       9.150
  32.3953           425.689       9.096
  32.4953           426.791       8.994
  32.5953           424.360       8.921
  32.6953           417.180       8.848
  32.7953           416.532       8.807
  32.8953           418.527       8.867
  32.9953           442.849       9.057
  33.0953           420.618       8.895
  33.1953           440.194       9.025
  33.2953           418.353       8.843
  33.3953           421.810       8.828
  33.4953           416.623       8.805
  33.5953           425.389       8.868
  33.6953           421.662       8.835
  33.7953           422.521       8.900
  33.8953           416.224       8.753
  33.9953           429.814       8.922
  34.0953           428.212       8.921
  34.1953           442.015       9.064
  34.2953           434.343       8.998
  34.3953           430.530       8.855
  34.4953           430.943       9.015
  34.5953           448.910       9.079
  34.6953           433.685       9.019
  34.7953           447.876       9.131
  34.8953           437.600       9.019
  34.9953           429.907       8.933
  35.0953           465.497       9.349
  35.1953           449.113       9.160
  35.2953           449.657       9.198
  35.3953           439.164       9.163
  35.4953           445.356       9.305
  35.5953           443.929       9.297
  35.6953           449.919       9.258
  35.7953           431.324       8.976
  35.8953           454.145       9.236
  35.9953           466.458       9.312
  36.0953           469.950       9.375
  36.1953           506.415       9.701
  36.2953           519.219       9.878
  36.3953           531.001       9.926
  36.4953           542.688      10.076
  36.5953           549.786      10.066
  36.6953           511.897       9.772
  36.7953           468.772       9.303
  36.8953           463.544       9.288
  36.9953           452.275       9.173
  37.0953           438.682       9.017
  37.1953           429.494       8.896
  37.2953           430.932       8.970
  37.3953           423.914       8.858
  37.4953           427.512       8.885
  37.5953           429.426       8.946
  37.6953           426.685       8.897
  37.7953           415.926       8.804
  37.8953           423.583       8.850
  37.9953           445.716       9.111
  38.0953           426.866       8.922
  38.1953           427.598       8.939
  38.2953           437.028       9.006
  38.3953           455.697       9.252
  38.4953           454.778       9.190
  38.5953           451.285       9.274
  38.6953           450.757       9.370
  38.7953           463.726       9.515
  38.8953           450.390       9.238
  38.9953           461.761       9.340
  39.0953           478.452       9.475
  39.1953           531.888       9.946
  39.2953           599.414      10.586
  39.3953           656.496      11.046
  39.4953           649.972      11.029
  39.5953           610.138      10.631
  39.6953           558.113      10.195
  39.7953           480.240       9.431
  39.8953           449.910       9.157
  39.9953           452.299       9.138
  40.0953           435.815       8.994
  40.1953           454.916       9.228
  40.2953           467.471       9.294
  40.3953           446.013       9.085
  40.4953           457.512       9.241
  40.5953           451.317       9.159
  40.6953           453.443       9.168
  40.7953           442.430       9.080
  40.8953           454.484       9.210
  40.9953           458.082       9.225
  41.0953           445.244       9.075
  41.1953           461.095       9.308
  41.2953           450.118       9.158
  41.3953           465.366       9.315
  41.4953           464.645       9.353
  41.5953           447.273       9.145
  41.6953           455.205       9.231
  41.7953           474.144       9.531
  41.8953           478.395       9.823
  41.9953           478.054       9.374
  42.0953           489.261       9.805
  42.1953           554.311      10.185
  42.2953           647.487      11.101
  42.3953           808.817      12.293
  42.4953           917.766      13.149
  42.5953           920.140      13.038
  42.6953           920.461      13.197
  42.7953           826.824      12.417
  42.8953           702.941      11.412
  42.9953           613.209      10.742
  43.0953           539.729      10.004
  43.1953           495.667       9.589
  43.2953           501.184       9.696
  43.3953           531.988       9.920
  43.4953           589.635      10.487
  43.5953           610.988      10.662
  43.6953           641.809      10.895
  43.7953           595.970      10.532
  43.8953           547.616      10.113
  43.9953           511.036       9.720
  44.0953           458.867       9.233
  44.1953           468.714       9.391
  44.2953           482.933       9.460
  44.3953           522.359       9.904
  44.4953           566.249      10.277
  44.5953           654.402      11.003
  44.6953           758.249      11.970
  44.7953           787.235      12.156
  44.8953           728.463      11.701
  44.9953           636.689      11.007
  45.0953           539.615      10.284
  45.1953           489.501       9.747
  45.2953           454.558       9.254
  45.3953           453.114       9.201
  45.4953           456.092       9.201
  45.5953           444.924       9.114
  45.6953           435.116       8.980
  45.7953           480.959       9.432
  45.8953           506.089       9.707
  45.9953           589.748      10.425
  46.0953           711.620      11.447
  46.1953           878.275      12.739
  46.2953           909.455      12.971
  46.3953           860.227      12.577
  46.4953           714.527      11.489
  46.5953           574.311      10.293
  46.6953           501.425       9.613
  46.7953           456.628       9.192
  46.8953           463.286       9.236
  46.9953           459.986       9.183
  47.0953           465.341       9.279
  47.1953           475.360       9.366
  47.2953           529.516       9.894
  47.3953           595.725      10.479
  47.4953           638.614      10.874
  47.5953           643.336      10.873
  47.6953           603.964      10.597
  47.7953           545.656      10.043
  47.8953           513.635       9.770
  47.9953           487.912       9.549
  48.0953           500.820       9.622
  48.1953           601.820      10.708
  48.2953           787.477      12.356
  48.3953          1110.942      14.724
  48.4953          1838.671      18.579
  48.5953          2677.097      22.386
  48.6953          3397.041      25.135
  48.7953          3549.434      25.780
  48.8953          3257.627      24.541
  48.9953          2640.031      22.130
  49.0953          1848.293      18.602
  49.1953          1231.339      15.053
  49.2953           793.918      12.116
  49.3953           551.755      10.112
  49.4953           493.233       9.549
  49.5953           495.097       9.564
  49.6953           480.886       9.400
  49.7953           494.093       9.605
  49.8953           487.197       9.443
  49.9953           468.321       9.285
  50.0953           477.018       9.415
  50.1953           463.939       9.264
  50.2953           453.823       9.156
  50.3953           464.715       9.270
  50.4953           465.995       9.281
  50.5953           457.767       9.226
  50.6953           468.399       9.298
  50.7953           495.263       9.597
  50.8953           530.899       9.927
  50.9953           622.924      10.762
  51.0953           737.333      11.723
  51.1953           828.595      12.432
  51.2953           845.320      12.566
  51.3953           735.418      11.715
  51.4953           616.294      10.986
  51.5953           518.445      10.011
  51.6953           474.690       9.473
  51.7953           473.684       9.397
  51.8953           478.732       9.423
  51.9953           497.105       9.579
  52.0953           515.931       9.794
  52.1953           523.038       9.849
  52.2953           518.324       9.743
  52.3953           512.206       9.739
  52.4953           500.305       9.586
  52.5953           500.183       9.582
  52.6953           505.448       9.647
  52.7953           477.179       9.358
  52.8953           451.260       9.132
  52.9953           447.290       9.038
  53.0953           440.635       9.017
  53.1953           448.719       9.067
  53.2953           436.452       8.960
  53.3953           444.662       9.045
  53.4953           422.147       8.825
  53.5953           441.809       8.987
  53.6953           432.881       8.939
  53.7953           424.547       8.850
  53.8953           455.267       9.118
  53.9953           454.366       9.180
  54.0953           437.402       8.992
  54.1953           443.720       9.042
  54.2953           449.875       9.122
  54.3953           468.178       9.341
  54.4953           511.692       9.733
  54.5953           540.625      10.077
  54.6953           585.110      10.644
  54.7953           593.509      10.745
  54.8953           550.673      10.146
  54.9953           512.099       9.787
  55.0953           485.998       9.475
  55.1953           479.139       9.437
  55.2953           486.762       9.456
  55.3953           478.193       9.405
  55.4953           477.787       9.396
  55.5953           463.682       9.215
  55.6953           439.285       9.025
  55.7953           451.201       9.123
  55.8953           457.009       9.164
  55.9953           451.755       9.108
  56.0953           456.544       9.160
  56.1953           440.788       9.011
  56.2953           440.247       8.998
  56.3953           446.854       9.041
  56.4953           448.097       9.109
  56.5953           442.355       9.035
  56.6953           440.419       8.988
  56.7953           447.328       9.071
  56.8953           435.486       8.972
  56.9953           465.540       9.224
  57.0953           462.204       9.248
  57.1953           484.087       9.445
  57.2953           442.756       9.068
  57.3953           449.787       9.138
  57.4953           444.650       9.022
  57.5953           459.188       9.271
  57.6953           430.373       8.949
  57.7953           439.629       9.069
  57.8953           450.886       9.408
  57.9953           426.585       9.031
  58.0953           434.874       9.044
  58.1953           447.086       9.120
  58.2953           440.665       9.027
  58.3953           427.867       8.931
  58.4953           425.855       8.838
  58.5953           419.204       8.816
  58.6953           412.134       8.696
  58.7953           432.611       8.922
  58.8953           433.212       8.931
  58.9953           433.535       8.976
  59.0953           422.649       8.691
  59.1953           430.050       8.940
  59.2953           449.728       9.101
  59.3953           474.915       9.335
  59.4953           459.344       9.169
  59.5953           456.409       9.143
  59.6953           459.130       9.179
  59.7953           450.754       9.150
  59.8953           441.248       8.929
  59.9953           443.481       9.054
  60.0953           437.804       8.993
  60.1953           445.178       9.023
  60.2953           445.901       9.025
  60.3953           442.884       9.055
  60.4953           457.395       9.150
  60.5953           443.384       9.032
  60.6953           431.417       8.928
  60.7953           455.588       9.176
  60.8953           497.034       9.624
  60.9953           494.986       9.646
  61.0953           515.821       9.949
  61.1953           521.138      10.031
  61.2953           503.461       9.669
  61.3953           470.036       9.306
  61.4953           455.791       9.129
  61.5953           435.513       8.954
  61.6953           427.863       8.843
  61.7953           422.063       8.783
  61.8953           447.365       9.079
  61.9953           450.166       9.043
  62.0953           464.837       9.173
  62.1953           471.060       9.323
  62.2953           458.583       9.108
  62.3953           455.791       9.105
  62.4953           470.691       9.242
  62.5953           479.773       9.400
  62.6953           495.882       9.461
  62.7953           474.678       9.295
  62.8953           441.071       8.953
  62.9953           440.566       8.952
  63.0953           425.753       8.784
  63.1953           435.461       8.883
  63.2953           422.884       8.835
  63.3953           421.906       8.727
  63.4953           443.259       8.963
  63.5953           429.949       8.882
  63.6953           414.954       8.713
  63.7953           434.338       8.868
  63.8953           427.822       8.873
  63.9953           462.409       9.182
  64.0953           516.361       9.743
  64.1953           730.236      11.628
  64.2953          1136.054      14.514
  64.3953          1805.021      19.001
  64.4953          2226.235      20.077
  64.5953          2384.961      21.132
  64.6953           906.269      12.345
  64.7953          1118.513      13.799
  64.8953           720.340      12.620
  64.9953           589.156      12.059
  65.0953           540.384      10.165
  65.1953           583.820       9.524
  65.2953           672.518      10.985
  65.3953           725.811      11.467
  65.4953           653.067      10.927
  65.5953           545.928       9.923
  65.6953           458.202       9.182
  65.7953           451.965       9.079
  65.8953           434.482       8.885
  65.9953           438.465       8.948
  66.0953           438.742       8.978
  66.1953           460.299       9.158
  66.2953           431.479       8.872
  66.3953           421.580       8.766
  66.4953           433.388       8.967
  66.5953           432.587       8.849
  66.6953           433.268       8.917
  66.7953           442.406       9.036
  66.8953           432.511       8.933
  66.9953           442.756       8.991
  67.0953           440.939       9.031
  67.1953           447.097       9.064
  67.2953           430.891       8.956
  67.3953           452.714       9.184
  67.4953           500.322       9.827
  67.5953           561.209      10.363
  67.6953           638.697      10.875
  67.7953           652.863      10.959
  67.8953           603.209      10.513
  67.9953           528.257       9.835
  68.0953           451.245       9.043
  68.1953           417.740       8.714
  68.2953           428.555       8.857
  68.3953           434.026       8.850
  68.4953           453.958       9.074
  68.5953           406.482       8.577
  68.6953           425.504       8.781
  68.7953           435.427       8.870
  68.8953           457.800       9.068
  68.9953           547.669       9.994
  69.0953           703.276      11.201
  69.1953           822.054      12.199
  69.2953           827.079      12.251
  69.3953           693.521      11.236
  69.4953           546.687       9.883
  69.5953           505.869       9.581
  69.6953           465.336       9.176
  69.7953           438.854       8.912
  69.8953           428.480       8.781
  69.9953           432.255       8.875
  70.0953           433.029       8.891
  70.1953           450.907       9.033
  70.2953           494.750       9.516
  70.3953           524.302       9.788
  70.4953           532.912       9.840
  70.5953           524.601       9.865
  70.6953           498.045       9.743
  70.7953           493.814       9.664
  70.8953           535.347       9.931
  70.9953           520.891       9.755
  71.0953           503.569       9.617
  71.1953           454.241       9.063
  71.2953           446.880       9.019
  71.3953           420.079       8.727
  71.4953           419.569       8.720
  71.5953           420.186       8.722
  71.6953           439.881       8.905
  71.7953           432.743       8.837
  71.8953           423.774       8.772
  71.9953           425.013       8.758
  72.0953           417.413       8.707
  72.1953           414.416       8.643
  72.2953           427.940       8.787
  72.3953           433.330       8.832
  72.4953           463.261       9.142
  72.5953           513.212       9.685
  72.6953           628.026      10.591
  72.7953           709.184      11.275
  72.8953           729.530      11.459
  72.9953           617.468      10.472
  73.0953           568.106      10.116
  73.1953           472.176       9.084
  73.2953           418.843       8.483
  73.3953           423.682       7.550
  73.4953           447.748      17.133
  73.5953           456.885       8.719
  73.6953           523.916       9.059
  73.7953           619.077       9.745
  73.8953           571.013      13.796
  73.9953           564.595       9.816
  74.0953           483.317       9.405
  74.1953           439.028       8.923
  74.2953           415.511       8.691
  74.3953           416.696       8.719
  74.4953           408.237       8.584
  74.5953           420.188       8.788
  74.6953           421.119       8.754
  74.7953           437.397       8.926
  74.8953           439.597       8.898
  74.9953           431.343       8.881
  75.0953           417.892       8.725
  75.1953           416.785       8.681
  75.2953           399.899       8.522
  75.3953           404.249       8.589
  75.4953           416.514       8.675
  75.5953           419.432       8.716
  75.6953           426.837       8.811
  75.7953           427.549       8.807
  75.8953           466.495       9.204
  75.9953           476.498       9.316
  76.0953           520.566       9.709
  76.1953           551.229      10.041
  76.2953           630.456      10.654
  76.3953           721.543      11.500
  76.4953           808.230      12.117
  76.5953           907.270      12.840
  76.6953           811.785      12.209
  76.7953           654.132      10.948
  76.8953           586.603      10.381
  76.9953           581.541      10.393
  77.0953           873.092      12.928
  77.1953          1459.283      16.734
  77.2953          1912.639      18.891
  77.3953          2000.307      19.210
  77.4953          1516.013      16.689
  77.5953           970.091      13.417
  77.6953           969.577      13.257
  77.7953          1541.047      16.807
  77.8953          2254.162      20.357
  77.9953          2445.832      21.141
  78.0953          1808.512      18.140
  78.1953           978.157      13.407
  78.2953           573.265      10.225
  78.3953           460.886       9.172
  78.4953           435.954       8.921
  78.5953           437.352       8.952
  78.6953           454.885       9.112
  78.7953           449.928       9.062
  78.8953           458.019       9.175
  78.9953           498.973       9.557
  79.0953           562.531      10.146
  79.1953           577.144      10.259
  79.2953           543.909      10.004
  79.3953           482.756       9.387
  79.4953           433.793       8.858
  79.5953           413.688       8.741
  79.6953           405.326       8.626
  79.7953           413.592       8.700
  79.8953           425.306       8.872
  79.9953           406.984       8.663
  80.0953           405.258       8.658
  80.1953           410.783       8.768
  80.2953           423.589       9.064
  80.3953           408.583       8.801
  80.4953           412.679       8.786
  80.5953           394.873       8.516
  80.6953           415.470       8.771
  80.7953           410.736       8.669
  80.8953           433.263       8.924
  80.9953           451.613       9.058
  81.0953           470.814       9.289
  81.1953           491.905       9.460
  81.2953           467.544       9.252
  81.3953           454.764       9.068
  81.4953           455.209       9.111
  81.5953           421.178       8.756
  81.6953           432.423       8.868
  81.7953           449.009       9.058
  81.8953           440.146       8.923
  81.9953           433.362       8.861
  82.0953           439.905       8.955
  82.1953           430.907       8.883
  82.2953           465.161       9.165
  82.3953           475.932       9.298
  82.4953           462.203       9.193
  82.5953           455.167       9.098
  82.6953           444.086       8.946
  82.7953           448.918       9.103
  82.8953           441.625       8.975
  82.9953           423.068       8.780
  83.0953           419.882       8.774
  83.1953           451.139       9.107
  83.2953           507.292       9.656
  83.3953           635.099      10.847
  83.4953           797.678      12.379
  83.5953           867.641      12.861
  83.6953           779.292      12.065
  83.7953           609.754      10.568
  83.8953           515.338       9.758
  83.9953           495.076       9.533
  84.0953           471.758       9.297
  84.1953           490.807       9.463
  84.2953           563.217      10.162
  84.3953           598.531      10.392
  84.4953           583.861      10.342
  84.5953           489.863       9.447
  84.6953           427.742       8.812
  84.7953           407.247       8.599
  84.8953           413.259       8.789
  84.9953           420.675       8.553
  85.0953           424.999       8.883
  85.1953           438.524       8.911
  85.2953           427.232       8.817
  85.3953           415.034       8.713
  85.4953           404.688       8.570
  85.5953           407.703       8.586
  85.6953           424.118       8.798
  85.7953           407.241       8.606
  85.8953           423.846       8.769
  85.9953           441.387       9.029
  86.0953           425.679       8.766
  86.1953           419.064       8.786
  86.2953           448.141       9.023
  86.3953           426.819       8.856
  86.4953           435.026       9.001
  86.5953           421.777       8.797
  86.6953           430.885       9.086
  86.7953           458.796       9.389
  86.8953           605.663      10.614
  86.9953          1011.751      13.629
  87.0953          1890.691      18.629
  87.1953          2774.903      22.544
  87.2953          3008.453      23.388
  87.3953          2442.116      21.134
  87.4953          1689.226      17.584
  87.5953          1001.126      13.464
  87.6953           625.312      10.651
  87.7953           468.921       9.252
  87.8953           424.456       8.784
  87.9953           420.431       8.710
  88.0953           395.554       8.489
  88.1953           418.576       8.734
  88.2953           413.955       8.645
  88.3953           407.493       8.591
  88.4953           410.619       8.651
  88.5953           433.289       8.872
  88.6953           413.860       8.660
  88.7953           425.680       8.819
  88.8953           401.281       8.515
  88.9953           413.272       8.695
  89.0953           416.719       8.680
  89.1953           423.007       8.816
  89.2953           402.620       8.541
  89.3953           395.036       8.494
  89.4953           408.963       8.668
  89.5953           404.830       8.569
  89.6953           413.322       8.737
  89.7953           405.024       8.637
  89.8953           440.246       9.162
  89.9953           516.560       9.936
  90.0953           621.165      10.737
  90.1953           760.115      11.829
  90.2953           749.200      11.723
  90.3953           635.283      10.754
  90.4953           515.282       9.627
  90.5953           444.043       8.997
  90.6953           402.208       8.538
  90.7953           405.320       8.579
  90.8953           395.183       8.452
  90.9953           401.944       8.535
  91.0953           395.863       8.498
  91.1953           404.496       8.524
  91.2953           401.548       8.549
  91.3953           395.014       8.435
  91.4953           419.834       8.741
  91.5953           439.472       8.919
  91.6953           533.982       9.843
  91.7953           704.731      11.337
  91.8953           901.053      12.691
  91.9953           928.290      13.024
  92.0953           715.748      11.365
  92.1953           512.821       9.664
  92.2953           456.119       9.083
  92.3953           463.179       9.203
  92.4953           465.599       9.218
  92.5953           444.253       8.986
  92.6953           450.318       9.055
  92.7953           411.955       8.714
  92.8953           393.970       8.483
  92.9953           408.745       8.728
  93.0953           410.598       8.865
  93.1953           414.873       8.908
  93.2953           452.390       9.236
  93.3953           439.805       9.013
  93.4953           418.221       8.784
  93.5953           403.823       8.623
  93.6953           399.995       8.583
  93.7953           403.022       8.602
  93.8953           383.264       8.402
  93.9953           372.962       8.282
  94.0953           385.801       8.375
  94.1953           392.685       8.487
  94.2953           399.147       8.559
  94.3953           388.818       8.413
  94.4953           421.947       8.791
  94.5953           453.356       9.111
  94.6953           522.510       9.782
  94.7953           590.999      10.381
  94.8953           659.145      10.996
  94.9953           644.461      10.907
  95.0953           557.233      10.037
  95.1953           500.366       9.637
  95.2953           537.353       9.904
  95.3953           728.081      11.550
  95.4953           926.671      13.027
  95.5953           966.053      13.330
  95.6953           778.632      11.972
  95.7953           642.087      10.867
  95.8953           662.990      10.972
  95.9953           706.141      11.564
  96.0953           693.878      11.231
  96.1953           630.010      10.883
  96.2953           578.005      10.541
  96.3953           548.608      10.232
  96.4953           494.928       9.651
  96.5953           543.190      10.015
  96.6953           721.626      11.566
  96.7953          1057.395      14.015
  96.8953          1398.228      15.997
  96.9953          1373.232      15.915
  97.0953           984.475      13.480
  97.1953           681.347      11.126
  97.2953           656.768      10.997
  97.3953           701.335      11.353
  97.4953           681.133      11.183
  97.5953           638.518      10.801
  97.6953           726.325      11.539
  97.7953           653.735      10.941
  97.8953           527.856       9.819
  97.9953           440.532       8.964
  98.0953           422.003       8.796
  98.1953           437.367       8.971
  98.2953           476.512       9.292
  98.3953           523.207       9.820
  98.4953           580.674      10.349
  98.5953           639.047      10.767
  98.6953           593.815      10.421
  98.7953           532.952       9.919
  98.8953           496.919       9.570
  98.9953           542.054       9.961
  99.0953           566.636      10.240
  99.1953           533.353       9.884
  99.2953           482.894       9.496
  99.3953           455.462       9.205
  99.4953           450.015       9.331
  99.5953           432.431       9.086
  99.6953           395.199       8.597
  99.7953           401.963       8.570
  99.8953           382.292       8.372
  99.9953           389.484       8.449
 100.0953           395.286       8.489
 100.1953           405.420       8.591
 100.2953           444.498       9.017
 100.3953           468.928       9.211
 100.4953           500.592       9.544
 100.5953           513.346       9.655
 100.6953           474.820       9.287
 100.7953           407.599       8.587
 100.8953           405.308       8.579
 100.9953           391.148       8.414
 101.0953           408.148       8.606
 101.1953           408.729       8.596
 101.2953           390.035       8.418
 101.3953           377.750       8.279
 101.4953           387.810       8.385
 101.5953           376.186       8.290
 101.6953           388.813       8.395
 101.7953           366.996       8.149
 101.8953           396.375       8.511
 101.9953           366.721       8.166
 102.0953           380.531       8.332
 102.1953           384.194       8.352
 102.2953           376.917       8.313
 102.3953           375.265       8.286
 102.4953           371.482       8.213
 102.5953           392.963       8.549
 102.6953           391.999       8.639
 102.8953           661.894      11.144
 102.9953           855.424      12.553
 103.0953           892.097      12.819
 103.1953           746.246      11.729
 103.2953           516.588       9.711
 103.3953           440.705       8.994
 103.4953           416.494       8.726
 103.5953           413.348       8.653
 103.6953           404.284       8.584
 103.7953           400.313       8.548
 103.8953           423.581       8.783
 103.9953           425.444       8.804
 104.0953           424.820       8.791
 104.1953           398.588       8.545
 104.2953           374.551       8.242
 104.3953           380.307       8.325
 104.4953           395.611       8.485
 104.5953           397.145       8.512
 104.6953           396.038       8.482
 104.7953           386.527       8.403
 104.8953           387.211       8.406
 104.9953           367.623       8.208
 105.0953           380.234       8.291
 105.1953           380.381       8.381
 105.2953           382.199       8.346
 105.3953           404.051       8.616
 105.4953           411.942       8.694
 105.5953           421.193       8.788
 105.6953           433.775       8.890
 105.7953           467.568       9.342
 105.8953           576.810      10.615
 105.9953           608.810      10.549
 106.0953           656.141      11.190
 106.1953           631.089      10.749
 106.2953           651.443      10.985
 106.3953           725.251      11.484
 106.4953           751.661      11.728
 106.5953           657.729      10.950
 106.6953           540.809       9.947
 106.7953           483.024       9.348
 106.8953           559.084       9.925
 106.9953           640.404      11.213
 107.0953           667.118      10.806
 107.1953           638.790      10.741
 107.2953           561.638      10.143
 107.3953           441.673       8.927
 107.4953           403.680       8.566
 107.5953           372.762       8.219
 107.6953           393.036       8.453
 107.7953           422.437       8.778
 107.8953           530.745       9.813
 107.9953           619.977      10.643
 108.0953           686.346      11.156
 108.1953           599.801      10.479
 108.2953           494.536       9.481
 108.3953           406.113       8.621
 108.4953           370.816       8.208
 108.5953           371.262       8.244
 108.6953           404.151       8.613
 108.7953           432.132       8.901
 108.8953           504.760       9.578
 108.9953           598.960      10.606
 109.0953           700.704      11.544
 109.1953           767.933      12.100
 109.2953           803.945      12.276
 109.3953           767.649      11.865
 109.4953           673.809      11.142
 109.5953           540.585      10.016
 109.6953           462.133       9.159
 109.7953           436.604       8.961
 109.8953           424.266       8.786
 109.9953           406.741       8.617
 110.0953           406.085       8.586
 110.1953           451.256       9.060
 110.2953           540.512       9.916
 110.3953           614.739      10.563
 110.4953           624.718      10.630
 110.5953           547.506      10.033
 110.6953           439.053       8.907
 110.7953           387.393       8.394
 110.8953           381.504       8.321
 110.9953           421.799       8.772
 111.0953           509.014       9.601
 111.1953           590.070      10.354
 111.2953           626.294      10.674
 111.3953           568.197      10.187
 111.4953           479.583       9.316
 111.5953           385.772       8.422
 111.6953           385.453       8.356
 111.7953           394.718       8.539
 111.8953           394.339       8.438
 111.9953           384.213       8.457
 112.0953           361.608       8.112
 112.1953           357.524       8.181
 112.2953           346.227       8.125
 112.3953           340.958       8.052
 112.4953           350.648       8.051
 112.5953           350.010       7.980
 112.6953           409.966       8.660
 112.7953           507.878       9.595
 112.8953           655.086      10.892
 112.9953           785.255      11.906
 113.0953           771.658      11.867
 113.1953           635.684      10.713
 113.2953           471.530       9.212
 113.3953           383.997       8.358
 113.4953           365.155       8.123
 113.5953           354.499       8.024
 113.6953           343.237       7.848
 113.7953           338.449       7.814
 113.8953           365.868       8.128
 113.9953           381.603       8.280
 114.0953           429.089       8.777
 114.1953           470.024       9.295
 114.2953           489.124       9.351
 114.3953           468.155       9.201
 114.4953           427.038       8.790
 114.5953           401.045       8.498
 114.6953           362.868       8.140
 114.7953           342.369       7.801
 114.8953           345.639       7.986
 114.9953           354.409       7.995
 115.0953           351.192       8.006
 115.1953           354.677       8.030
 115.2953           356.299       8.094
 115.3953           365.741       8.191
 115.4953           374.752       8.465
 115.5953           437.336       9.078
 115.6953           525.714       9.865
 115.7953           609.864      10.529
 115.8953           640.527      10.808
 115.9953           597.195      10.451
 116.0953           495.085       9.468
 116.1953           462.644       9.174
 116.2953           418.897       8.725
 116.3953           391.836       8.421
 116.4953           406.369       8.634
 116.5953           400.374       8.426
 116.6953           391.599       8.443
 116.7953           409.852       8.597
 116.8953           380.232       8.297
 116.9953           352.699       7.995
 117.0953           344.248       7.869
 117.1953           349.633       7.965
 117.2953           355.454       8.011
 117.3953           354.947       8.015
 117.4953           359.198       8.062
 117.5953           342.377       7.861
 117.6953           338.591       7.828
 117.7953           329.951       7.732
 117.8953           341.005       7.829
 117.9953           338.650       7.919
 118.0953           333.452       7.658
 118.1953           332.833       7.843
 118.2953           348.474       7.947
 118.3953           354.874       8.051
 118.4953           372.389       8.231
 118.5953           391.114       8.504
 118.6953           416.220       8.846
 118.7953           440.861       9.203
 118.8953           489.231       9.443
 118.9953           462.899       9.221
 119.0953           451.517       9.023
 119.1953           426.451       8.820
 119.2953           472.572       9.250
 119.3953           576.415      10.212
 119.4953           688.739      11.157
 119.5953           811.959      12.135
 119.6953           797.728      11.945
 119.7953           725.838      11.477
 119.8953           610.976      10.494
 119.9953           480.413       9.289
 120.0953           392.108       8.373
 120.1953           347.502       8.064
 120.2953           335.693       7.506
 120.3953           313.403       7.633
 120.4953           318.035       7.562
 120.5953           323.353       7.666
 120.6953           309.181       7.404
 120.7953           316.357       7.569
 120.8953           312.909       7.489
 120.9953           310.226       7.482
 121.0953           314.804       7.515
 121.1953           302.865       7.405
 121.2953           304.136       7.422
 121.3953           304.962       7.414
 121.4953           318.446       7.588
 121.5953           310.635       7.581
 121.6953           314.462       7.441
 121.7953           343.648       8.091
 121.8953           348.709       8.049
 121.9953           394.778       8.652
 122.0953           424.763       8.859
 122.1953           454.045       9.081
 122.2953           477.986       9.363
 122.3953           497.735       9.512
 122.4953           489.467       9.473
 122.5953           498.931       9.516
 122.6953           476.557       9.342
 122.7953           425.567       8.775
 122.8953           370.036       8.173
 122.9953           347.016       7.972
 123.0953           333.491       7.772
 123.1953           339.477       7.823
 123.2953           350.594       7.985
 123.3953           389.266       8.391
 123.4953           390.603       8.401
 123.5953           394.980       8.452
 123.6953           376.626       8.286
 123.7953           346.071       7.919
 123.8953           347.879       7.929
 123.9953           311.385       7.506
 124.0953           333.310       7.781
 124.1953           317.978       7.597
 124.2953           348.990       7.960
 124.3953           354.530       8.035
 124.4953           381.418       8.353
 124.5953           382.925       8.330
 124.6953           379.212       8.355
 124.7953           352.971       7.944
 124.8953           344.982       7.967
 124.9953           326.922       7.784
 125.0953           328.758       7.848
 125.1953           314.646       7.725
 125.2953           319.344       7.696
 125.3953           310.703       7.594
 125.4953           343.508       7.870
 125.5953           350.751       7.976
 125.6953           380.082       8.298
 125.7953           426.393       8.749
 125.8953           483.995       9.351
 125.9953           485.741       9.348
 126.0953           479.995       9.256
 126.1953           438.504       8.886
 126.2953           392.756       8.410
 126.3953           359.026       8.002
 126.4953           329.004       7.725
 126.5953           307.929       7.418
 126.6953           320.084       7.576
 126.7953           324.103       7.616
 126.8953           326.659       7.659
 126.9953           346.346       7.912
 127.0953           380.028       8.228
 127.1953           416.812       8.635
 127.2953           440.280       8.897
 127.3953           446.081       9.003
 127.4953           446.795       8.927
 127.5953           404.060       8.537
 127.6953           361.804       8.060
 127.7953           356.373       8.043
 127.8953           317.813       7.561
 127.9953           329.341       7.752
 128.0953           305.762       7.405
 128.1953           309.849       7.573
 128.2953           312.646       7.669
 128.3953           301.102       7.539
 128.4953           315.119       7.618
 128.5953           296.723       7.352
 128.6953           314.978       7.562
 128.7953           318.396       7.611
 128.8953           307.540       7.444
 128.9953           300.297       7.386
 129.0953           353.079       8.016
 129.1953           375.757       8.208
 129.2953           426.364       8.758
 129.3953           455.922       9.097
 129.4953           491.561       9.396
 129.5953           484.959       9.345
 129.6953           459.960       9.109
 129.7953           440.206       8.932
 129.8953           381.529       8.277
 129.9953           359.452       8.058
 130.0953           344.031       7.851
 130.1953           333.684       7.764
 130.2953           328.443       7.692
 130.3953           309.908       7.466
 130.4953           314.610       7.540
 130.5953           310.775       7.489
 130.6953           305.878       7.421
 130.7953           325.940       7.689
 130.8953           315.939       7.563
 130.9953           328.817       7.710
 131.0953           330.776       7.747
 131.1953           361.387       8.115
 131.2953           383.547       8.324
 131.3953           394.317       8.534
 131.4953           396.385       8.631
 131.5953           403.812       8.768
 131.6953           388.772       8.456
 131.7953           364.780       8.140
 131.8953           372.551       8.200
 131.9953           355.451       8.054
 132.0953           314.926       7.524
 132.1953           343.897       7.912
 132.2953           330.289       7.729
 132.3953           306.741       7.411
 132.4953           308.064       7.461
 132.5953           306.020       7.400
 132.6953           319.176       7.608
 132.7953           301.521       7.339
 132.8953           318.482       7.564
 132.9953           328.470       7.685
 133.0953           306.183       7.411
 133.1953           322.490       7.488
 133.2953           323.399       7.862
 133.3953           329.729       7.588
 133.4953           335.678       7.754
 133.5953           321.972       7.606
 133.6953           337.972       7.791
 133.7953           348.956       7.933
 133.8953           351.636       7.908
 133.9953           347.846       7.941
 134.0953           357.852       8.032
 134.1953           361.145       8.043
 134.2953           367.726       8.166
 134.3953           367.530       8.161
 134.4953           356.440       8.025
 134.5953           366.752       8.217
 134.6953           332.514       7.949
 134.7953           340.640       7.974
 134.8953           310.867       7.569
 134.9953           316.226       7.542
 135.0953           301.490       7.362
 135.1953           321.466       7.624
 135.2953           298.989       7.336
 135.3953           292.341       7.245
 135.4953           296.796       7.320
 135.5953           294.722       7.249
 135.6953           284.875       7.155
 135.7953           288.473       7.169
 135.8953           303.789       7.399
 135.9953           307.344       7.417
 136.0953           335.796       7.753
 136.1953           347.751       7.910
 136.2953           401.767       8.461
 136.3953           478.467       9.261
 136.4953           574.497      10.159
 136.5953           704.641      11.260
 136.6953           758.972      11.620
 136.7953           818.190      12.118
 136.8953           822.015      12.153
 136.9953           783.334      11.804
 137.0953           705.485      11.262
 137.1953           585.208      10.278
 137.2953           485.477       9.336
 137.3953           427.201       8.749
 137.4953           382.617       8.298
 137.5953           423.691       8.744
 137.6953           451.784       9.039
 137.7953           490.488       9.450
 137.8953           530.320       9.988
 137.9953           554.157      10.201
 138.0953           550.564      10.052
 138.1953           532.494       9.763
 138.2953           520.993       9.727
 138.3953           494.189       9.410
 138.4953           444.970       8.933
 138.5953           411.142       8.582
 138.6953           370.564       8.137
 138.7953           361.218       8.011
 138.8953           346.751       7.848
 138.9953           322.694       7.595
 139.0953           302.241       7.330
 139.1953           304.774       7.332
 139.2953           294.713       7.275
 139.3953           300.070       7.273
 139.4953           308.371       7.429
 139.5953           293.923       7.182
 139.6953           302.559       7.358
 139.7953           301.707       7.346
 139.8953           300.773       7.293
 139.9953           297.671       7.275
 140.0953           319.668       7.539
 140.1953           366.110       8.100
 140.2953           389.217       8.298
 140.3953           424.796       8.737
 140.4953           449.636       8.962
 140.5953           483.234       9.300
 140.6953           477.940       9.281
 140.7953           478.774       9.264
 140.8953           478.902       9.282
 140.9953           454.774       9.139
 141.0953           460.942       9.282
 141.1953           453.043       9.209
 141.2953           469.225       9.229
 141.3953           472.783       9.182
 141.4953           494.992       9.434
 141.5953           532.758       9.738
 141.6953           539.646       9.833
 141.7953           531.215       9.757
 141.8953           514.349       9.556
 141.9953           493.267       9.327
 142.0953           461.696       9.070
 142.1953           426.496       8.724
 142.2953           409.675       8.535
 142.3953           461.203       9.003
 142.4953           459.404       9.060
 142.5953           516.397       9.581
 142.6953           542.987       9.803
 142.7953           588.242      10.195
 142.8953           614.649      10.449
 142.9953           624.481      10.533
 143.0953           596.712      10.255
 143.1953           585.288      10.204
 143.2953           535.177       9.743
 143.3953           507.643       9.494
 143.4953           505.572       9.457
 143.5953           498.788       9.413
 143.6953           483.694       9.331
 143.7953           482.962       9.380
 143.8953           472.334       8.862
 143.9953           492.747       9.554
 144.0953           473.884       9.174
 144.1953           458.145       9.150
 144.2953           451.774       9.133
 144.3953           416.603       8.846
 144.4953           375.274       8.282
 144.5953           358.635       8.023
 144.6953           352.092       7.933
 144.7953           330.128       7.692
 144.8953           324.529       7.601
 144.9953           307.617       7.407
 145.0953           316.297       7.497
 145.1953           299.340       7.314
 145.2953           286.757       7.109
 145.3953           297.598       7.280
 145.4953           287.429       7.148
 145.5953           282.426       6.536
 145.6953           342.740       9.499
 145.7953           281.032       6.541
 145.8953           292.084       7.188
 145.9953           301.987       7.305
 146.0953           325.935       7.605
 146.1953           313.675       7.468
 146.2953           334.115       7.702
 146.3953           344.398       7.757
 146.4953           342.662       7.845
 146.5953           355.629       7.934
 146.6953           357.713       7.961
 146.7953           383.059       8.284
 146.8953           386.960       8.299
 146.9953           385.386       8.296
 147.0953           385.924       8.302
 147.1953           404.488       8.501
 147.2953           393.804       8.392
 147.3953           394.020       8.451
 147.4953           371.526       8.343
 147.5953           374.367       8.338
 147.6953           368.554       8.208
 147.7953           361.564       8.033
 147.8953           338.371       7.814
 147.9953           317.638       7.506
 148.0953           316.251       7.538
 148.1953           310.932       7.414
 148.2953           302.378       7.377
 148.3953           291.350       7.188
 148.4953           282.119       7.177
 148.5953           282.477       6.865
 148.6953           277.153       7.149
 148.7953           277.170       7.210
 148.8953           283.698       6.719
 148.9953           270.926       6.947
 149.0953           288.744       7.297
 149.1953           300.750       7.145
 149.2953           299.840       7.226
 149.3953           319.979       7.509
 149.4953           326.150       7.506
 149.5953           328.801       7.498
 149.6953           324.712       7.725
 149.7953           324.739       7.573
 149.8953           322.861       7.315
 149.9953           339.240       8.149
 150.0953           322.542       7.082
 150.1953           322.217       8.336
 150.2953           310.167       7.053
 150.3953           307.503       7.456
 150.4953           304.620       7.375
 150.5953           306.903       7.439
 150.6953           279.918       6.540
 150.7953             0.000       0.000
 150.8953             0.000       0.000
