XYDATA  Co2SiO4 8mmV 1.87A HiRes FullBeam 500K CF ROC 
INTER        1       1       0     0.100000
TEMP       101.913      100.001      100.000
! d20 23-Apr-08 09:22:09 User Sazono   L.C.Hansen  Run 594842*d20_2008_04_5880
! d20 23-Apr-08 09:22:09 User Sazono   L.C.Hansen  Run 594842*d20_2008_04_5880
! Monitor/counts, Counting time/sec:       100000.      62.5111
   0.0953          4118.479      28.051
   0.1953          4314.452      29.180
   0.2953          4315.388      29.448
   0.3953          4127.524      28.615
   0.4953          3857.374      27.460
   0.5953          3452.703      25.771
   0.6953          3060.980      24.198
   0.7953          2650.053      22.574
   0.8953          2268.276      20.817
   0.9953          1936.073      19.281
   1.0953          1622.341      17.595
   1.1953          1310.691      15.783
   1.2953          1023.454      13.973
   1.3953           780.691      12.192
   1.4953           565.939      10.374
   1.5953           411.499       8.823
   1.6953           357.183       8.264
   1.7953           349.055       8.164
   1.8953           314.757       7.723
   1.9953           309.749       7.665
   2.0953           295.431       7.506
   2.1953           303.014       7.597
   2.2953           279.912       7.278
   2.3953           284.908       7.356
   2.4953           276.557       7.278
   2.5953           256.741       6.941
   2.6953           276.110       7.294
   2.7953           248.768       6.871
   2.8953           258.046       7.026
   2.9953           244.730       6.835
   3.0953           237.387       6.744
   3.1953           238.414       6.754
   3.2953           234.757       6.694
   3.3953           230.273       6.689
   3.4953           223.707       6.685
   3.5953           235.927       6.862
   3.6953           238.545       6.818
   3.7953           247.881       6.907
   3.8953           260.801       7.067
   3.9953           278.377       7.305
   4.0953           294.298       7.470
   4.1953           335.357       8.047
   4.2953           383.546       8.527
   4.3953           425.097       8.980
   4.4953           480.649       9.545
   4.5953           522.429      10.004
   4.6953           593.548      10.575
   4.7953           628.217      10.916
   4.8953           670.435      11.283
   4.9953           700.534      11.565
   5.0953           690.002      11.424
   5.1953           673.780      11.286
   5.2953           688.922      11.468
   5.3953           665.451      11.235
   5.4953           663.526      11.195
   5.5953           672.227      11.305
   5.6953           693.781      11.498
   5.7953           686.502      11.445
   5.8953           669.811      11.232
   5.9953           685.326      11.468
   6.0953           677.820      11.375
   6.1953           665.617      11.303
   6.2953           676.570      11.363
   6.3953           675.132      11.347
   6.4953           670.761      11.377
   6.5953           651.901      11.187
   6.6953           675.976      11.607
   6.7953           659.944      11.478
   6.8953           651.574      11.257
   6.9953           666.412      11.263
   7.0953           629.887      10.962
   7.1953           640.634      11.088
   7.2953           654.125      11.124
   7.3953           625.703      10.950
   7.4953           627.109      10.918
   7.5953           631.182      10.928
   7.6953           614.465      10.788
   7.7953           624.625      10.885
   7.8953           618.252      10.815
   7.9953           602.774      10.632
   8.0953           592.947      10.631
   8.1953           607.526      10.713
   8.2953           613.528      10.760
   8.3953           588.826      10.550
   8.4953           587.237      10.549
   8.5953           583.524      10.487
   8.6953           588.837      10.535
   8.7953           578.399      10.441
   8.8953           579.436      10.465
   8.9953           579.958      10.469
   9.0953           579.122      10.450
   9.1953           563.709      10.352
   9.2953           567.191      10.383
   9.3953           569.728      10.352
   9.4953           579.135      10.514
   9.5953           558.471      10.293
   9.6953           568.097      10.401
   9.7953           573.059      10.546
   9.8953           567.026      10.621
   9.9953           571.106      10.646
  10.0953           573.386      10.505
  10.1953           554.137      10.255
  10.2953           545.379      10.189
  10.3953           574.723      10.431
  10.4953           553.158      10.224
  10.5953           549.893      10.174
  10.6953           543.516      10.153
  10.7953           554.602      10.177
  10.8953           557.414      10.221
  10.9953           532.896       9.991
  11.0953           531.930       9.905
  11.1953           542.494      10.060
  11.2953           537.831      10.613
  11.3953           547.709       9.930
  11.4953           541.748      10.024
  11.5953           526.654       9.902
  11.6953           531.143      10.011
  11.7953           526.661       9.933
  11.8953           544.926      10.119
  11.9953           530.625       9.980
  12.0953           514.235       9.855
  12.1953           527.848       9.958
  12.2953           532.844       9.981
  12.3953           525.697      10.005
  12.4953           518.999       9.901
  12.5953           522.084       9.916
  12.6953           513.179       9.847
  12.7953           535.363      10.123
  12.8953           517.132       9.836
  12.9953           523.598      10.014
  13.0953           529.194      10.380
  13.1953           497.769       9.621
  13.2953           522.638      10.203
  13.3953           526.734       9.994
  13.4953           542.785      10.174
  13.5953           519.002       9.875
  13.6953           516.975       9.923
  13.7953           503.515       9.715
  13.8953           511.550       9.870
  13.9953           526.282       9.898
  14.0953           503.464       9.799
  14.1953           498.830       9.573
  14.2953           518.064       9.935
  14.3953           501.301       9.676
  14.4953           514.974       9.833
  14.5953           519.156       9.943
  14.6953           513.782       9.792
  14.7953           523.040       9.890
  14.8953           510.877       9.783
  14.9953           520.649       9.925
  15.0953           507.079       9.912
  15.1953           504.226       9.427
  15.2953           500.434       9.879
  15.3953           514.203       9.825
  15.4953           495.659       9.634
  15.5953           495.362       9.668
  15.6953           497.701       9.720
  15.7953           513.404       9.806
  15.8953           496.264       9.742
  15.9953           518.206       9.894
  16.0953           496.728       9.745
  16.1953           500.582       9.780
  16.2953           505.487       9.987
  16.3953           494.254       9.919
  16.4953           509.407       9.903
  16.5953           504.770       9.769
  16.6953           506.321       9.834
  16.7953           497.874       9.716
  16.8953           507.151       9.815
  16.9953           497.147       9.683
  17.0953           496.484       9.700
  17.1953           500.340       9.723
  17.2953           500.903       9.699
  17.3953           490.892       9.636
  17.4953           487.672       9.595
  17.5953           473.978       9.397
  17.6953           489.625       9.630
  17.7953           525.034       9.951
  17.8953           500.095       9.671
  17.9953           483.752       9.524
  18.0953           509.785       9.811
  18.1953           497.172       9.669
  18.2953           497.810       9.679
  18.3953           508.910       9.765
  18.4953           495.933       9.689
  18.5953           498.381       9.652
  18.6953           503.642       9.729
  18.7953           496.958       9.698
  18.8953           500.252       9.721
  18.9953           495.210       9.642
  19.0953           510.071       9.836
  19.1953           500.135       9.738
  19.2953           498.149       9.732
  19.3953           484.123       9.593
  19.4953           485.223       9.831
  19.5953           490.284       9.798
  19.6953           479.603       9.556
  19.7953           480.100       9.551
  19.8953           471.830       9.446
  19.9953           481.506       9.532
  20.0953           480.917       9.516
  20.1953           495.632       9.498
  20.2953           486.296       9.935
  20.3953           487.293       9.500
  20.4953           481.138       9.273
  20.5953           503.616       9.858
  20.6953           499.237       9.638
  20.7953           503.966       9.715
  20.8953           509.424       9.761
  20.9953           538.605      10.084
  21.0953           538.137      10.012
  21.1953           564.136      10.283
  21.2953           544.017      10.085
  21.3953           543.858      10.108
  21.4953           517.282       9.850
  21.5953           501.547       9.685
  21.6953           508.093       9.804
  21.7953           473.856       9.382
  21.8953           495.902       9.668
  21.9953           490.748       9.584
  22.0953           507.626       9.777
  22.1953           501.812       9.752
  22.2953           495.857       9.663
  22.3953           493.988       9.682
  22.4953           480.433       9.548
  22.5953           457.238       9.337
  22.6953           475.886       9.698
  22.7953           485.412       9.767
  22.8953           461.065       9.369
  22.9953           478.997       9.478
  23.0953           444.637       9.160
  23.1953           454.797       9.258
  23.2953           466.186       9.333
  23.3953           476.492       9.453
  23.4953           458.887       9.309
  23.5953           453.024       9.145
  23.6953           446.260       9.132
  23.7953           450.354       9.166
  23.8953           468.445       9.347
  23.9953           456.692       9.200
  24.0953           456.581       9.239
  24.1953           456.581       9.236
  24.2953           457.690       9.196
  24.3953           453.058       9.191
  24.4953           464.670       9.282
  24.5953           463.327       9.338
  24.6953           462.722       9.247
  24.7953           501.050       9.628
  24.8953           509.718       9.781
  24.9953           514.724       9.768
  25.0953           528.548       9.920
  25.1953           533.435       9.980
  25.2953           519.147       9.857
  25.3953           517.209       9.829
  25.4953           473.951       9.426
  25.5953           471.175       9.407
  25.6953           454.514       9.224
  25.7953           442.184       9.190
  25.8953           469.192       9.567
  25.9953           452.715       9.417
  26.0953           461.533       9.345
  26.1953           456.412       9.253
  26.2953           462.181       9.286
  26.3953           471.046       9.427
  26.4953           453.054       9.177
  26.5953           478.592       9.424
  26.6953           481.717       9.504
  26.7953           509.430       9.737
  26.8953           488.214       9.540
  26.9953           495.569       9.569
  27.0953           488.951       9.563
  27.1953           500.186       9.630
  27.2953           501.456       9.659
  27.3953           526.948       9.909
  27.4953           546.313      10.072
  27.5953           613.884      10.673
  27.6953           701.966      11.462
  27.7953           819.313      12.325
  27.8953           891.628      12.905
  27.9953           912.873      12.963
  28.0953           823.115      12.420
  28.1953           681.095      11.277
  28.2953           580.444      10.363
  28.3953           488.773       9.576
  28.4953           471.709       9.365
  28.5953           493.305       9.601
  28.6953           474.134       9.441
  28.7953           474.259       9.449
  28.8953           502.707       9.738
  28.9953           533.497      10.013
  29.0953           573.725      10.572
  29.1953           596.332      10.756
  29.2953           582.439      10.569
  29.3953           576.591      10.427
  29.4953           492.552       9.634
  29.5953           472.064       9.394
  29.6953           455.386       9.215
  29.7953           453.022       9.226
  29.8953           459.272       9.292
  29.9953           440.311       9.050
  30.0953           443.086       9.107
  30.1953           436.684       9.037
  30.2953           447.672       9.151
  30.3953           456.396       9.202
  30.4953           449.389       9.188
  30.5953           447.990       9.158
  30.6953           455.621       9.220
  30.7953           471.890       9.367
  30.8953           480.493       9.469
  30.9953           495.983       9.655
  31.0953           532.137       9.938
  31.1953           526.804       9.917
  31.2953           539.123      10.063
  31.3953           509.508       9.746
  31.4953           470.063       9.375
  31.5953           452.453       9.199
  31.6953           447.284       9.188
  31.7953           446.865       9.139
  31.8953           437.724       9.082
  31.9953           435.914       9.033
  32.0953           418.084       8.885
  32.1953           443.581       9.197
  32.2953           433.443       9.220
  32.3953           442.416       9.265
  32.4953           418.285       8.896
  32.5953           421.745       8.885
  32.6953           421.512       8.886
  32.7953           437.189       9.015
  32.8953           420.422       8.879
  32.9953           412.850       8.737
  33.0953           416.313       8.842
  33.1953           419.837       8.806
  33.2953           418.929       8.842
  33.3953           429.008       8.895
  33.4953           431.690       8.955
  33.5953           444.585       9.058
  33.6953           419.816       8.808
  33.7953           428.710       8.957
  33.8953           431.124       8.901
  33.9953           430.358       8.919
  34.0953           438.229       9.017
  34.1953           440.686       9.043
  34.2953           421.669       8.858
  34.3953           425.958       8.800
  34.4953           435.463       9.054
  34.5953           448.492       9.066
  34.6953           438.734       9.064
  34.7953           441.888       9.062
  34.8953           446.489       9.103
  34.9953           439.908       9.029
  35.0953           447.056       9.154
  35.1953           439.186       9.050
  35.2953           465.406       9.349
  35.3953           461.691       9.387
  35.4953           446.130       9.304
  35.5953           439.459       9.242
  35.6953           433.153       9.075
  35.7953           436.167       9.019
  35.8953           461.604       9.303
  35.9953           480.125       9.440
  36.0953           495.834       9.621
  36.1953           499.220       9.624
  36.2953           512.495       9.805
  36.3953           525.255       9.863
  36.4953           551.640      10.150
  36.5953           532.261       9.896
  36.6953           502.991       9.678
  36.7953           499.666       9.597
  36.8953           466.451       9.309
  36.9953           441.266       9.053
  37.0953           434.954       8.971
  37.1953           451.193       9.110
  37.2953           436.705       9.022
  37.3953           421.140       8.822
  37.4953           430.084       8.904
  37.5953           416.577       8.804
  37.6953           432.980       8.955
  37.7953           432.507       8.970
  37.8953           440.200       9.014
  37.9953           427.638       8.917
  38.0953           432.639       8.974
  38.1953           442.715       9.088
  38.2953           454.426       9.175
  38.3953           450.024       9.186
  38.4953           445.453       9.087
  38.5953           446.881       9.220
  38.6953           440.048       9.250
  38.7953           445.171       9.315
  38.8953           463.416       9.362
  38.9953           484.917       9.563
  39.0953           491.294       9.593
  39.1953           555.659      10.157
  39.2953           597.433      10.560
  39.3953           648.481      10.969
  39.4953           655.938      11.070
  39.5953           616.470      10.677
  39.6953           531.289       9.938
  39.7953           479.585       9.416
  39.8953           464.945       9.301
  39.9953           450.402       9.111
  40.0953           457.854       9.211
  40.1953           451.878       9.190
  40.2953           448.386       9.094
  40.3953           451.702       9.135
  40.4953           446.460       9.121
  40.5953           444.959       9.086
  40.6953           460.611       9.233
  40.7953           469.016       9.341
  40.8953           460.400       9.262
  40.9953           450.604       9.141
  41.0953           463.678       9.253
  41.1953           451.283       9.200
  41.2953           440.214       9.048
  41.3953           446.306       9.114
  41.4953           458.944       9.287
  41.5953           471.701       9.383
  41.6953           451.980       9.190
  41.7953           451.506       9.292
  41.8953           468.496       9.712
  41.9953           486.396       9.447
  42.0953           510.776      10.009
  42.1953           554.090      10.174
  42.2953           651.487      11.126
  42.3953           790.428      12.142
  42.4953           900.739      13.015
  42.5953           965.381      13.343
  42.6953           913.375      13.134
  42.7953           792.423      12.145
  42.8953           691.352      11.308
  42.9953           586.960      10.500
  43.0953           530.454       9.909
  43.1953           506.657       9.686
  43.2953           498.622       9.662
  43.3953           526.256       9.858
  43.4953           594.379      10.520
  43.5953           634.815      10.858
  43.6953           647.336      10.933
  43.7953           583.034      10.408
  43.8953           550.575      10.132
  43.9953           489.648       9.506
  44.0953           470.310       9.339
  44.1953           480.485       9.500
  44.2953           478.387       9.407
  44.3953           522.759       9.899
  44.4953           558.368      10.196
  44.5953           669.886      11.123
  44.6953           767.489      12.032
  44.7953           797.667      12.226
  44.8953           742.015      11.799
  44.9953           639.947      11.025
  45.0953           529.081      10.175
  45.1953           480.892       9.653
  45.2953           456.585       9.266
  45.3953           434.782       9.005
  45.4953           433.049       8.958
  45.5953           451.418       9.173
  45.6953           459.525       9.220
  45.7953           455.734       9.174
  45.8953           506.506       9.703
  45.9953           587.981      10.401
  46.0953           722.510      11.524
  46.1953           870.467      12.671
  46.2953           921.165      13.043
  46.3953           860.744      12.570
  46.4953           718.997      11.515
  46.5953           571.465      10.259
  46.6953           462.455       9.223
  46.7953           463.590       9.253
  46.8953           454.385       9.139
  46.9953           458.633       9.162
  47.0953           459.539       9.213
  47.1953           492.220       9.522
  47.2953           522.498       9.820
  47.3953           570.205      10.243
  47.4953           626.035      10.757
  47.5953           637.808      10.817
  47.6953           596.038      10.519
  47.7953           554.485      10.115
  47.8953           519.418       9.816
  47.9953           491.538       9.576
  48.0953           513.052       9.731
  48.1953           584.218      10.541
  48.2953           832.752      12.695
  48.3953          1149.137      14.962
  48.4953          1824.962      18.493
  48.5953          2731.100      22.591
  48.6953          3439.933      25.271
  48.7953          3567.906      25.825
  48.8953          3258.025      24.521
  48.9953          2594.120      21.917
  49.0953          1879.456      18.742
  49.1953          1195.931      14.822
  49.2953           756.901      11.819
  49.3953           543.018      10.023
  49.4953           465.971       9.273
  49.5953           473.570       9.345
  49.6953           466.099       9.246
  49.7953           488.567       9.543
  49.8953           473.369       9.300
  49.9953           462.171       9.216
  50.0953           470.803       9.345
  50.1953           474.582       9.361
  50.2953           465.942       9.269
  50.3953           461.872       9.234
  50.4953           474.595       9.358
  50.5953           465.323       9.293
  50.6953           468.502       9.290
  50.7953           487.897       9.517
  50.8953           523.854       9.853
  50.9953           596.212      10.520
  51.0953           710.362      11.496
  51.1953           824.912      12.394
  51.2953           845.149      12.554
  51.3953           750.157      11.821
  51.4953           600.746      10.837
  51.5953           499.779       9.820
  51.6953           481.223       9.530
  51.7953           457.218       9.224
  51.8953           487.528       9.501
  51.9953           500.292       9.601
  52.0953           519.300       9.817
  52.1953           534.534       9.948
  52.2953           512.114       9.676
  52.3953           510.201       9.712
  52.4953           524.374       9.805
  52.5953           512.690       9.692
  52.6953           506.955       9.653
  52.7953           473.412       9.313
  52.8953           481.844       9.428
  52.9953           452.162       9.080
  53.0953           457.187       9.177
  53.1953           456.352       9.136
  53.2953           438.811       8.976
  53.3953           462.625       9.218
  53.4953           429.148       8.891
  53.5953           454.728       9.109
  53.6953           449.085       9.097
  53.7953           437.072       8.972
  53.8953           429.669       8.850
  53.9953           432.458       8.948
  54.0953           448.084       9.094
  54.1953           435.951       8.955
  54.2953           443.731       9.052
  54.3953           475.363       9.404
  54.4953           510.058       9.709
  54.5953           558.626      10.235
  54.6953           574.227      10.535
  54.7953           575.572      10.572
  54.8953           573.043      10.341
  54.9953           522.410       9.876
  55.0953           474.265       9.352
  55.1953           472.362       9.362
  55.2953           487.562       9.455
  55.3953           468.860       9.305
  55.4953           481.196       9.421
  55.5953           466.164       9.231
  55.6953           454.814       9.176
  55.7953           444.149       9.044
  55.8953           451.256       9.098
  55.9953           462.152       9.204
  56.0953           444.733       9.033
  56.1953           439.281       8.987
  56.2953           446.823       9.057
  56.3953           464.522       9.210
  56.4953           456.190       9.183
  56.5953           441.398       9.018
  56.6953           433.238       8.907
  56.7953           451.139       9.101
  56.8953           441.924       9.030
  56.9953           463.631       9.198
  57.0953           469.527       9.313
  57.1953           449.933       9.097
  57.2953           464.981       9.285
  57.3953           456.972       9.202
  57.4953           446.798       9.036
  57.5953           459.507       9.266
  57.6953           417.542       8.806
  57.7953           435.872       9.022
  57.8953           439.120       9.276
  57.9953           438.443       9.148
  58.0953           427.727       8.962
  58.1953           432.184       8.959
  58.2953           442.665       9.040
  58.3953           430.284       8.949
  58.4953           429.323       8.866
  58.5953           448.839       9.115
  58.6953           443.484       9.013
  58.7953           423.769       8.823
  58.8953           443.487       9.028
  58.9953           435.932       8.993
  59.0953           421.375       8.670
  59.1953           433.752       8.971
  59.2953           447.839       9.074
  59.3953           456.492       9.144
  59.4953           447.576       9.042
  59.5953           432.748       8.895
  59.6953           446.416       9.043
  59.7953           444.958       9.083
  59.8953           432.176       8.829
  59.9953           438.275       8.993
  60.0953           437.777       8.985
  60.1953           445.130       9.015
  60.2953           441.108       8.969
  60.3953           457.087       9.192
  60.4953           453.488       9.103
  60.5953           434.893       8.937
  60.6953           449.115       9.101
  60.7953           466.973       9.282
  60.8953           475.135       9.402
  60.9953           515.710       9.838
  61.0953           519.519       9.976
  61.1953           543.366      10.234
  61.2953           494.607       9.576
  61.3953           463.879       9.237
  61.4953           461.020       9.173
  61.5953           449.642       9.090
  61.6953           438.250       8.942
  61.7953           443.414       8.995
  61.8953           434.439       8.939
  61.9953           437.224       8.904
  62.0953           452.817       9.045
  62.1953           461.945       9.224
  62.2953           481.628       9.326
  62.3953           474.248       9.279
  62.4953           486.358       9.386
  62.5953           490.521       9.497
  62.6953           480.955       9.310
  62.7953           464.397       9.186
  62.8953           438.485       8.919
  62.9953           432.348       8.860
  63.0953           411.614       8.630
  63.1953           417.145       8.687
  63.2953           410.716       8.699
  63.3953           435.232       8.857
  63.4953           421.854       8.736
  63.5953           424.066       8.814
  63.6953           439.810       8.963
  63.7953           436.833       8.885
  63.8953           437.916       8.969
  63.9953           454.863       9.099
  64.0953           530.695       9.868
  64.1953           744.859      11.733
  64.2953          1151.100      14.597
  64.3953          1808.656      19.004
  64.4953          2210.595      19.989
  64.5953          2383.410      21.107
  64.6953           928.193      12.483
  64.7953          1120.978      13.802
  64.8953           741.159      12.790
  64.9953           617.212      12.332
  65.0953           538.103      10.135
  65.1953           587.143       9.542
  65.2953           678.331      11.023
  65.3953           717.487      11.392
  65.4953           638.964      10.799
  65.5953           561.003      10.050
  65.6953           470.449       9.296
  65.7953           452.814       9.080
  65.8953           451.688       9.052
  65.9953           433.504       8.890
  66.0953           442.562       9.009
  66.1953           438.386       8.930
  66.2953           449.856       9.052
  66.3953           440.684       8.954
  66.4953           433.742       8.963
  66.5953           449.726       9.014
  66.6953           438.193       8.960
  66.7953           436.841       8.971
  66.8953           443.549       9.039
  66.9953           437.424       8.929
  67.0953           442.385       9.038
  67.1953           420.440       8.782
  67.2953           444.265       9.086
  67.3953           439.829       9.044
  67.4953           495.592       9.772
  67.5953           546.662      10.218
  67.6953           655.702      11.010
  67.7953           671.928      11.108
  67.8953           636.736      10.792
  67.9953           512.889       9.682
  68.0953           463.487       9.157
  68.1953           433.894       8.873
  68.2953           442.249       8.990
  68.3953           414.523       8.642
  68.4953           425.815       8.780
  68.5953           426.557       8.779
  68.6953           426.390       8.783
  68.7953           440.981       8.918
  68.8953           460.587       9.087
  68.9953           553.269      10.036
  69.0953           700.088      11.166
  69.1953           852.972      12.415
  69.2953           839.584      12.332
  69.3953           686.674      11.170
  69.4953           559.826       9.992
  69.5953           489.765       9.419
  69.6953           464.162       9.156
  69.7953           463.208       9.148
  69.8953           436.537       8.856
  69.9953           436.959       8.916
  70.0953           435.918       8.913
  70.1953           472.887       9.242
  70.2953           502.476       9.582
  70.3953           546.379       9.984
  70.4953           562.644      10.102
  70.5953           523.684       9.848
  70.6953           515.067       9.900
  70.7953           507.872       9.792
  70.8953           529.629       9.869
  70.9953           540.598       9.930
  71.0953           489.301       9.471
  71.1953           471.687       9.227
  71.2953           435.737       8.898
  71.3953           431.657       8.839
  71.4953           424.990       8.769
  71.5953           434.458       8.861
  71.6953           427.770       8.774
  71.7953           424.057       8.740
  71.8953           426.478       8.792
  71.9953           437.607       8.879
  72.0953           408.339       8.605
  72.1953           416.033       8.652
  72.2953           425.210       8.751
  72.3953           418.908       8.677
  72.4953           440.112       8.903
  72.5953           509.577       9.642
  72.6953           633.884      10.631
  72.7953           690.403      11.115
  72.8953           727.716      11.435
  72.9953           606.814      10.372
  73.0953           584.740      10.254
  73.1953           485.137       9.199
  73.2953           435.097       8.638
  73.3953           431.674       7.614
  73.4953           444.999      17.065
  73.5953           469.545       8.831
  73.6953           547.242       9.250
  73.7953           618.608       9.733
  73.8953           589.326      14.004
  73.9953           547.417       9.657
  74.0953           468.766       9.254
  74.1953           440.796       8.933
  74.2953           421.502       8.745
  74.3953           411.959       8.662
  74.4953           409.146       8.586
  74.5953           414.314       8.719
  74.6953           406.207       8.590
  74.7953           413.164       8.668
  74.8953           437.570       8.869
  74.9953           438.442       8.946
  75.0953           415.342       8.691
  75.1953           409.014       8.592
  75.2953           415.343       8.677
  75.3953           401.356       8.551
  75.4953           406.222       8.560
  75.5953           428.647       8.803
  75.6953           436.443       8.901
  75.7953           442.200       8.948
  75.8953           468.219       9.213
  75.9953           482.395       9.366
  76.0953           506.276       9.566
  76.1953           547.526       9.998
  76.2953           620.725      10.562
  76.3953           725.772      11.523
  76.4953           829.310      12.264
  76.5953           886.635      12.682
  76.6953           821.000      12.267
  76.7953           652.440      10.924
  76.8953           562.646      10.158
  76.9953           637.650      10.873
  77.0953           921.261      13.268
  77.1953          1479.339      16.834
  77.2953          1988.835      19.247
  77.3953          1991.102      19.149
  77.4953          1476.864      16.457
  77.5953          1002.670      13.628
  77.6953           995.754      13.423
  77.7953          1624.367      17.241
  77.8953          2345.297      20.747
  77.9953          2428.788      21.048
  78.0953          1725.428      17.703
  78.1953           951.679      13.213
  78.2953           552.046      10.026
  78.3953           475.757       9.311
  78.4953           448.684       9.043
  78.5953           430.366       8.872
  78.6953           452.632       9.082
  78.7953           446.773       9.022
  78.8953           467.864       9.265
  78.9953           498.832       9.547
  79.0953           559.172      10.107
  79.1953           584.148      10.312
  79.2953           516.499       9.740
  79.3953           470.247       9.256
  79.4953           432.674       8.839
  79.5953           406.509       8.657
  79.6953           408.468       8.652
  79.7953           412.504       8.681
  79.8953           399.056       8.586
  79.9953           409.220       8.679
  80.0953           406.397       8.662
  80.1953           425.764       8.919
  80.2953           411.614       8.927
  80.3953           410.330       8.813
  80.4953           415.321       8.807
  80.5953           425.182       8.829
  80.6953           416.963       8.779
  80.7953           407.826       8.630
  80.8953           431.037       8.894
  80.9953           444.111       8.974
  81.0953           489.208       9.460
  81.1953           474.695       9.285
  81.2953           466.910       9.237
  81.3953           432.300       8.833
  81.4953           439.297       8.943
  81.5953           425.350       8.791
  81.6953           432.030       8.856
  81.7953           450.779       9.068
  81.8953           445.880       8.973
  81.9953           440.384       8.924
  82.0953           448.421       9.034
  82.1953           436.738       8.935
  82.2953           450.102       9.007
  82.3953           481.813       9.347
  82.4953           455.188       9.115
  82.5953           453.464       9.073
  82.6953           451.589       9.014
  82.7953           440.023       9.004
  82.8953           433.931       8.889
  82.9953           409.409       8.629
  83.0953           426.107       8.831
  83.1953           427.402       8.856
  83.2953           504.019       9.617
  83.3953           614.009      10.656
  83.4953           814.700      12.500
  83.5953           886.493      12.989
  83.6953           793.037      12.160
  83.7953           585.643      10.348
  83.8953           500.968       9.613
  83.9953           488.528       9.461
  84.0953           471.666       9.288
  84.1953           492.865       9.475
  84.2953           583.470      10.334
  84.3953           623.251      10.596
  84.4953           561.986      10.138
  84.5953           466.084       9.206
  84.6953           431.709       8.845
  84.7953           416.871       8.692
  84.8953           413.843       8.787
  84.9953           423.239       8.572
  85.0953           437.236       9.002
  85.1953           428.897       8.804
  85.2953           410.676       8.637
  85.3953           401.704       8.564
  85.4953           402.893       8.543
  85.5953           398.143       8.477
  85.6953           408.067       8.622
  85.7953           419.608       8.729
  85.8953           426.548       8.790
  85.9953           421.619       8.816
  86.0953           418.084       8.680
  86.1953           445.926       9.055
  86.2953           440.827       8.941
  86.3953           440.936       8.993
  86.4953           434.452       8.987
  86.5953           424.705       8.819
  86.6953           428.601       9.054
  86.7953           450.703       9.297
  86.8953           607.576      10.622
  86.9953          1037.661      13.790
  87.0953          1873.094      18.526
  87.1953          2812.108      22.675
  87.2953          3022.073      23.421
  87.3953          2495.728      21.346
  87.4953          1688.467      17.564
  87.5953           990.880      13.383
  87.6953           598.497      10.411
  87.7953           462.998       9.185
  87.8953           429.342       8.827
  87.9953           418.255       8.680
  88.0953           399.776       8.527
  88.1953           415.661       8.696
  88.2953           419.181       8.692
  88.3953           421.975       8.734
  88.4953           403.349       8.566
  88.5953           415.659       8.682
  88.6953           416.937       8.684
  88.7953           410.340       8.651
  88.8953           407.437       8.572
  88.9953           422.050       8.779
  89.0953           409.852       8.600
  89.1953           409.238       8.664
  89.2953           420.555       8.722
  89.3953           395.258       8.489
  89.4953           402.010       8.587
  89.5953           414.991       8.668
  89.6953           404.300       8.633
  89.7953           398.062       8.555
  89.8953           439.857       9.150
  89.9953           520.238       9.962
  90.0953           648.989      10.965
  90.1953           777.168      11.951
  90.2953           750.272      11.722
  90.3953           624.176      10.650
  90.4953           496.601       9.442
  90.5953           431.253       8.858
  90.6953           421.961       8.738
  90.7953           391.191       8.421
  90.8953           394.132       8.434
  90.9953           395.812       8.462
  91.0953           407.378       8.613
  91.1953           405.941       8.531
  91.2953           396.484       8.488
  91.3953           399.721       8.478
  91.4953           394.746       8.468
  91.5953           455.153       9.069
  91.6953           547.906       9.962
  91.7953           738.829      11.598
  91.8953           911.435      12.753
  91.9953           912.436      12.901
  92.0953           681.340      11.079
  92.1953           526.473       9.783
  92.2953           444.124       8.954
  92.3953           452.874       9.092
  92.4953           468.613       9.240
  92.5953           474.881       9.283
  92.6953           423.345       8.772
  92.7953           411.787       8.704
  92.8953           389.634       8.429
  92.9953           405.983       8.691
  93.0953           403.189       8.777
  93.1953           430.385       9.065
  93.2953           442.936       9.131
  93.3953           457.299       9.183
  93.4953           413.989       8.732
  93.5953           411.209       8.694
  93.6953           402.790       8.605
  93.7953           387.648       8.429
  93.8953           392.343       8.493
  93.9953           392.331       8.487
  94.0953           377.682       8.279
  94.1953           390.533       8.456
  94.2953           381.588       8.361
  94.3953           392.865       8.449
  94.4953           413.711       8.697
  94.5953           464.450       9.214
  94.6953           505.503       9.613
  94.7953           587.963      10.345
  94.8953           647.369      10.888
  94.9953           659.556      11.025
  95.0953           551.565       9.977
  95.1953           487.815       9.507
  95.2953           554.641      10.053
  95.3953           749.493      11.708
  95.4953           930.171      13.040
  95.5953           961.977      13.290
  95.6953           741.431      11.672
  95.7953           664.473      11.045
  95.8953           687.398      11.163
  95.9953           712.092      11.602
  96.0953           665.075      10.986
  96.1953           657.820      11.111
  96.2953           577.379      10.526
  96.3953           536.216      10.106
  96.4953           508.345       9.772
  96.5953           525.095       9.838
  96.6953           727.584      11.603
  96.7953          1122.134      14.426
  96.8953          1435.983      16.197
  96.9953          1381.145      15.947
  97.0953           947.557      13.213
  97.1953           716.622      11.401
  97.2953           679.153      11.173
  97.3953           699.375      11.327
  97.4953           681.959      11.180
  97.5953           677.901      11.119
  97.6953           708.215      11.384
  97.7953           646.559      10.872
  97.8953           515.990       9.699
  97.9953           439.398       8.945
  98.0953           410.647       8.669
  98.1953           438.440       8.974
  98.2953           480.926       9.327
  98.3953           538.856       9.957
  98.4953           585.369      10.382
  98.5953           637.930      10.748
  98.6953           598.438      10.452
  98.7953           538.104       9.958
  98.8953           512.248       9.708
  98.9953           544.215       9.973
  99.0953           572.668      10.285
  99.1953           534.982       9.890
  99.2953           478.507       9.444
  99.3953           437.386       9.013
  99.4953           441.307       9.232
  99.5953           432.629       9.080
  99.6953           415.803       8.811
  99.7953           395.969       8.498
  99.8953           382.356       8.366
  99.9953           388.803       8.434
 100.0953           394.777       8.477
 100.1953           394.894       8.471
 100.2953           426.550       8.825
 100.3953           473.890       9.251
 100.4953           509.166       9.617
 100.5953           502.657       9.545
 100.6953           447.144       9.004
 100.7953           409.959       8.605
 100.8953           394.444       8.456
 100.9953           396.611       8.465
 101.0953           399.279       8.505
 101.1953           400.251       8.499
 101.2953           398.970       8.506
 101.3953           384.701       8.347
 101.4953           387.133       8.371
 101.5953           390.308       8.437
 101.6953           372.384       8.209
 101.7953           381.898       8.306
 101.8953           377.248       8.296
 101.9953           381.515       8.321
 102.0953           392.620       8.456
 102.1953           384.067       8.343
 102.2953           392.187       8.472
 102.3953           388.497       8.424
 102.4953           387.516       8.381
 102.5953           384.104       8.444
 102.6953           414.131       8.872
 102.8953           683.592      11.315
 102.9953           875.080      12.685
 103.0953           886.491      12.768
 103.1953           705.551      11.395
 103.2953           532.273       9.848
 103.3953           434.619       8.924
 103.4953           433.295       8.893
 103.5953           417.329       8.687
 103.6953           402.849       8.562
 103.7953           401.254       8.551
 103.8953           411.020       8.644
 103.9953           434.344       8.888
 104.0953           427.166       8.808
 104.1953           403.745       8.592
 104.2953           396.178       8.470
 104.3953           383.828       8.356
 104.4953           389.104       8.407
 104.5953           390.621       8.434
 104.6953           412.582       8.650
 104.7953           378.554       8.308
 104.8953           385.258       8.377
 104.9953           371.190       8.241
 105.0953           375.055       8.228
 105.1953           371.787       8.278
 105.2953           401.008       8.542
 105.3953           410.686       8.679
 105.4953           423.684       8.810
 105.5953           429.247       8.864
 105.6953           442.478       8.971
 105.7953           497.694       9.630
 105.8953           582.824      10.660
 105.9953           617.601      10.615
 106.0953           677.863      11.364
 106.1953           662.344      11.002
 106.2953           657.148      11.023
 106.3953           739.237      11.585
 106.4953           753.088      11.728
 106.5953           649.117      10.869
 106.6953           538.585       9.918
 106.7953           511.085       9.607
 106.8953           590.130      10.188
 106.9953           644.382      11.238
 107.0953           673.818      10.851
 107.1953           617.837      10.554
 107.2953           549.133      10.021
 107.3953           448.649       8.989
 107.4953           392.628       8.440
 107.5953           384.418       8.339
 107.6953           396.707       8.485
 107.7953           439.551       8.946
 107.8953           536.703       9.860
 107.9953           631.666      10.734
 108.0953           654.003      10.880
 108.1953           569.501      10.202
 108.2953           486.230       9.392
 108.3953           396.082       8.507
 108.4953           379.785       8.299
 108.5953           369.517       8.218
 108.6953           409.677       8.664
 108.7953           442.728       9.002
 108.8953           518.943       9.704
 108.9953           613.480      10.725
 109.0953           698.150      11.513
 109.1953           756.311      11.997
 109.2953           788.503      12.147
 109.3953           741.954      11.654
 109.4953           682.566      11.205
 109.5953           546.497      10.062
 109.6953           464.225       9.171
 109.7953           416.005       8.739
 109.8953           408.444       8.613
 109.9953           409.129       8.635
 110.0953           394.316       8.453
 110.1953           462.092       9.160
 110.2953           539.386       9.897
 110.3953           629.433      10.679
 110.4953           633.379      10.694
 110.5953           539.940       9.955
 110.6953           433.594       8.843
 110.7953           382.720       8.336
 110.8953           388.088       8.385
 110.9953           423.430       8.782
 111.0953           513.007       9.630
 111.1953           599.017      10.423
 111.2953           627.380      10.673
 111.3953           540.029       9.923
 111.4953           463.925       9.155
 111.5953           409.890       8.674
 111.6953           373.383       8.217
 111.7953           384.251       8.417
 111.8953           402.486       8.517
 111.9953           398.415       8.604
 112.0953           368.792       8.185
 112.1953           359.330       8.194
 112.2953           356.477       8.237
 112.3953           348.719       8.136
 112.4953           353.912       8.081
 112.5953           363.026       8.120
 112.6953           402.125       8.569
 112.7953           506.809       9.576
 112.8953           666.058      10.974
 112.9953           775.411      11.821
 113.0953           775.959      11.890
 113.1953           608.252      10.470
 113.2953           473.042       9.219
 113.3953           391.137       8.428
 113.4953           359.284       8.050
 113.5953           354.423       8.016
 113.6953           350.164       7.920
 113.7953           362.904       8.085
 113.8953           350.620       7.950
 113.9953           372.144       8.170
 114.0953           418.298       8.658
 114.1953           489.578       9.478
 114.2953           503.979       9.484
 114.3953           462.281       9.135
 114.4953           423.401       8.745
 114.5953           377.683       8.240
 114.6953           364.423       8.151
 114.7953           356.329       7.952
 114.8953           356.279       8.101
 114.9953           358.112       8.030
 115.0953           340.916       7.882
 115.1953           352.060       7.993
 115.2953           354.759       8.069
 115.3953           362.170       8.143
 115.4953           374.097       8.450
 115.5953           462.352       9.326
 115.6953           530.896       9.905
 115.7953           633.847      10.725
 115.8953           654.523      10.916
 115.9953           583.001      10.317
 116.0953           509.229       9.594
 116.1953           442.214       8.962
 116.2953           404.372       8.565
 116.3953           404.708       8.551
 116.4953           401.078       8.571
 116.5953           410.476       8.524
 116.6953           416.188       8.697
 116.7953           389.328       8.371
 116.8953           379.387       8.281
 116.9953           343.575       7.884
 117.0953           337.898       7.789
 117.1953           332.532       7.761
 117.2953           358.078       8.033
 117.3953           358.846       8.052
 117.4953           373.933       8.219
 117.5953           365.573       8.116
 117.6953           359.870       8.063
 117.7953           333.899       7.771
 117.8953           350.284       7.928
 117.9953           325.668       7.758
 118.0953           325.140       7.555
 118.1953           332.067       7.827
 118.2953           335.195       7.787
 118.3953           352.794       8.020
 118.4953           362.109       8.109
 118.5953           397.264       8.564
 118.6953           414.929       8.824
 118.7953           456.589       9.357
 118.8953           464.167       9.190
 118.9953           480.251       9.384
 119.0953           446.946       8.969
 119.1953           430.806       8.857
 119.2953           475.181       9.268
 119.3953           583.177      10.263
 119.4953           712.258      11.336
 119.5953           825.208      12.223
 119.6953           798.834      11.943
 119.7953           693.224      11.206
 119.8953           579.494      10.211
 119.9953           450.878       8.991
 120.0953           388.208       8.324
 120.1953           349.885       8.085
 120.2953           330.245       7.439
 120.3953           322.695       7.738
 120.4953           318.197       7.557
 120.5953           316.615       7.579
 120.6953           317.848       7.500
 120.7953           325.752       7.674
 120.8953           313.794       7.493
 120.9953           299.590       7.347
 121.0953           303.145       7.368
 121.1953           311.015       7.497
 121.2953           299.443       7.358
 121.3953           311.450       7.486
 121.4953           308.858       7.467
 121.5953           310.831       7.577
 121.6953           323.937       7.546
 121.7953           327.065       7.886
 121.8953           361.460       8.188
 121.9953           400.906       8.711
 122.0953           427.157       8.876
 122.1953           455.066       9.083
 122.2953           481.363       9.388
 122.3953           496.684       9.494
 122.4953           496.484       9.532
 122.5953           488.272       9.406
 122.6953           466.213       9.232
 122.7953           417.956       8.689
 122.8953           382.189       8.299
 122.9953           344.215       7.932
 123.0953           329.109       7.714
 123.1953           345.006       7.880
 123.2953           363.058       8.118
 123.3953           386.237       8.351
 123.4953           391.364       8.401
 123.5953           404.404       8.545
 123.6953           373.783       8.247
 123.7953           348.543       7.940
 123.8953           339.691       7.828
 123.9953           331.624       7.739
 124.0953           320.754       7.626
 124.1953           321.592       7.633
 124.2953           345.479       7.913
 124.3953           359.003       8.078
 124.4953           381.299       8.345
 124.5953           391.487       8.416
 124.6953           389.764       8.463
 124.7953           346.461       7.864
 124.8953           352.648       8.048
 124.9953           341.159       7.945
 125.0953           320.700       7.744
 125.1953           316.559       7.742
 125.2953           321.008       7.709
 125.3953           334.447       7.872
 125.4953           329.761       7.704
 125.5953           349.414       7.954
 125.6953           386.655       8.362
 125.7953           441.426       8.895
 125.8953           478.278       9.287
 125.9953           500.882       9.484
 126.0953           486.643       9.312
 126.1953           440.975       8.904
 126.2953           393.868       8.415
 126.3953           347.177       7.862
 126.4953           333.863       7.775
 126.5953           310.426       7.442
 126.6953           313.793       7.495
 126.7953           310.131       7.443
 126.8953           337.926       7.783
 126.9953           338.700       7.818
 127.0953           374.381       8.160
 127.1953           408.580       8.542
 127.2953           454.772       9.034
 127.3953           441.491       8.949
 127.4953           437.286       8.824
 127.5953           403.534       8.524
 127.6953           385.202       8.309
 127.7953           332.722       7.765
 127.8953           324.982       7.639
 127.9953           315.280       7.578
 128.0953           311.497       7.468
 128.1953           311.341       7.585
 128.2953           309.657       7.626
 128.3953           309.816       7.641
 128.4953           301.323       7.443
 128.5953           312.579       7.539
 128.6953           308.263       7.474
 128.7953           306.936       7.466
 128.8953           313.301       7.506
 128.9953           323.362       7.658
 129.0953           336.102       7.814
 129.1953           380.650       8.254
 129.2953           420.948       8.695
 129.3953           463.281       9.162
 129.4953           487.115       9.345
 129.5953           482.313       9.311
 129.6953           462.219       9.123
 129.7953           420.252       8.719
 129.8953           377.634       8.227
 129.9953           369.107       8.158
 130.0953           331.261       7.697
 130.1953           333.642       7.757
 130.2953           317.432       7.556
 130.3953           316.014       7.533
 130.4953           314.602       7.533
 130.5953           308.250       7.452
 130.6953           312.177       7.490
 130.7953           319.392       7.605
 130.8953           310.324       7.489
 130.9953           321.201       7.613
 131.0953           349.951       7.962
 131.1953           356.570       8.054
 131.2953           387.388       8.359
 131.3953           404.511       8.636
 131.4953           408.645       8.756
 131.5953           397.022       8.687
 131.6953           384.236       8.399
 131.7953           378.113       8.281
 131.8953           350.808       7.950
 131.9953           350.091       7.986
 132.0953           338.614       7.795
 132.1953           321.295       7.641
 132.2953           318.872       7.588
 132.3953           308.351       7.424
 132.4953           312.399       7.506
 132.5953           303.877       7.368
 132.6953           303.403       7.411
 132.7953           299.210       7.304
 132.8953           320.079       7.576
 132.9953           312.094       7.484
 133.0953           317.652       7.542
 133.1953           320.364       7.456
 133.2953           327.225       7.902
 133.3953           331.769       7.605
 133.4953           329.187       7.672
 133.5953           343.662       7.851
 133.6953           349.040       7.910
 133.7953           342.402       7.851
 133.8953           350.844       7.893
 133.9953           370.773       8.191
 134.0953           359.568       8.044
 134.1953           363.555       8.063
 134.2953           375.414       8.243
 134.3953           372.861       8.213
 134.4953           339.217       7.821
 134.5953           341.103       7.918
 134.6953           342.941       8.065
 134.7953           326.249       7.797
 134.8953           317.686       7.645
 134.9953           309.026       7.449
 135.0953           305.093       7.400
 135.1953           293.094       7.273
 135.2953           299.545       7.337
 135.3953           304.028       7.382
 135.4953           303.851       7.400
 135.5953           292.426       7.214
 135.6953           302.330       7.365
 135.7953           287.969       7.157
 135.8953           311.178       7.481
 135.9953           307.701       7.415
 136.0953           330.382       7.683
 136.1953           366.909       8.118
 136.2953           397.329       8.406
 136.3953           496.428       9.425
 136.4953           607.756      10.440
 136.5953           689.755      11.131
 136.6953           764.752      11.654
 136.7953           824.645      12.155
 136.8953           838.877      12.266
 136.9953           782.498      11.787
 137.0953           688.634      11.117
 137.1953           570.667      10.140
 137.2953           487.855       9.351
 137.3953           396.748       8.424
 137.4953           394.351       8.417
 137.5953           410.336       8.597
 137.6953           466.527       9.178
 137.7953           504.904       9.579
 137.8953           529.582       9.973
 137.9953           531.999       9.986
 138.0953           562.613      10.152
 138.1953           548.901       9.903
 138.2953           516.819       9.679
 138.3953           475.074       9.218
 138.4953           438.998       8.865
 138.5953           406.666       8.528
 138.6953           377.054       8.201
 138.7953           351.714       7.898
 138.8953           333.371       7.689
 138.9953           314.095       7.487
 139.0953           303.666       7.341
 139.1953           308.117       7.365
 139.2953           283.614       7.131
 139.3953           295.671       7.214
 139.4953           292.637       7.231
 139.5953           293.234       7.167
 139.6953           299.886       7.319
 139.7953           292.784       7.230
 139.8953           292.300       7.183
 139.9953           322.194       7.563
 140.0953           323.016       7.572
 140.1953           341.667       7.818
 140.2953           380.409       8.196
 140.3953           445.050       8.935
 140.4953           460.625       9.063
 140.5953           472.023       9.183
 140.6953           482.684       9.319
 140.7953           470.777       9.178
 140.8953           454.889       9.038
 140.9953           440.956       8.992
 141.0953           448.750       9.151
 141.1953           434.304       9.009
 141.2953           480.731       9.333
 141.3953           492.794       9.367
 141.4953           512.441       9.590
 141.5953           532.361       9.726
 141.6953           532.262       9.757
 141.7953           537.267       9.804
 141.8953           531.002       9.701
 141.9953           474.441       9.139
 142.0953           445.230       8.899
 142.1953           423.077       8.681
 142.2953           428.670       8.723
 142.3953           476.019       9.139
 142.4953           468.951       9.146
 142.5953           530.050       9.698
 142.6953           564.837       9.990
 142.7953           593.919      10.235
 142.8953           593.175      10.256
 142.9953           598.198      10.300
 143.0953           589.862      10.187
 143.1953           561.350       9.984
 143.2953           534.065       9.725
 143.3953           518.104       9.583
 143.4953           492.677       9.327
 143.5953           481.419       9.239
 143.6953           471.703       9.207
 143.7953           481.026       9.353
 143.8953           497.574       9.087
 143.9953           489.296       9.512
 144.0953           481.038       9.235
 144.1953           457.344       9.134
 144.2953           430.519       8.907
 144.3953           394.865       8.604
 144.4953           382.468       8.354
 144.5953           354.423       7.969
 144.6953           348.085       7.881
 144.7953           322.032       7.590
 144.8953           303.514       7.344
 144.9953           306.901       7.391
 145.0953           300.658       7.303
 145.1953           295.604       7.262
 145.2953           299.108       7.254
 145.3953           290.318       7.184
 145.4953           281.955       7.073
 145.5953           294.020       6.663
 145.6953           327.151       9.272
 145.7953           280.997       6.535
 145.8953           302.530       7.310
 145.9953           317.167       7.480
 146.0953           322.176       7.554
 146.1953           329.289       7.645
 146.2953           328.566       7.631
 146.3953           352.871       7.845
 146.4953           345.650       7.872
 146.5953           354.478       7.914
 146.6953           368.590       8.074
 146.7953           368.074       8.114
 146.8953           365.130       8.055
 146.9953           386.318       8.299
 147.0953           397.377       8.417
 147.1953           396.822       8.413
 147.2953           399.545       8.446
 147.3953           376.498       8.253
 147.4953           389.402       8.534
 147.5953           376.866       8.358
 147.6953           353.121       8.028
 147.7953           370.913       8.129
 147.8953           342.647       7.857
 147.9953           339.402       7.752
 148.0953           309.955       7.456
 148.1953           299.972       7.275
 148.2953           282.973       7.130
 148.3953           299.697       7.284
 148.4953           283.450       7.188
 148.5953           286.983       6.914
 148.6953           271.695       7.072
 148.7953           282.306       7.270
 148.8953           279.865       6.667
 148.9953           283.263       7.097
 149.0953           293.212       7.346
 149.1953           303.784       7.174
 149.2953           314.795       7.397
 149.3953           315.196       7.446
 149.4953           315.228       7.373
 149.5953           329.080       7.495
 149.6953           332.404       7.809
 149.7953           335.989       7.696
 149.8953           335.208       7.447
 149.9953           336.692       8.111
 150.0953           334.404       7.205
 150.1953           313.252       8.212
 150.2953           326.443       7.229
 150.3953           320.689       7.607
 150.4953           299.808       7.310
 150.5953           299.342       7.340
 150.6953           297.895       6.741
 150.7953             0.000       0.000
 150.8953             0.000       0.000
