XYDATA  Co2SiO4 8mmV 1.87A HiRes FullBeam 500K CF ROC 
INTER        1       1       0     0.100000
TEMP       172.202      179.454      179.404
! d20 23-Apr-08 09:22:09 User Sazono   L.C.Hansen  Run 594842*d20_2008_04_5880
! d20 23-Apr-08 09:22:09 User Sazono   L.C.Hansen  Run 594842*d20_2008_04_5880
! Monitor/counts, Counting time/sec:       100000.      62.5111
   0.0953          4092.653      27.971
   0.1953          4267.074      29.027
   0.2953          4338.483      29.535
   0.3953          4165.337      28.754
   0.4953          3873.394      27.525
   0.5953          3440.945      25.735
   0.6953          3062.097      24.209
   0.7953          2627.658      22.485
   0.8953          2261.500      20.792
   0.9953          1920.427      19.208
   1.0953          1594.214      17.446
   1.1953          1336.141      15.940
   1.2953          1057.046      14.204
   1.3953           767.973      12.096
   1.4953           540.556      10.142
   1.5953           431.233       9.035
   1.6953           376.523       8.487
   1.7953           352.115       8.202
   1.8953           322.140       7.815
   1.9953           309.731       7.667
   2.0953           284.710       7.371
   2.1953           298.606       7.543
   2.2953           283.667       7.329
   2.3953           281.642       7.316
   2.4953           278.435       7.305
   2.5953           265.527       7.061
   2.6953           265.266       7.151
   2.7953           260.115       7.028
   2.8953           255.890       6.998
   2.9953           260.922       7.060
   3.0953           236.558       6.734
   3.1953           244.294       6.839
   3.2953           234.696       6.695
   3.3953           236.433       6.780
   3.4953           230.031       6.780
   3.5953           245.252       6.999
   3.6953           251.362       7.001
   3.7953           247.247       6.900
   3.8953           256.727       7.013
   3.9953           280.834       7.340
   4.0953           311.928       7.693
   4.1953           345.593       8.171
   4.2953           395.715       8.664
   4.3953           414.508       8.870
   4.4953           497.989       9.718
   4.5953           546.303      10.233
   4.6953           585.389      10.505
   4.7953           626.856      10.907
   4.8953           682.017      11.383
   4.9953           677.035      11.373
   5.0953           699.848      11.509
   5.1953           694.019      11.458
   5.2953           692.550      11.501
   5.3953           685.184      11.404
   5.4953           696.218      11.471
   5.5953           696.763      11.512
   5.6953           708.086      11.619
   5.7953           707.887      11.625
   5.8953           681.115      11.330
   5.9953           679.942      11.426
   6.0953           689.658      11.477
   6.1953           697.872      11.577
   6.2953           684.394      11.432
   6.3953           692.111      11.492
   6.4953           671.904      11.390
   6.5953           660.138      11.260
   6.6953           668.771      11.548
   6.7953           663.305      11.510
   6.8953           649.599      11.244
   6.9953           659.922      11.211
   7.0953           656.965      11.198
   7.1953           649.632      11.169
   7.2953           643.127      11.033
   7.3953           623.747      10.936
   7.4953           618.704      10.848
   7.5953           645.922      11.058
   7.6953           616.510      10.809
   7.7953           619.275      10.841
   7.8953           632.416      10.941
   7.9953           607.049      10.673
   8.0953           604.912      10.741
   8.1953           622.042      10.843
   8.2953           597.245      10.619
   8.3953           574.394      10.423
   8.4953           601.976      10.683
   8.5953           578.753      10.447
   8.6953           584.824      10.502
   8.7953           577.399      10.435
   8.8953           586.377      10.530
   8.9953           596.923      10.624
   9.0953           600.770      10.647
   9.1953           585.714      10.556
   9.2953           581.582      10.517
   9.3953           573.808      10.392
   9.4953           584.040      10.561
   9.5953           562.197      10.330
   9.6953           567.267      10.397
   9.7953           570.656      10.526
   9.8953           564.353      10.599
   9.9953           565.860      10.600
  10.0953           568.887      10.467
  10.1953           541.907      10.144
  10.2953           549.681      10.232
  10.3953           554.957      10.252
  10.4953           535.116      10.059
  10.5953           545.675      10.138
  10.6953           553.686      10.250
  10.7953           548.367      10.122
  10.8953           563.537      10.280
  10.9953           526.067       9.929
  11.0953           541.085       9.993
  11.1953           537.752      10.019
  11.2953           532.677      10.565
  11.3953           515.755       9.639
  11.4953           537.221       9.985
  11.5953           520.610       9.847
  11.6953           520.671       9.914
  11.7953           510.449       9.782
  11.8953           525.292       9.938
  11.9953           512.319       9.809
  12.0953           524.160       9.952
  12.1953           523.816       9.922
  12.2953           507.501       9.743
  12.3953           510.551       9.862
  12.4953           510.212       9.819
  12.5953           521.242       9.911
  12.6953           522.918       9.943
  12.7953           524.165      10.019
  12.8953           522.474       9.890
  12.9953           513.345       9.918
  13.0953           537.435      10.464
  13.1953           509.769       9.739
  13.2953           507.775      10.059
  13.3953           524.368       9.974
  13.4953           511.016       9.875
  13.5953           530.950       9.991
  13.6953           508.681       9.846
  13.7953           523.120       9.906
  13.8953           516.599       9.922
  13.9953           512.411       9.770
  14.0953           516.722       9.930
  14.1953           528.162       9.854
  14.2953           502.902       9.791
  14.3953           518.217       9.841
  14.4953           518.266       9.867
  14.5953           528.593      10.036
  14.6953           498.375       9.647
  14.7953           510.227       9.771
  14.8953           496.158       9.644
  14.9953           518.286       9.905
  15.0953           507.359       9.918
  15.1953           508.033       9.465
  15.2953           509.495       9.971
  15.3953           500.582       9.697
  15.4953           503.243       9.710
  15.5953           490.536       9.624
  15.6953           493.606       9.682
  15.7953           484.629       9.530
  15.8953           511.469       9.893
  15.9953           490.696       9.631
  16.0953           497.193       9.753
  16.1953           481.352       9.593
  16.2953           509.124      10.025
  16.3953           496.121       9.940
  16.4953           477.700       9.592
  16.5953           485.937       9.587
  16.6953           490.543       9.682
  16.7953           494.733       9.688
  16.8953           495.454       9.704
  16.9953           494.779       9.663
  17.0953           499.794       9.735
  17.1953           484.541       9.571
  17.2953           482.757       9.525
  17.3953           497.223       9.701
  17.4953           490.587       9.627
  17.5953           485.057       9.509
  17.6953           503.546       9.769
  17.7953           479.267       9.510
  17.8953           484.085       9.518
  17.9953           487.397       9.562
  18.0953           467.546       9.398
  18.1953           491.801       9.619
  18.2953           471.899       9.427
  18.3953           484.435       9.530
  18.4953           510.606       9.834
  18.5953           483.126       9.506
  18.6953           493.763       9.635
  18.7953           504.430       9.773
  18.8953           493.154       9.655
  18.9953           493.417       9.627
  19.0953           492.316       9.666
  19.1953           474.793       9.490
  19.2953           485.293       9.608
  19.3953           494.664       9.699
  19.4953           504.034      10.023
  19.5953           476.444       9.661
  19.6953           476.628       9.529
  19.7953           487.592       9.627
  19.8953           478.337       9.514
  19.9953           487.627       9.595
  20.0953           473.266       9.443
  20.1953           477.688       9.327
  20.2953           488.596       9.961
  20.3953           482.372       9.455
  20.4953           482.299       9.287
  20.5953           486.319       9.690
  20.6953           492.994       9.580
  20.7953           499.371       9.673
  20.8953           527.301       9.933
  20.9953           520.763       9.918
  21.0953           551.485      10.138
  21.1953           548.690      10.144
  21.2953           538.143      10.033
  21.3953           518.399       9.871
  21.4953           487.156       9.561
  21.5953           491.155       9.586
  21.6953           471.642       9.448
  21.7953           504.982       9.688
  21.8953           488.441       9.598
  21.9953           496.640       9.644
  22.0953           495.091       9.658
  22.1953           510.056       9.834
  22.2953           498.393       9.691
  22.3953           497.680       9.721
  22.4953           479.939       9.545
  22.5953           480.776       9.577
  22.6953           454.192       9.477
  22.7953           477.222       9.687
  22.8953           462.463       9.385
  22.9953           452.605       9.216
  23.0953           463.396       9.354
  23.1953           452.030       9.233
  23.2953           454.661       9.219
  23.3953           468.309       9.374
  23.4953           454.415       9.266
  23.5953           461.590       9.234
  23.6953           462.781       9.302
  23.7953           456.952       9.236
  23.8953           469.264       9.357
  23.9953           459.357       9.230
  24.0953           477.046       9.447
  24.1953           447.857       9.149
  24.2953           453.134       9.153
  24.3953           461.147       9.275
  24.4953           461.772       9.256
  24.5953           470.741       9.415
  24.6953           483.879       9.459
  24.7953           485.771       9.483
  24.8953           493.845       9.630
  24.9953           513.710       9.761
  25.0953           529.958       9.936
  25.1953           540.084      10.045
  25.2953           527.301       9.937
  25.3953           500.856       9.675
  25.4953           491.478       9.602
  25.5953           453.954       9.236
  25.6953           449.144       9.172
  25.7953           443.575       9.207
  25.8953           455.000       9.424
  25.9953           448.062       9.371
  26.0953           455.158       9.283
  26.1953           449.529       9.186
  26.2953           460.943       9.277
  26.3953           474.894       9.468
  26.4953           477.496       9.424
  26.5953           466.783       9.310
  26.6953           489.678       9.585
  26.7953           497.975       9.630
  26.8953           504.716       9.702
  26.9953           498.617       9.601
  27.0953           519.927       9.865
  27.1953           505.658       9.685
  27.2953           522.778       9.865
  27.3953           518.847       9.835
  27.4953           564.271      10.239
  27.5953           636.140      10.868
  27.6953           706.662      11.503
  27.7953           809.190      12.252
  27.8953           908.943      13.033
  27.9953           897.166      12.855
  28.0953           808.378      12.312
  28.1953           682.219      11.289
  28.2953           592.617      10.474
  28.3953           495.053       9.640
  28.4953           467.689       9.328
  28.5953           479.737       9.471
  28.6953           477.972       9.482
  28.7953           488.655       9.594
  28.8953           488.635       9.603
  28.9953           522.130       9.908
  29.0953           566.632      10.509
  29.1953           618.214      10.954
  29.2953           572.204      10.478
  29.3953           569.927      10.369
  29.4953           526.585       9.964
  29.5953           478.875       9.465
  29.6953           451.905       9.182
  29.7953           439.167       9.086
  29.8953           454.445       9.246
  29.9953           464.760       9.301
  30.0953           447.078       9.151
  30.1953           456.768       9.245
  30.2953           436.497       9.039
  30.3953           451.263       9.152
  30.4953           465.058       9.350
  30.5953           467.727       9.360
  30.6953           473.801       9.405
  30.7953           464.520       9.296
  30.8953           478.704       9.454
  30.9953           494.752       9.646
  31.0953           528.530       9.907
  31.1953           565.212      10.275
  31.2953           512.911       9.818
  31.3953           516.880       9.819
  31.4953           471.258       9.390
  31.5953           463.375       9.312
  31.6953           459.433       9.314
  31.7953           441.874       9.090
  31.8953           429.856       9.002
  31.9953           434.281       9.018
  32.0953           437.407       9.091
  32.1953           438.481       9.147
  32.2953           435.842       9.248
  32.3953           432.949       9.168
  32.4953           417.190       8.886
  32.5953           418.980       8.859
  32.6953           417.057       8.842
  32.7953           428.872       8.931
  32.8953           427.975       8.961
  32.9953           429.549       8.914
  33.0953           418.423       8.867
  33.1953           431.717       8.932
  33.2953           442.696       9.092
  33.3953           435.891       8.969
  33.4953           428.954       8.929
  33.5953           422.109       8.828
  33.6953           445.388       9.074
  33.7953           448.802       9.167
  33.8953           424.004       8.830
  33.9953           442.253       9.044
  34.0953           439.214       9.030
  34.1953           455.230       9.193
  34.2953           450.216       9.156
  34.3953           440.570       8.952
  34.4953           454.172       9.250
  34.5953           444.154       9.025
  34.6953           441.601       9.096
  34.7953           437.668       9.021
  34.8953           454.723       9.189
  34.9953           463.893       9.274
  35.0953           465.878       9.348
  35.1953           449.883       9.162
  35.2953           448.180       9.177
  35.3953           448.000       9.249
  35.4953           443.463       9.279
  35.5953           449.235       9.347
  35.6953           473.363       9.490
  35.7953           453.020       9.194
  35.8953           465.238       9.342
  35.9953           486.892       9.509
  36.0953           494.240       9.608
  36.1953           519.550       9.820
  36.2953           531.742       9.990
  36.3953           549.645      10.092
  36.4953           538.488      10.031
  36.5953           529.609       9.874
  36.6953           527.128       9.911
  36.7953           506.768       9.667
  36.8953           454.436       9.190
  36.9953           450.247       9.147
  37.0953           454.269       9.170
  37.1953           455.677       9.158
  37.2953           446.835       9.129
  37.3953           439.315       9.013
  37.4953           440.102       9.010
  37.5953           447.537       9.128
  37.6953           457.132       9.204
  37.7953           445.222       9.103
  37.8953           447.648       9.092
  37.9953           451.325       9.163
  38.0953           439.773       9.051
  38.1953           445.761       9.122
  38.2953           435.207       8.981
  38.3953           446.706       9.155
  38.4953           461.285       9.250
  38.5953           427.894       9.025
  38.6953           445.547       9.311
  38.7953           467.464       9.548
  38.8953           480.144       9.533
  38.9953           488.016       9.597
  39.0953           512.188       9.797
  39.1953           566.000      10.254
  39.2953           618.685      10.749
  39.3953           647.354      10.963
  39.4953           648.447      11.010
  39.5953           598.119      10.519
  39.6953           546.282      10.080
  39.7953           471.893       9.343
  39.8953           462.967       9.284
  39.9953           452.311       9.132
  40.0953           447.349       9.107
  40.1953           458.488       9.259
  40.2953           455.834       9.172
  40.3953           464.157       9.263
  40.4953           448.758       9.147
  40.5953           455.978       9.201
  40.6953           458.643       9.215
  40.7953           454.192       9.195
  40.8953           450.210       9.161
  40.9953           470.528       9.344
  41.0953           451.550       9.134
  41.1953           448.528       9.175
  41.2953           452.744       9.179
  41.3953           453.073       9.185
  41.4953           464.089       9.342
  41.5953           474.391       9.413
  41.6953           477.852       9.452
  41.7953           478.171       9.565
  41.8953           476.614       9.799
  41.9953           490.154       9.486
  42.0953           495.548       9.862
  42.1953           573.468      10.353
  42.2953           665.348      11.246
  42.3953           782.465      12.084
  42.4953           921.750      13.169
  42.5953           936.572      13.146
  42.6953           893.655      12.995
  42.7953           768.643      11.965
  42.8953           680.998      11.226
  42.9953           612.663      10.730
  43.0953           544.456      10.041
  43.1953           513.054       9.750
  43.2953           498.710       9.666
  43.3953           530.797       9.903
  43.4953           597.503      10.551
  43.5953           633.679      10.852
  43.6953           633.280      10.816
  43.7953           607.717      10.629
  43.8953           531.285       9.955
  43.9953           483.084       9.445
  44.0953           483.007       9.467
  44.1953           486.767       9.565
  44.2953           480.689       9.433
  44.3953           502.223       9.705
  44.4953           554.018      10.159
  44.5953           676.356      11.180
  44.6953           774.898      12.093
  44.7953           778.981      12.085
  44.8953           737.919      11.769
  44.9953           619.198      10.848
  45.0953           525.456      10.143
  45.1953           475.728       9.603
  45.2953           465.685       9.361
  45.3953           439.876       9.060
  45.4953           449.425       9.128
  45.5953           459.130       9.253
  45.6953           455.520       9.182
  45.7953           471.697       9.336
  45.8953           517.205       9.808
  45.9953           598.434      10.496
  46.0953           714.632      11.464
  46.1953           867.072      12.650
  46.2953           901.345      12.905
  46.3953           841.930      12.435
  46.4953           690.234      11.285
  46.5953           536.943       9.947
  46.6953           472.654       9.327
  46.7953           467.914       9.299
  46.8953           453.164       9.129
  46.9953           468.779       9.265
  47.0953           465.524       9.275
  47.1953           495.996       9.561
  47.2953           527.959       9.874
  47.3953           587.831      10.403
  47.4953           627.121      10.769
  47.5953           616.680      10.639
  47.6953           573.516      10.321
  47.7953           535.769       9.946
  47.8953           485.912       9.497
  47.9953           494.050       9.603
  48.0953           520.910       9.808
  48.1953           622.038      10.880
  48.2953           869.043      12.972
  48.3953          1220.926      15.426
  48.4953          1965.680      19.199
  48.5953          2838.630      23.038
  48.6953          3405.240      25.150
  48.7953          3554.916      25.785
  48.8953          3155.123      24.137
  48.9953          2514.396      21.584
  49.0953          1757.061      18.127
  49.1953          1107.799      14.270
  49.2953           712.435      11.470
  49.3953           532.763       9.931
  49.4953           485.255       9.466
  49.5953           476.231       9.374
  49.6953           461.583       9.204
  49.7953           485.106       9.512
  49.8953           479.665       9.364
  49.9953           461.691       9.214
  50.0953           461.222       9.252
  50.1953           463.384       9.253
  50.2953           464.354       9.256
  50.3953           456.769       9.185
  50.4953           464.884       9.264
  50.5953           456.105       9.203
  50.6953           480.378       9.410
  50.7953           490.211       9.543
  50.8953           545.844      10.060
  50.9953           607.317      10.620
  51.0953           744.830      11.775
  51.1953           839.531      12.507
  51.2953           827.140      12.423
  51.3953           726.336      11.635
  51.4953           608.905      10.913
  51.5953           518.597      10.006
  51.6953           453.155       9.250
  51.7953           475.166       9.406
  51.8953           484.276       9.472
  51.9953           489.502       9.500
  52.0953           494.694       9.585
  52.1953           501.101       9.635
  52.2953           525.573       9.805
  52.3953           525.655       9.860
  52.4953           520.260       9.769
  52.5953           512.423       9.693
  52.6953           493.252       9.524
  52.7953           468.539       9.268
  52.8953           459.953       9.214
  52.9953           457.705       9.138
  53.0953           453.014       9.137
  53.1953           451.661       9.092
  53.2953           443.832       9.030
  53.3953           454.976       9.144
  53.4953           431.045       8.913
  53.5953           427.582       8.835
  53.6953           436.421       8.970
  53.7953           449.297       9.099
  53.8953           439.760       8.956
  53.9953           425.470       8.877
  54.0953           444.452       9.059
  54.1953           452.395       9.125
  54.2953           472.441       9.343
  54.3953           451.044       9.163
  54.4953           513.855       9.748
  54.5953           554.806      10.203
  54.6953           577.253      10.566
  54.7953           577.251      10.590
  54.8953           561.594      10.240
  54.9953           505.693       9.719
  55.0953           483.571       9.446
  55.1953           472.252       9.363
  55.2953           460.668       9.193
  55.3953           480.764       9.425
  55.4953           459.678       9.210
  55.5953           453.064       9.103
  55.6953           447.283       9.102
  55.7953           459.509       9.201
  55.8953           450.036       9.088
  55.9953           442.040       9.004
  56.0953           448.284       9.072
  56.1953           441.917       9.017
  56.2953           447.989       9.071
  56.3953           430.602       8.869
  56.4953           422.954       8.844
  56.5953           444.592       9.053
  56.6953           443.375       9.013
  56.7953           456.718       9.160
  56.8953           459.530       9.211
  56.9953           456.765       9.132
  57.0953           465.534       9.275
  57.1953           457.731       9.179
  57.2953           443.896       9.074
  57.3953           445.168       9.085
  57.4953           436.436       8.933
  57.5953           461.070       9.285
  57.6953           435.064       8.992
  57.7953           424.149       8.902
  57.8953           434.459       9.229
  57.9953           444.608       9.215
  58.0953           431.910       9.008
  58.1953           441.160       9.054
  58.2953           447.529       9.092
  58.3953           432.571       8.975
  58.4953           431.393       8.890
  58.5953           431.672       8.941
  58.6953           420.259       8.776
  58.7953           442.574       9.019
  58.8953           419.816       8.786
  58.9953           437.287       9.009
  59.0953           428.215       8.743
  59.1953           419.136       8.820
  59.2953           450.847       9.107
  59.3953           473.797       9.319
  59.4953           445.263       9.021
  59.5953           450.190       9.075
  59.6953           453.630       9.118
  59.7953           444.277       9.078
  59.8953           434.762       8.858
  59.9953           451.263       9.128
  60.0953           453.524       9.148
  60.1953           463.652       9.203
  60.2953           453.216       9.093
  60.3953           444.389       9.065
  60.4953           431.061       8.877
  60.5953           440.281       8.995
  60.6953           434.779       8.957
  60.7953           472.772       9.342
  60.8953           480.611       9.458
  60.9953           509.233       9.778
  61.0953           539.939      10.173
  61.1953           534.791      10.156
  61.2953           504.344       9.672
  61.3953           475.366       9.353
  61.4953           419.806       8.755
  61.5953           434.624       8.939
  61.6953           423.334       8.791
  61.7953           429.230       8.852
  61.8953           443.148       9.031
  61.9953           450.717       9.043
  62.0953           474.229       9.260
  62.1953           484.140       9.446
  62.2953           483.160       9.344
  62.3953           470.149       9.242
  62.4953           480.463       9.332
  62.5953           478.647       9.383
  62.6953           477.613       9.280
  62.7953           463.744       9.182
  62.8953           422.384       8.756
  62.9953           428.770       8.826
  63.0953           424.157       8.763
  63.1953           425.524       8.776
  63.2953           435.474       8.960
  63.3953           437.637       8.883
  63.4953           454.318       9.068
  63.5953           446.671       9.048
  63.6953           427.621       8.840
  63.7953           426.220       8.779
  63.8953           437.055       8.963
  63.9953           449.467       9.047
  64.0953           568.640      10.218
  64.1953           811.677      12.252
  64.2953          1276.393      15.375
  64.3953          1896.972      19.468
  64.4953          2277.652      20.296
  64.5953          2286.720      20.680
  64.6953           860.497      12.022
  64.7953          1032.992      13.253
  64.8953           690.540      12.349
  64.9953           582.533      11.984
  65.0953           557.697      10.321
  65.1953           603.144       9.674
  65.2953           722.626      11.380
  65.3953           701.955      11.271
  65.4953           620.137      10.642
  65.5953           522.751       9.704
  65.6953           469.422       9.289
  65.7953           451.606       9.070
  65.8953           444.130       8.978
  65.9953           435.569       8.913
  66.0953           431.792       8.902
  66.1953           440.995       8.959
  66.2953           449.011       9.046
  66.3953           441.474       8.965
  66.4953           422.303       8.846
  66.5953           438.400       8.903
  66.6953           451.637       9.098
  66.7953           429.521       8.898
  66.8953           420.010       8.798
  66.9953           437.483       8.932
  67.0953           441.336       9.029
  67.1953           432.975       8.915
  67.2953           430.003       8.941
  67.3953           452.172       9.173
  67.4953           513.610       9.951
  67.5953           571.436      10.450
  67.6953           653.474      10.994
  67.7953           673.769      11.126
  67.8953           602.487      10.501
  67.9953           499.634       9.559
  68.0953           450.887       9.034
  68.1953           428.139       8.817
  68.2953           418.530       8.748
  68.3953           409.703       8.593
  68.4953           422.426       8.748
  68.5953           441.803       8.937
  68.6953           438.033       8.904
  68.7953           441.586       8.927
  68.8953           489.554       9.371
  68.9953           598.400      10.441
  69.0953           769.809      11.712
  69.1953           875.870      12.585
  69.2953           808.143      12.102
  69.3953           644.499      10.825
  69.4953           549.961       9.906
  69.5953           474.626       9.274
  69.6953           450.498       9.023
  69.7953           436.702       8.885
  69.8953           441.274       8.906
  69.9953           427.732       8.823
  70.0953           442.909       8.987
  70.1953           470.979       9.226
  70.2953           510.984       9.665
  70.3953           558.915      10.101
  70.4953           529.733       9.805
  70.5953           519.340       9.809
  70.6953           504.877       9.804
  70.7953           514.578       9.859
  70.8953           541.150       9.979
  70.9953           516.617       9.710
  71.0953           483.333       9.416
  71.1953           457.312       9.088
  71.2953           457.986       9.125
  71.3953           435.700       8.883
  71.4953           428.122       8.803
  71.5953           435.964       8.879
  71.6953           431.429       8.814
  71.7953           432.947       8.834
  71.8953           414.921       8.674
  71.9953           430.456       8.809
  72.0953           432.342       8.857
  72.1953           447.063       8.972
  72.2953           446.897       8.974
  72.3953           431.192       8.805
  72.4953           460.183       9.106
  72.5953           549.852      10.019
  72.6953           665.821      10.899
  72.7953           737.171      11.489
  72.8953           685.859      11.104
  72.9953           595.794      10.280
  73.0953           543.492       9.888
  73.1953           480.341       9.156
  73.2953           418.686       8.476
  73.3953           428.149       7.585
  73.4953           437.376      16.923
  73.5953           472.630       8.863
  73.6953           538.312       9.177
  73.7953           611.135       9.676
  73.8953           585.988      13.968
  73.9953           520.948       9.424
  74.0953           465.368       9.223
  74.1953           439.047       8.918
  74.2953           425.912       8.793
  74.3953           420.755       8.756
  74.4953           408.290       8.579
  74.5953           420.604       8.787
  74.6953           418.252       8.719
  74.7953           419.945       8.741
  74.8953           441.231       8.909
  74.9953           431.924       8.882
  75.0953           431.954       8.865
  75.1953           417.190       8.680
  75.2953           409.221       8.616
  75.3953           420.361       8.754
  75.4953           408.071       8.582
  75.5953           437.389       8.895
  75.6953           419.784       8.732
  75.7953           448.063       9.010
  75.8953           482.267       9.353
  75.9953           499.042       9.528
  76.0953           514.516       9.646
  76.1953           597.349      10.446
  76.2953           646.070      10.778
  76.3953           757.483      11.775
  76.4953           863.343      12.516
  76.5953           871.876      12.579
  76.6953           754.498      11.763
  76.7953           608.683      10.554
  76.8953           558.001      10.119
  76.9953           712.417      11.497
  77.0953          1070.172      14.305
  77.1953          1684.296      17.967
  77.2953          2051.065      19.551
  77.3953          1839.070      18.408
  77.4953          1260.396      15.208
  77.5953           902.753      12.935
  77.6953          1169.236      14.550
  77.7953          1837.120      18.340
  77.8953          2427.763      21.114
  77.9953          2224.608      20.150
  78.0953          1445.406      16.207
  78.1953           783.499      11.992
  78.2953           540.871       9.926
  78.3953           443.556       8.992
  78.4953           434.703       8.903
  78.5953           446.898       9.043
  78.6953           444.492       9.002
  78.7953           459.604       9.154
  78.8953           455.083       9.140
  78.9953           509.898       9.655
  79.0953           550.705      10.033
  79.1953           571.899      10.206
  79.2953           510.534       9.686
  79.3953           462.300       9.180
  79.4953           442.131       8.938
  79.5953           412.639       8.724
  79.6953           415.481       8.728
  79.7953           415.292       8.713
  79.8953           430.531       8.921
  79.9953           407.235       8.661
  80.0953           398.304       8.578
  80.1953           408.982       8.743
  80.2953           407.384       8.884
  80.3953           415.294       8.868
  80.4953           406.390       8.714
  80.5953           412.754       8.702
  80.6953           407.388       8.680
  80.7953           429.807       8.862
  80.8953           425.214       8.836
  80.9953           465.594       9.191
  81.0953           485.633       9.428
  81.1953           490.044       9.436
  81.2953           478.326       9.352
  81.3953           446.270       8.978
  81.4953           434.984       8.901
  81.5953           431.223       8.854
  81.6953           435.358       8.892
  81.7953           434.046       8.901
  81.8953           445.404       8.971
  81.9953           456.739       9.091
  82.0953           432.457       8.874
  82.1953           448.508       9.058
  82.2953           464.063       9.149
  82.3953           462.658       9.162
  82.4953           467.497       9.240
  82.5953           449.354       9.034
  82.6953           446.256       8.963
  82.7953           456.866       9.178
  82.8953           421.047       8.759
  82.9953           428.023       8.826
  83.0953           430.556       8.880
  83.1953           454.641       9.137
  83.2953           507.971       9.657
  83.3953           679.134      11.210
  83.4953           807.473      12.448
  83.5953           858.033      12.782
  83.6953           699.423      11.423
  83.7953           562.177      10.141
  83.8953           501.983       9.625
  83.9953           488.798       9.467
  84.0953           491.880       9.487
  84.1953           516.290       9.700
  84.2953           602.477      10.504
  84.3953           615.303      10.531
  84.4953           533.010       9.876
  84.5953           471.439       9.262
  84.6953           427.775       8.807
  84.7953           424.177       8.771
  84.8953           412.951       8.780
  84.9953           422.952       8.571
  85.0953           429.871       8.929
  85.1953           442.160       8.942
  85.2953           429.084       8.831
  85.3953           408.689       8.641
  85.4953           400.758       8.523
  85.5953           406.493       8.568
  85.6953           413.946       8.686
  85.7953           429.291       8.831
  85.8953           417.537       8.699
  85.9953           416.685       8.767
  86.0953           432.385       8.830
  86.1953           439.178       8.989
  86.2953           425.824       8.790
  86.3953           444.668       9.034
  86.4953           412.920       8.764
  86.5953           425.306       8.828
  86.6953           442.240       9.199
  86.7953           482.052       9.618
  86.8953           683.738      11.271
  86.9953          1250.063      15.140
  87.0953          2213.497      20.144
  87.1953          2987.824      23.379
  87.2953          2937.294      23.096
  87.3953          2256.878      20.304
  87.4953          1460.856      16.342
  87.5953           862.819      12.492
  87.6953           550.436       9.986
  87.7953           439.726       8.954
  87.8953           435.937       8.897
  87.9953           426.239       8.765
  88.0953           426.215       8.807
  88.1953           422.446       8.769
  88.2953           403.178       8.526
  88.3953           421.846       8.736
  88.4953           413.224       8.673
  88.5953           428.414       8.817
  88.6953           415.538       8.672
  88.7953           416.226       8.715
  88.8953           416.689       8.672
  88.9953           417.896       8.738
  89.0953           412.788       8.634
  89.1953           419.012       8.769
  89.2953           401.414       8.523
  89.3953           401.316       8.556
  89.4953           411.962       8.695
  89.5953           415.764       8.679
  89.6953           425.008       8.854
  89.7953           413.926       8.726
  89.8953           453.246       9.291
  89.9953           557.570      10.317
  90.0953           728.523      11.621
  90.1953           785.322      12.017
  90.2953           735.291      11.607
  90.3953           566.507      10.149
  90.4953           478.366       9.270
  90.5953           424.023       8.786
  90.6953           410.602       8.622
  90.7953           398.303       8.500
  90.8953           396.517       8.461
  90.9953           412.691       8.643
  91.0953           407.239       8.614
  91.1953           388.397       8.347
  91.2953           399.249       8.520
  91.3953           401.022       8.494
  91.4953           423.332       8.772
  91.5953           473.671       9.254
  91.6953           620.179      10.602
  91.7953           815.402      12.188
  91.8953           953.009      13.044
  91.9953           857.810      12.512
  92.0953           618.070      10.555
  92.1953           468.356       9.230
  92.2953           433.708       8.851
  92.3953           460.616       9.172
  92.4953           488.021       9.432
  92.5953           445.356       8.992
  92.6953           421.213       8.753
  92.7953           418.093       8.773
  92.8953           410.108       8.650
  92.9953           398.571       8.614
  93.0953           414.698       8.904
  93.1953           446.679       9.238
  93.2953           469.373       9.403
  93.3953           427.651       8.882
  93.4953           419.933       8.796
  93.5953           402.788       8.607
  93.6953           389.579       8.465
  93.7953           397.586       8.539
  93.8953           404.339       8.624
  93.9953           394.201       8.509
  94.0953           389.882       8.414
  94.1953           410.726       8.674
  94.2953           394.452       8.503
  94.3953           419.640       8.735
  94.4953           426.018       8.828
  94.5953           484.649       9.415
  94.6953           542.746       9.964
  94.7953           620.354      10.630
  94.8953           670.820      11.087
  94.9953           607.540      10.584
  95.0953           518.992       9.681
  95.1953           475.660       9.390
  95.2953           617.500      10.610
  95.3953           853.141      12.495
  95.4953           942.394      13.129
  95.5953           883.311      12.739
  95.6953           692.740      11.285
  95.7953           670.720      11.100
  95.8953           691.588      11.200
  95.9953           718.918      11.661
  96.0953           671.254      11.040
  96.1953           602.020      10.632
  96.2953           556.188      10.333
  96.3953           502.766       9.789
  96.4953           501.481       9.709
  96.5953           608.583      10.594
  96.6953           901.510      12.920
  96.7953          1255.443      15.263
  96.8953          1435.314      16.198
  96.9953          1190.100      14.807
  97.0953           767.204      11.892
  97.1953           629.887      10.691
  97.2953           687.990      11.248
  97.3953           685.807      11.220
  97.4953           684.354      11.202
  97.5953           680.101      11.140
  97.6953           675.090      11.118
  97.7953           575.382      10.258
  97.8953           472.111       9.280
  97.9953           439.276       8.946
  98.0953           426.444       8.836
  98.1953           448.978       9.084
  98.2953           504.002       9.550
  98.3953           552.227      10.082
  98.4953           626.054      10.740
  98.5953           623.784      10.631
  98.6953           567.159      10.178
  98.7953           497.454       9.577
  98.8953           531.132       9.888
  98.9953           565.367      10.167
  99.0953           556.529      10.142
  99.1953           485.684       9.426
  99.2953           451.344       9.175
  99.3953           458.635       9.232
  99.4953           437.491       9.195
  99.5953           422.566       8.977
  99.6953           384.821       8.479
  99.7953           390.346       8.440
  99.8953           379.270       8.334
  99.9953           402.754       8.587
 100.0953           387.708       8.403
 100.1953           414.759       8.684
 100.2953           449.633       9.064
 100.3953           505.244       9.555
 100.4953           526.902       9.786
 100.5953           480.619       9.336
 100.6953           428.878       8.821
 100.7953           391.565       8.412
 100.8953           390.489       8.416
 100.9953           408.225       8.591
 101.0953           393.697       8.448
 101.1953           399.931       8.498
 101.2953           396.104       8.478
 101.3953           400.324       8.518
 101.4953           376.839       8.261
 101.5953           387.968       8.414
 101.6953           383.639       8.334
 101.7953           393.140       8.430
 101.8953           376.179       8.286
 101.9953           392.446       8.442
 102.0953           381.535       8.338
 102.1953           382.465       8.328
 102.2953           383.244       8.377
 102.3953           380.667       8.341
 102.4953           383.557       8.340
 102.5953           390.449       8.516
 102.6953           421.209       8.950
 102.8953           740.952      11.783
 102.9953           919.176      13.004
 103.0953           875.572      12.692
 103.1953           647.926      10.922
 103.2953           479.493       9.350
 103.3953           435.959       8.940
 103.4953           418.005       8.737
 103.5953           420.637       8.724
 103.6953           385.223       8.374
 103.7953           402.753       8.569
 103.8953           427.442       8.817
 103.9953           436.223       8.910
 104.0953           435.220       8.893
 104.1953           417.147       8.736
 104.2953           400.565       8.519
 104.3953           400.611       8.539
 104.4953           391.501       8.435
 104.5953           401.775       8.556
 104.6953           394.657       8.462
 104.7953           388.620       8.420
 104.8953           394.771       8.482
 104.9953           381.467       8.356
 105.0953           368.396       8.156
 105.1953           381.034       8.383
 105.2953           394.673       8.476
 105.3953           413.116       8.707
 105.4953           444.087       9.022
 105.5953           425.087       8.823
 105.6953           443.268       8.981
 105.7953           523.706       9.881
 105.8953           626.667      11.057
 105.9953           652.638      10.915
 106.0953           673.280      11.329
 106.1953           666.369      11.039
 106.2953           713.028      11.486
 106.3953           780.525      11.907
 106.4953           708.352      11.378
 106.5953           597.569      10.431
 106.6953           506.162       9.617
 106.7953           552.038       9.988
 106.8953           611.053      10.370
 106.9953           683.575      11.578
 107.0953           671.392      10.835
 107.1953           558.995      10.041
 107.2953           495.627       9.522
 107.3953           404.548       8.538
 107.4953           392.663       8.443
 107.5953           381.371       8.308
 107.6953           413.094       8.661
 107.7953           486.088       9.411
 107.8953           607.162      10.490
 107.9953           664.145      11.010
 108.0953           621.031      10.605
 108.1953           537.437       9.914
 108.2953           440.555       8.943
 108.3953           388.437       8.426
 108.4953           373.641       8.234
 108.5953           396.064       8.510
 108.6953           424.209       8.819
 108.7953           472.102       9.298
 108.8953           568.084      10.156
 108.9953           645.908      11.008
 109.0953           754.024      11.969
 109.1953           753.682      11.980
 109.2953           747.179      11.827
 109.3953           713.234      11.430
 109.4953           602.868      10.533
 109.5953           504.523       9.670
 109.6953           446.708       8.999
 109.7953           427.812       8.865
 109.8953           429.031       8.830
 109.9953           398.957       8.529
 110.0953           428.093       8.810
 110.1953           501.058       9.541
 110.2953           615.665      10.577
 110.3953           643.381      10.800
 110.4953           574.458      10.187
 110.5953           471.905       9.309
 110.6953           391.588       8.406
 110.7953           387.475       8.390
 110.8953           414.600       8.670
 110.9953           468.510       9.240
 111.0953           544.591       9.925
 111.1953           629.297      10.686
 111.2953           594.286      10.391
 111.3953           506.751       9.615
 111.4953           420.241       8.715
 111.5953           377.593       8.327
 111.6953           364.720       8.123
 111.7953           398.491       8.574
 111.8953           389.538       8.382
 111.9953           375.941       8.360
 112.0953           370.814       8.210
 112.1953           353.730       8.132
 112.2953           355.340       8.226
 112.3953           346.631       8.114
 112.4953           366.854       8.230
 112.5953           383.042       8.343
 112.6953           467.607       9.244
 112.7953           590.759      10.342
 112.8953           725.234      11.454
 112.9953           795.317      11.975
 113.0953           698.713      11.286
 113.1953           526.157       9.740
 113.2953           425.650       8.747
 113.3953           381.901       8.330
 113.4953           360.024       8.060
 113.5953           354.619       8.020
 113.6953           358.426       8.015
 113.7953           362.563       8.083
 113.8953           362.904       8.091
 113.9953           393.894       8.407
 114.0953           450.462       8.988
 114.1953           484.339       9.430
 114.2953           473.891       9.199
 114.3953           431.640       8.829
 114.4953           391.451       8.411
 114.5953           373.933       8.201
 114.6953           345.280       7.936
 114.7953           357.592       7.968
 114.8953           350.205       8.034
 114.9953           338.484       7.809
 115.0953           358.980       8.090
 115.1953           345.532       7.921
 115.2953           354.587       8.069
 115.3953           351.923       8.029
 115.4953           411.562       8.866
 115.5953           498.381       9.685
 115.6953           594.074      10.481
 115.7953           646.365      10.833
 115.8953           628.281      10.698
 115.9953           559.749      10.112
 116.0953           489.608       9.410
 116.1953           425.189       8.790
 116.2953           431.290       8.848
 116.3953           407.464       8.582
 116.4953           399.283       8.554
 116.5953           396.174       8.376
 116.6953           405.503       8.587
 116.7953           393.327       8.416
 116.8953           366.207       8.138
 116.9953           351.553       7.977
 117.0953           340.062       7.816
 117.1953           345.045       7.908
 117.2953           360.080       8.058
 117.3953           344.936       7.897
 117.4953           372.874       8.209
 117.5953           346.837       7.907
 117.6953           347.048       7.920
 117.7953           334.265       7.778
 117.8953           337.903       7.789
 117.9953           347.312       8.014
 118.0953           339.029       7.717
 118.1953           335.205       7.866
 118.2953           343.530       7.885
 118.3953           363.758       8.146
 118.4953           386.851       8.384
 118.5953           406.723       8.667
 118.6953           449.348       9.186
 118.7953           461.832       9.413
 118.8953           466.791       9.219
 118.9953           461.244       9.199
 119.0953           432.239       8.823
 119.1953           460.753       9.162
 119.2953           554.323      10.013
 119.3953           692.679      11.188
 119.4953           785.054      11.904
 119.5953           827.838      12.246
 119.6953           732.803      11.442
 119.7953           606.589      10.485
 119.8953           496.984       9.458
 119.9953           407.522       8.550
 120.0953           342.684       7.823
 120.1953           350.640       8.096
 120.2953           337.639       7.524
 120.3953           321.945       7.731
 120.4953           322.865       7.614
 120.5953           316.064       7.575
 120.6953           313.418       7.450
 120.7953           314.893       7.547
 120.8953           316.654       7.529
 120.9953           333.122       7.749
 121.0953           318.550       7.555
 121.1953           312.454       7.516
 121.2953           324.953       7.668
 121.3953           313.784       7.516
 121.4953           319.511       7.597
 121.5953           318.029       7.666
 121.6953           328.339       7.599
 121.7953           360.751       8.285
 121.8953           385.052       8.453
 121.9953           407.190       8.782
 122.0953           447.332       9.086
 122.1953           466.387       9.198
 122.2953           479.430       9.372
 122.3953           527.473       9.786
 122.4953           501.887       9.586
 122.5953           492.350       9.447
 122.6953           430.420       8.873
 122.7953           374.253       8.224
 122.8953           340.192       7.831
 122.9953           332.693       7.801
 123.0953           324.584       7.663
 123.1953           354.926       7.995
 123.2953           368.347       8.179
 123.3953           392.235       8.418
 123.4953           382.554       8.309
 123.5953           395.773       8.455
 123.6953           356.683       8.059
 123.7953           332.620       7.758
 123.8953           340.962       7.845
 123.9953           325.297       7.667
 124.0953           325.833       7.688
 124.1953           348.795       7.952
 124.2953           371.799       8.212
 124.3953           385.041       8.368
 124.4953           388.822       8.429
 124.5953           387.719       8.377
 124.6953           377.287       8.329
 124.7953           354.693       7.959
 124.8953           333.169       7.825
 124.9953           316.159       7.650
 125.0953           320.502       7.744
 125.1953           312.564       7.695
 125.2953           318.591       7.682
 125.3953           333.333       7.861
 125.4953           339.133       7.815
 125.5953           381.142       8.309
 125.6953           435.929       8.882
 125.7953           476.652       9.245
 125.8953           486.665       9.371
 125.9953           493.969       9.421
 126.0953           451.419       8.971
 126.1953           403.611       8.520
 126.2953           350.178       7.936
 126.3953           339.705       7.779
 126.4953           312.298       7.521
 126.5953           313.098       7.476
 126.6953           327.048       7.654
 126.7953           314.237       7.495
 126.8953           350.676       7.931
 126.9953           380.796       8.292
 127.0953           414.112       8.585
 127.1953           444.199       8.909
 127.2953           457.897       9.068
 127.3953           438.830       8.924
 127.4953           408.122       8.527
 127.5953           366.626       8.127
 127.6953           351.323       7.938
 127.7953           329.641       7.731
 127.8953           327.678       7.672
 127.9953           315.819       7.586
 128.0953           306.292       7.407
 128.1953           333.526       7.853
 128.2953           307.948       7.607
 128.3953           322.251       7.795
 128.4953           307.564       7.522
 128.5953           312.934       7.546
 128.6953           309.703       7.494
 128.7953           308.379       7.486
 128.8953           329.318       7.698
 128.9953           329.169       7.729
 129.0953           350.293       7.980
 129.1953           408.270       8.550
 129.2953           448.863       8.981
 129.3953           490.015       9.425
 129.4953           493.306       9.407
 129.5953           473.583       9.229
 129.6953           433.818       8.841
 129.7953           394.045       8.445
 129.8953           356.852       7.999
 129.9953           336.099       7.787
 130.0953           329.653       7.681
 130.1953           325.160       7.660
 130.2953           320.848       7.598
 130.3953           319.784       7.580
 130.4953           312.970       7.516
 130.5953           317.618       7.567
 130.6953           317.207       7.553
 130.7953           323.012       7.650
 130.8953           337.817       7.816
 130.9953           341.972       7.858
 131.0953           358.486       8.060
 131.1953           369.333       8.199
 131.2953           407.821       8.579
 131.3953           409.348       8.690
 131.4953           406.053       8.731
 131.5953           362.236       8.299
 131.6953           376.546       8.317
 131.7953           357.990       8.059
 131.8953           341.082       7.841
 131.9953           326.762       7.717
 132.0953           326.765       7.659
 132.1953           328.386       7.727
 132.2953           310.010       7.484
 132.3953           311.027       7.458
 132.4953           309.502       7.474
 132.5953           302.972       7.359
 132.6953           302.120       7.397
 132.7953           309.551       7.432
 132.8953           303.381       7.378
 132.9953           320.351       7.585
 133.0953           320.517       7.578
 133.1953           329.402       7.563
 133.2953           326.260       7.892
 133.3953           352.197       7.838
 133.4953           359.084       8.015
 133.5953           339.543       7.806
 133.6953           346.721       7.886
 133.7953           366.921       8.130
 133.8953           366.146       8.065
 133.9953           343.988       7.892
 134.0953           365.171       8.109
 134.1953           375.571       8.198
 134.2953           359.858       8.073
 134.3953           354.413       8.009
 134.4953           332.545       7.746
 134.5953           330.988       7.801
 134.6953           331.167       7.928
 134.7953           338.740       7.947
 134.8953           318.967       7.662
 134.9953           305.601       7.410
 135.0953           294.482       7.272
 135.1953           296.508       7.317
 135.2953           293.235       7.261
 135.3953           306.708       7.417
 135.4953           296.260       7.309
 135.5953           303.279       7.349
 135.6953           301.419       7.356
 135.7953           305.935       7.379
 135.8953           319.453       7.582
 135.9953           331.842       7.703
 136.0953           342.729       7.828
 136.1953           393.899       8.413
 136.2953           460.216       9.050
 136.3953           579.815      10.189
 136.4953           688.680      11.116
 136.5953           768.875      11.755
 136.6953           816.897      12.048
 136.7953           795.338      11.940
 136.8953           780.465      11.835
 136.9953           698.880      11.143
 137.0953           585.016      10.249
 137.1953           490.547       9.404
 137.2953           405.784       8.530
 137.3953           399.116       8.452
 137.4953           407.697       8.561
 137.5953           446.444       8.970
 137.6953           486.302       9.373
 137.7953           543.567       9.942
 137.8953           550.362      10.169
 137.9953           542.237      10.085
 138.0953           526.068       9.820
 138.1953           496.627       9.422
 138.2953           471.381       9.246
 138.3953           440.782       8.882
 138.4953           400.352       8.468
 138.5953           392.033       8.375
 138.6953           355.302       7.963
 138.7953           353.862       7.924
 138.8953           305.507       7.362
 138.9953           299.618       7.314
 139.0953           294.950       7.237
 139.1953           291.895       7.171
 139.2953           285.387       7.155
 139.3953           298.301       7.248
 139.4953           292.799       7.235
 139.5953           286.732       7.089
 139.6953           287.177       7.164
 139.7953           306.172       7.395
 139.8953           321.619       7.537
 139.9953           338.900       7.759
 140.0953           375.076       8.162
 140.1953           398.443       8.445
 140.2953           434.185       8.759
 140.3953           466.304       9.148
 140.4953           471.768       9.175
 140.5953           480.868       9.271
 140.6953           459.361       9.093
 140.7953           456.709       9.042
 140.8953           444.175       8.934
 140.9953           432.206       8.904
 141.0953           441.527       9.079
 141.1953           467.654       9.351
 141.2953           486.619       9.393
 141.3953           529.597       9.713
 141.4953           532.486       9.779
 141.5953           550.795       9.896
 141.6953           515.550       9.605
 141.7953           491.543       9.380
 141.8953           466.547       9.096
 141.9953           435.057       8.754
 142.0953           428.739       8.735
 142.1953           424.738       8.701
 142.2953           448.274       8.923
 142.3953           521.416       9.568
 142.4953           502.598       9.471
 142.5953           580.074      10.149
 142.6953           585.485      10.174
 142.7953           596.013      10.256
 142.8953           605.750      10.367
 142.9953           568.354      10.042
 143.0953           554.974       9.883
 143.1953           525.934       9.667
 143.2953           511.497       9.520
 143.3953           483.618       9.261
 143.4953           488.884       9.294
 143.5953           481.153       9.239
 143.6953           484.015       9.329
 143.7953           490.393       9.446
 143.8953           505.159       9.159
 143.9953           484.199       9.465
 144.0953           465.331       9.086
 144.1953           425.459       8.812
 144.2953           396.259       8.548
 144.3953           374.250       8.379
 144.4953           347.974       7.970
 144.5953           331.479       7.709
 144.6953           340.955       7.802
 144.7953           315.763       7.518
 144.8953           314.534       7.478
 144.9953           294.774       7.246
 145.0953           291.768       7.196
 145.1953           294.160       7.246
 145.2953           287.119       7.109
 145.3953           292.436       7.212
 145.4953           302.541       7.329
 145.5953           295.845       6.686
 145.6953           348.908       9.578
 145.7953           297.431       6.725
 145.8953           313.659       7.445
 145.9953           322.287       7.542
 146.0953           332.461       7.676
 146.1953           350.796       7.894
 146.2953           353.053       7.912
 146.3953           355.860       7.881
 146.4953           373.301       8.183
 146.5953           373.071       8.122
 146.6953           387.030       8.276
 146.7953           384.570       8.296
 146.8953           390.411       8.331
 146.9953           393.848       8.382
 147.0953           406.341       8.514
 147.1953           407.217       8.524
 147.2953           402.626       8.481
 147.3953           374.170       8.230
 147.4953           380.069       8.433
 147.5953           360.188       8.173
 147.6953           336.509       7.839
 147.7953           319.400       7.545
 147.8953           316.325       7.551
 147.9953           318.144       7.507
 148.0953           293.605       7.259
 148.1953           303.671       7.322
 148.2953           276.294       7.047
 148.3953           279.482       7.036
 148.4953           289.081       7.261
 148.5953           285.641       6.899
 148.6953           276.084       7.131
 148.7953           293.333       7.412
 148.8953           276.203       6.625
 148.9953           288.939       7.170
 149.0953           302.035       7.458
 149.1953           297.846       7.106
 149.2953           308.009       7.319
 149.3953           317.660       7.477
 149.4953           331.630       7.564
 149.5953           322.769       7.424
 149.6953           327.813       7.757
 149.7953           340.939       7.755
 149.8953           336.056       7.459
 149.9953           337.857       8.128
 150.0953           326.819       7.125
 150.1953           315.581       8.245
 150.2953           310.437       7.052
 150.3953           306.051       7.434
 150.4953           291.943       7.216
 150.5953           296.264       7.305
 150.6953           297.296       6.736
 150.7953             0.000       0.000
 150.8953             0.000       0.000
