XYDATA  Co2SiO4 8mmV 1.87A HiRes FullBeam 500K CF ROC 
INTER        1       1       0     0.100000
TEMP       167.807      174.983      175.003
! d20 23-Apr-08 09:22:09 User Sazono   L.C.Hansen  Run 594842*d20_2008_04_5880
! d20 23-Apr-08 09:22:09 User Sazono   L.C.Hansen  Run 594842*d20_2008_04_5880
! Monitor/counts, Counting time/sec:       100000.      62.5111
   0.0953          4084.918      27.945
   0.1953          4293.844      29.119
   0.2953          4319.693      29.472
   0.3953          4159.682      28.735
   0.4953          3861.154      27.482
   0.5953          3522.040      26.037
   0.6953          3021.546      24.049
   0.7953          2674.224      22.684
   0.8953          2282.120      20.887
   0.9953          1945.546      19.334
   1.0953          1623.927      17.609
   1.1953          1309.608      15.782
   1.2953          1030.585      14.026
   1.3953           781.750      12.204
   1.4953           538.692      10.124
   1.5953           436.947       9.095
   1.6953           353.386       8.223
   1.7953           347.744       8.151
   1.8953           337.152       7.996
   1.9953           305.195       7.611
   2.0953           303.636       7.612
   2.1953           299.581       7.556
   2.2953           287.667       7.381
   2.3953           280.331       7.299
   2.4953           267.141       7.155
   2.5953           261.600       7.009
   2.6953           266.828       7.172
   2.7953           257.474       6.992
   2.8953           258.207       7.030
   2.9953           257.309       7.011
   3.0953           239.070       6.770
   3.1953           238.946       6.764
   3.2953           236.433       6.720
   3.3953           252.408       7.006
   3.4953           244.651       6.993
   3.5953           233.476       6.829
   3.6953           257.236       7.083
   3.7953           249.385       6.930
   3.8953           251.377       6.940
   3.9953           277.783       7.300
   4.0953           316.697       7.752
   4.1953           350.257       8.226
   4.2953           376.763       8.454
   4.3953           432.768       9.063
   4.4953           466.720       9.408
   4.5953           535.795      10.135
   4.6953           582.602      10.481
   4.7953           645.127      11.065
   4.8953           664.962      11.240
   4.9953           676.128      11.366
   5.0953           688.918      11.419
   5.1953           688.771      11.415
   5.2953           702.535      11.584
   5.3953           690.550      11.449
   5.4953           694.755      11.459
   5.5953           681.210      11.384
   5.6953           675.333      11.347
   5.7953           703.737      11.591
   5.8953           707.559      11.548
   5.9953           682.681      11.450
   6.0953           691.236      11.490
   6.1953           700.036      11.595
   6.2953           688.836      11.469
   6.3953           689.107      11.468
   6.4953           680.451      11.462
   6.5953           670.561      11.349
   6.6953           678.992      11.636
   6.7953           648.767      11.384
   6.8953           650.619      11.253
   6.9953           627.962      10.936
   7.0953           636.200      11.020
   7.1953           655.250      11.218
   7.2953           629.920      10.919
   7.3953           626.286      10.959
   7.4953           653.949      11.153
   7.5953           642.371      11.028
   7.6953           619.399      10.835
   7.7953           612.484      10.782
   7.8953           619.206      10.827
   7.9953           622.486      10.808
   8.0953           626.895      10.934
   8.1953           608.473      10.725
   8.2953           628.645      10.896
   8.3953           598.276      10.638
   8.4953           595.950      10.630
   8.5953           593.699      10.582
   8.6953           583.168      10.488
   8.7953           597.437      10.614
   8.8953           577.717      10.452
   8.9953           567.458      10.359
   9.0953           574.577      10.412
   9.1953           574.338      10.453
   9.2953           570.589      10.417
   9.3953           577.427      10.425
   9.4953           577.204      10.500
   9.5953           557.111      10.283
   9.6953           573.027      10.450
   9.7953           537.870      10.220
   9.8953           545.474      10.421
   9.9953           561.332      10.557
  10.0953           561.221      10.397
  10.1953           585.447      10.544
  10.2953           569.347      10.414
  10.3953           558.787      10.288
  10.4953           545.937      10.161
  10.5953           524.609       9.941
  10.6953           560.370      10.312
  10.7953           540.369      10.048
  10.8953           549.507      10.152
  10.9953           553.666      10.187
  11.0953           529.678       9.887
  11.1953           537.418      10.016
  11.2953           534.183      10.580
  11.3953           551.295       9.966
  11.4953           513.312       9.760
  11.5953           518.970       9.832
  11.6953           514.476       9.856
  11.7953           531.491       9.982
  11.8953           523.637       9.922
  11.9953           537.533      10.048
  12.0953           511.721       9.834
  12.1953           526.486       9.948
  12.2953           517.831       9.842
  12.3953           543.178      10.173
  12.4953           509.870       9.816
  12.5953           512.419       9.827
  12.6953           541.491      10.118
  12.7953           514.623       9.928
  12.8953           507.529       9.748
  12.9953           518.558       9.969
  13.0953           526.059      10.353
  13.1953           508.317       9.725
  13.2953           525.357      10.232
  13.3953           517.953       9.913
  13.4953           516.016       9.923
  13.5953           522.148       9.908
  13.6953           502.807       9.790
  13.7953           515.652       9.835
  13.8953           522.737       9.981
  13.9953           499.031       9.641
  14.0953           511.796       9.883
  14.1953           511.832       9.700
  14.2953           506.372       9.826
  14.3953           521.619       9.874
  14.4953           524.505       9.926
  14.5953           488.216       9.645
  14.6953           494.114       9.606
  14.7953           503.712       9.708
  14.8953           499.382       9.675
  14.9953           522.868       9.949
  15.0953           499.637       9.842
  15.1953           502.424       9.413
  15.2953           494.304       9.821
  15.3953           481.074       9.506
  15.4953           504.591       9.723
  15.5953           495.861       9.676
  15.6953           492.122       9.668
  15.7953           499.476       9.675
  15.8953           488.151       9.665
  15.9953           497.539       9.698
  16.0953           500.483       9.785
  16.1953           490.567       9.684
  16.2953           472.030       9.653
  16.3953           493.567       9.915
  16.4953           494.115       9.756
  16.5953           494.677       9.674
  16.6953           482.740       9.605
  16.7953           486.798       9.610
  16.8953           470.392       9.455
  16.9953           470.461       9.422
  17.0953           489.776       9.637
  17.1953           481.739       9.544
  17.2953           471.135       9.410
  17.3953           473.967       9.472
  17.4953           485.142       9.574
  17.5953           485.651       9.515
  17.6953           489.741       9.634
  17.7953           485.908       9.576
  17.8953           501.905       9.692
  17.9953           485.931       9.548
  18.0953           487.613       9.598
  18.1953           478.095       9.484
  18.2953           480.788       9.515
  18.3953           497.787       9.661
  18.4953           489.611       9.630
  18.5953           490.833       9.582
  18.6953           483.641       9.536
  18.7953           497.268       9.704
  18.8953           496.026       9.683
  18.9953           485.373       9.548
  19.0953           489.124       9.635
  19.1953           466.667       9.409
  19.2953           478.286       9.539
  19.3953           489.943       9.653
  19.4953           481.738       9.799
  19.5953           486.279       9.761
  19.6953           482.571       9.588
  19.7953           480.590       9.558
  19.8953           477.614       9.507
  19.9953           483.884       9.558
  20.0953           485.364       9.563
  20.1953           486.468       9.413
  20.2953           483.958       9.914
  20.3953           486.486       9.495
  20.4953           489.848       9.360
  20.5953           480.945       9.636
  20.6953           504.019       9.687
  20.7953           515.529       9.829
  20.8953           493.269       9.608
  20.9953           527.603       9.983
  21.0953           536.982      10.004
  21.1953           559.235      10.241
  21.2953           551.842      10.160
  21.3953           536.488      10.042
  21.4953           499.958       9.686
  21.5953           494.185       9.616
  21.6953           483.038       9.562
  21.7953           501.113       9.651
  21.8953           489.609       9.609
  21.9953           488.432       9.564
  22.0953           511.336       9.815
  22.1953           510.852       9.842
  22.2953           499.371       9.701
  22.3953           478.529       9.533
  22.4953           478.074       9.527
  22.5953           477.756       9.547
  22.6953           473.018       9.672
  22.7953           461.912       9.531
  22.8953           452.968       9.289
  22.9953           456.768       9.258
  23.0953           463.051       9.351
  23.1953           469.798       9.413
  23.2953           455.068       9.224
  23.3953           465.340       9.344
  23.4953           484.126       9.565
  23.5953           452.383       9.141
  23.6953           442.424       9.096
  23.7953           460.721       9.274
  23.8953           466.685       9.332
  23.9953           459.390       9.230
  24.0953           457.802       9.255
  24.1953           466.030       9.334
  24.2953           464.819       9.270
  24.3953           466.965       9.334
  24.4953           470.157       9.340
  24.5953           463.994       9.347
  24.6953           480.770       9.429
  24.7953           472.100       9.349
  24.8953           519.993       9.882
  24.9953           519.499       9.816
  25.0953           539.128      10.022
  25.1953           535.825      10.005
  25.2953           528.276       9.946
  25.3953           520.710       9.865
  25.4953           475.936       9.449
  25.5953           465.830       9.356
  25.6953           440.369       9.082
  25.7953           454.315       9.318
  25.8953           445.073       9.321
  25.9953           453.586       9.429
  26.0953           441.174       9.140
  26.1953           464.960       9.342
  26.2953           451.637       9.183
  26.3953           454.723       9.265
  26.4953           464.689       9.298
  26.5953           458.272       9.225
  26.6953           470.005       9.391
  26.7953           508.444       9.731
  26.8953           515.016       9.801
  26.9953           489.035       9.509
  27.0953           497.121       9.646
  27.1953           500.869       9.639
  27.2953           514.621       9.789
  27.3953           523.174       9.876
  27.4953           561.710      10.216
  27.5953           623.184      10.757
  27.6953           721.885      11.627
  27.7953           816.671      12.309
  27.8953           889.942      12.896
  27.9953           905.522      12.915
  28.0953           811.250      12.334
  28.1953           672.364      11.208
  28.2953           573.213      10.302
  28.3953           515.373       9.837
  28.4953           460.464       9.256
  28.5953           456.952       9.243
  28.6953           474.619       9.449
  28.7953           493.967       9.647
  28.8953           490.559       9.623
  28.9953           515.396       9.844
  29.0953           575.058      10.588
  29.1953           584.860      10.655
  29.2953           594.129      10.678
  29.3953           533.920      10.037
  29.4953           506.818       9.775
  29.5953           471.049       9.387
  29.6953           467.618       9.341
  29.7953           446.534       9.163
  29.8953           441.869       9.117
  29.9953           438.165       9.031
  30.0953           440.552       9.084
  30.1953           465.787       9.336
  30.2953           453.196       9.211
  30.3953           468.196       9.323
  30.4953           465.655       9.356
  30.5953           464.949       9.333
  30.6953           461.135       9.279
  30.7953           465.484       9.306
  30.8953           486.584       9.532
  30.9953           498.739       9.685
  31.0953           525.781       9.882
  31.1953           510.503       9.765
  31.2953           512.571       9.815
  31.3953           487.433       9.536
  31.4953           471.854       9.396
  31.5953           452.549       9.203
  31.6953           451.154       9.230
  31.7953           455.751       9.232
  31.8953           438.941       9.097
  31.9953           435.249       9.029
  32.0953           442.353       9.143
  32.1953           441.949       9.183
  32.2953           423.897       9.121
  32.3953           426.570       9.101
  32.4953           428.584       9.007
  32.5953           424.445       8.916
  32.6953           424.776       8.923
  32.7953           423.134       8.871
  32.8953           431.948       9.003
  32.9953           430.876       8.928
  33.0953           439.884       9.092
  33.1953           428.235       8.897
  33.2953           435.069       9.013
  33.3953           414.689       8.748
  33.4953           416.155       8.795
  33.5953           439.690       9.011
  33.6953           435.986       8.978
  33.7953           439.280       9.069
  33.8953           418.332       8.771
  33.9953           443.395       9.056
  34.0953           434.788       8.984
  34.1953           444.304       9.083
  34.2953           444.660       9.099
  34.3953           434.596       8.892
  34.4953           459.294       9.302
  34.5953           448.956       9.074
  34.6953           434.884       9.027
  34.7953           442.722       9.073
  34.8953           451.969       9.161
  34.9953           458.918       9.225
  35.0953           459.719       9.286
  35.1953           434.794       9.008
  35.2953           457.425       9.272
  35.3953           459.877       9.372
  35.4953           440.776       9.251
  35.5953           451.797       9.374
  35.6953           443.703       9.188
  35.7953           464.253       9.307
  35.8953           477.283       9.463
  35.9953           469.836       9.341
  36.0953           494.276       9.609
  36.1953           499.904       9.633
  36.2953           500.422       9.692
  36.3953           535.780       9.965
  36.4953           557.406      10.206
  36.5953           537.750       9.950
  36.6953           515.422       9.800
  36.7953           488.540       9.492
  36.8953           489.056       9.535
  36.9953           464.409       9.290
  37.0953           444.301       9.069
  37.1953           453.132       9.132
  37.2953           448.733       9.148
  37.3953           446.746       9.089
  37.4953           441.979       9.029
  37.5953           427.640       8.923
  37.6953           448.823       9.120
  37.7953           443.392       9.085
  37.8953           433.269       8.945
  37.9953           439.073       9.038
  38.0953           442.041       9.074
  38.1953           449.342       9.159
  38.2953           460.830       9.243
  38.3953           439.606       9.082
  38.4953           447.772       9.114
  38.5953           445.827       9.212
  38.6953           441.491       9.268
  38.7953           473.156       9.606
  38.8953           465.220       9.384
  38.9953           475.591       9.474
  39.0953           505.100       9.730
  39.1953           567.528      10.268
  39.2953           621.718      10.775
  39.3953           652.601      11.007
  39.4953           669.811      11.190
  39.5953           603.715      10.569
  39.6953           546.322      10.081
  39.7953           492.100       9.541
  39.8953           455.551       9.209
  39.9953           462.675       9.237
  40.0953           458.325       9.218
  40.1953           445.613       9.128
  40.2953           455.867       9.173
  40.3953           459.012       9.212
  40.4953           461.661       9.278
  40.5953           448.952       9.130
  40.6953           459.417       9.223
  40.7953           439.512       9.045
  40.8953           437.000       9.026
  40.9953           448.101       9.118
  41.0953           448.810       9.106
  41.1953           455.320       9.244
  41.2953           454.453       9.196
  41.3953           462.234       9.278
  41.4953           459.043       9.291
  41.5953           470.688       9.376
  41.6953           476.578       9.439
  41.7953           463.082       9.413
  41.8953           459.719       9.624
  41.9953           478.435       9.372
  42.0953           521.109      10.113
  42.1953           569.209      10.315
  42.2953           667.678      11.267
  42.3953           786.441      12.115
  42.4953           915.417      13.124
  42.5953           943.468      13.194
  42.6953           905.250      13.080
  42.7953           791.801      12.144
  42.8953           694.931      11.341
  42.9953           578.867      10.430
  43.0953           523.930       9.850
  43.1953           493.442       9.562
  43.2953           508.680       9.762
  43.3953           560.593      10.177
  43.4953           591.955      10.502
  43.5953           645.622      10.954
  43.6953           634.250      10.825
  43.7953           605.529      10.610
  43.8953           536.549      10.005
  43.9953           507.136       9.678
  44.0953           472.460       9.363
  44.1953           480.785       9.506
  44.2953           480.723       9.433
  44.3953           518.395       9.860
  44.4953           588.722      10.473
  44.5953           667.162      11.104
  44.6953           752.111      11.914
  44.7953           804.730      12.283
  44.8953           743.418      11.814
  44.9953           629.510      10.938
  45.0953           531.762      10.204
  45.1953           473.241       9.579
  45.2953           458.188       9.285
  45.3953           452.978       9.195
  45.4953           438.328       9.015
  45.5953           451.141       9.173
  45.6953           468.516       9.313
  45.7953           487.813       9.494
  45.8953           531.569       9.943
  45.9953           600.871      10.517
  46.0953           731.607      11.600
  46.1953           884.304      12.776
  46.2953           936.712      13.157
  46.3953           839.970      12.421
  46.4953           686.962      11.259
  46.5953           564.080      10.196
  46.6953           476.002       9.360
  46.7953           454.266       9.163
  46.8953           450.621       9.104
  46.9953           462.950       9.208
  47.0953           476.282       9.382
  47.1953           490.499       9.509
  47.2953           534.648       9.937
  47.3953           583.084      10.361
  47.4953           617.916      10.690
  47.5953           630.311      10.756
  47.6953           593.624      10.500
  47.7953           541.903      10.003
  47.8953           496.717       9.602
  47.9953           495.019       9.612
  48.0953           518.730       9.787
  48.1953           624.748      10.904
  48.2953           869.300      12.975
  48.3953          1213.021      15.377
  48.4953          1955.695      19.150
  48.5953          2849.307      23.082
  48.6953          3418.489      25.200
  48.7953          3540.395      25.733
  48.8953          3164.769      24.175
  48.9953          2471.031      21.398
  49.0953          1765.043      18.168
  49.1953          1128.470      14.403
  49.2953           693.459      11.317
  49.3953           536.505       9.966
  49.4953           482.334       9.438
  49.5953           477.558       9.387
  49.6953           479.427       9.381
  49.7953           464.429       9.307
  49.8953           464.155       9.212
  49.9953           460.068       9.198
  50.0953           473.511       9.375
  50.1953           448.815       9.107
  50.2953           474.170       9.353
  50.3953           457.726       9.195
  50.4953           473.045       9.346
  50.5953           449.449       9.136
  50.6953           475.249       9.360
  50.7953           507.901       9.714
  50.8953           520.101       9.820
  50.9953           619.437      10.726
  51.0953           742.091      11.754
  51.1953           829.901      12.435
  51.2953           842.877      12.541
  51.3953           715.015      11.545
  51.4953           601.513      10.847
  51.5953           489.468       9.722
  51.6953           459.421       9.314
  51.7953           468.681       9.342
  51.8953           473.561       9.367
  51.9953           479.946       9.407
  52.0953           514.608       9.776
  52.1953           496.319       9.589
  52.2953           511.336       9.672
  52.3953           521.622       9.823
  52.4953           507.817       9.652
  52.5953           522.731       9.790
  52.6953           500.464       9.594
  52.7953           461.421       9.197
  52.8953           464.603       9.261
  52.9953           457.920       9.140
  53.0953           462.820       9.236
  53.1953           433.751       8.910
  53.2953           441.659       9.008
  53.3953           429.087       8.880
  53.4953           434.579       8.949
  53.5953           432.179       8.883
  53.6953           452.317       9.133
  53.7953           445.642       9.063
  53.8953           457.857       9.139
  53.9953           457.006       9.201
  54.0953           457.601       9.193
  54.1953           433.278       8.930
  54.2953           458.242       9.202
  54.3953           464.672       9.301
  54.4953           490.029       9.519
  54.5953           540.768      10.073
  54.6953           577.488      10.568
  54.7953           590.704      10.714
  54.8953           553.416      10.165
  54.9953           506.290       9.726
  55.0953           483.237       9.443
  55.1953           483.244       9.472
  55.2953           479.974       9.384
  55.3953           471.925       9.338
  55.4953           462.850       9.242
  55.5953           454.560       9.119
  55.6953           454.542       9.176
  55.7953           441.108       9.015
  55.8953           463.106       9.220
  55.9953           453.082       9.117
  56.0953           447.031       9.059
  56.1953           446.367       9.062
  56.2953           455.188       9.144
  56.3953           448.180       9.049
  56.4953           444.263       9.065
  56.5953           459.562       9.204
  56.6953           441.391       8.993
  56.7953           455.464       9.148
  56.8953           461.779       9.234
  56.9953           475.976       9.322
  57.0953           474.442       9.364
  57.1953           468.444       9.286
  57.2953           450.424       9.141
  57.3953           445.200       9.086
  57.4953           445.614       9.027
  57.5953           440.714       9.078
  57.6953           428.402       8.923
  57.7953           449.417       9.164
  57.8953           443.514       9.325
  57.9953           446.360       9.233
  58.0953           429.498       8.983
  58.1953           419.997       8.835
  58.2953           437.953       8.994
  58.3953           427.759       8.925
  58.4953           423.544       8.809
  58.5953           439.855       9.026
  58.6953           429.641       8.874
  58.7953           425.505       8.844
  58.8953           424.446       8.835
  58.9953           439.361       9.031
  59.0953           430.032       8.762
  59.1953           439.966       9.037
  59.2953           437.261       8.969
  59.3953           473.464       9.316
  59.4953           456.816       9.138
  59.5953           455.164       9.125
  59.6953           456.047       9.143
  59.7953           451.732       9.154
  59.8953           434.613       8.857
  59.9953           439.472       9.008
  60.0953           457.618       9.189
  60.1953           441.570       8.982
  60.2953           448.685       9.048
  60.3953           462.923       9.253
  60.4953           439.688       8.966
  60.5953           444.357       9.037
  60.6953           435.179       8.962
  60.7953           437.899       8.991
  60.8953           482.136       9.474
  60.9953           503.447       9.723
  61.0953           537.485      10.150
  61.1953           546.985      10.271
  61.2953           499.741       9.628
  61.3953           469.140       9.292
  61.4953           443.221       8.997
  61.5953           428.034       8.871
  61.6953           444.003       9.003
  61.7953           448.441       9.049
  61.8953           442.075       9.020
  61.9953           457.648       9.113
  62.0953           463.229       9.152
  62.1953           448.774       9.094
  62.2953           452.102       9.038
  62.3953           466.002       9.201
  62.4953           469.255       9.222
  62.5953           483.282       9.429
  62.6953           493.521       9.433
  62.7953           474.144       9.284
  62.8953           436.217       8.899
  62.9953           427.346       8.812
  63.0953           433.606       8.860
  63.1953           428.452       8.806
  63.2953           412.264       8.718
  63.3953           411.510       8.614
  63.4953           431.353       8.836
  63.5953           427.265       8.850
  63.6953           430.395       8.869
  63.7953           433.488       8.854
  63.8953           443.155       9.025
  63.9953           460.249       9.156
  64.0953           565.559      10.191
  64.1953           819.690      12.313
  64.2953          1265.741      15.311
  64.3953          1983.631      19.908
  64.4953          2282.157      20.317
  64.5953          2304.655      20.762
  64.6953           862.408      12.036
  64.7953          1044.292      13.326
  64.8953           716.879      12.583
  64.9953           580.108      11.959
  65.0953           542.642      10.181
  65.1953           617.157       9.786
  65.2953           715.865      11.327
  65.3953           703.454      11.283
  65.4953           652.333      10.915
  65.5953           517.202       9.653
  65.6953           469.088       9.286
  65.7953           440.156       8.955
  65.8953           451.970       9.058
  65.9953           435.600       8.914
  66.0953           426.866       8.851
  66.1953           451.588       9.066
  66.2953           443.756       8.993
  66.3953           445.695       9.008
  66.4953           448.289       9.115
  66.5953           433.729       8.855
  66.6953           434.982       8.929
  66.7953           428.076       8.884
  66.8953           448.436       9.091
  66.9953           446.090       9.020
  67.0953           426.767       8.879
  67.1953           437.413       8.960
  67.2953           418.688       8.823
  67.3953           459.838       9.251
  67.4953           522.134      10.034
  67.5953           568.991      10.428
  67.6953           675.540      11.179
  67.7953           678.413      11.165
  67.8953           591.363      10.404
  67.9953           510.831       9.666
  68.0953           461.423       9.139
  68.1953           432.711       8.864
  68.2953           433.012       8.898
  68.3953           420.734       8.709
  68.4953           438.405       8.912
  68.5953           433.696       8.855
  68.6953           438.789       8.912
  68.7953           456.603       9.078
  68.8953           490.487       9.381
  68.9953           606.461      10.511
  69.0953           735.641      11.450
  69.1953           846.632      12.373
  69.2953           800.587      12.046
  69.3953           646.910      10.845
  69.4953           525.544       9.684
  69.5953           493.153       9.454
  69.6953           457.220       9.090
  69.7953           452.105       9.040
  69.8953           428.538       8.777
  69.9953           431.769       8.865
  70.0953           438.745       8.945
  70.1953           468.300       9.200
  70.2953           508.643       9.643
  70.3953           553.294      10.050
  70.4953           538.667       9.888
  70.5953           500.286       9.628
  70.6953           505.865       9.814
  70.7953           511.591       9.831
  70.8953           547.079      10.034
  70.9953           534.546       9.877
  71.0953           478.596       9.370
  71.1953           458.790       9.103
  71.2953           424.732       8.788
  71.3953           426.129       8.785
  71.4953           444.272       8.968
  71.5953           448.297       9.004
  71.6953           457.221       9.074
  71.7953           440.732       8.913
  71.8953           419.850       8.726
  71.9953           418.944       8.690
  72.0953           410.047       8.625
  72.1953           422.957       8.727
  72.2953           410.692       8.603
  72.3953           432.663       8.821
  72.4953           475.539       9.257
  72.5953           554.640      10.063
  72.6953           653.555      10.799
  72.7953           713.044      11.300
  72.8953           697.598      11.199
  72.9953           591.756      10.245
  73.0953           553.610       9.980
  73.1953           482.646       9.179
  73.2953           438.459       8.674
  73.3953           424.012       7.549
  73.4953           474.132      17.621
  73.5953           477.153       8.905
  73.6953           551.184       9.286
  73.7953           618.841       9.737
  73.8953           577.035      13.861
  73.9953           533.264       9.535
  74.0953           464.670       9.216
  74.1953           441.978       8.948
  74.2953           428.849       8.824
  74.3953           431.542       8.868
  74.4953           417.337       8.674
  74.5953           430.553       8.891
  74.6953           420.464       8.743
  74.7953           442.367       8.972
  74.8953           423.627       8.729
  74.9953           424.463       8.805
  75.0953           431.803       8.864
  75.1953           412.342       8.630
  75.2953           432.662       8.859
  75.3953           410.178       8.647
  75.4953           416.227       8.668
  75.5953           425.476       8.773
  75.6953           442.168       8.962
  75.7953           451.177       9.042
  75.8953           457.261       9.107
  75.9953           486.519       9.408
  76.0953           544.406       9.923
  76.1953           601.047      10.479
  76.2953           656.189      10.863
  76.3953           751.312      11.728
  76.4953           859.050      12.485
  76.5953           887.552      12.692
  76.6953           769.045      11.877
  76.7953           632.343      10.758
  76.8953           573.828      10.262
  76.9953           701.519      11.409
  77.0953          1014.594      13.929
  77.1953          1703.012      18.067
  77.2953          2051.027      19.551
  77.3953          1844.547      18.436
  77.4953          1287.282      15.370
  77.5953           887.988      12.829
  77.6953          1140.164      14.368
  77.7953          1817.109      18.241
  77.8953          2484.321      21.359
  77.9953          2244.118      20.239
  78.0953          1477.136      16.384
  78.1953           779.700      11.963
  78.2953           511.568       9.654
  78.3953           444.317       9.000
  78.4953           423.424       8.787
  78.5953           423.678       8.806
  78.6953           442.335       8.981
  78.7953           449.423       9.052
  78.8953           457.137       9.161
  78.9953           520.909       9.759
  79.0953           567.384      10.184
  79.1953           591.072      10.376
  79.2953           535.759       9.923
  79.3953           465.434       9.212
  79.4953           420.832       8.720
  79.5953           425.034       8.855
  79.6953           415.511       8.729
  79.7953           410.201       8.659
  79.8953           414.286       8.751
  79.9953           410.581       8.696
  80.0953           405.357       8.654
  80.1953           431.641       8.983
  80.2953           398.885       8.791
  80.3953           413.618       8.851
  80.4953           404.550       8.694
  80.5953           419.391       8.772
  80.6953           417.593       8.788
  80.7953           415.211       8.711
  80.8953           425.980       8.844
  80.9953           449.109       9.027
  81.0953           494.825       9.518
  81.1953           482.263       9.361
  81.2953           473.239       9.302
  81.3953           453.891       9.054
  81.4953           446.132       9.015
  81.5953           439.985       8.944
  81.6953           441.931       8.959
  81.7953           444.852       9.011
  81.8953           460.983       9.127
  81.9953           441.384       8.937
  82.0953           448.155       9.034
  82.1953           457.141       9.145
  82.2953           467.706       9.185
  82.3953           480.843       9.341
  82.4953           481.416       9.377
  82.5953           448.659       9.028
  82.6953           437.283       8.873
  82.7953           441.035       9.018
  82.8953           427.275       8.823
  82.9953           426.416       8.809
  83.0953           419.960       8.770
  83.1953           424.178       8.826
  83.2953           524.537       9.813
  83.3953           673.814      11.167
  83.4953           835.171      12.660
  83.5953           863.238      12.821
  83.6953           735.119      11.711
  83.7953           556.910      10.094
  83.8953           511.435       9.716
  83.9953           472.875       9.312
  84.0953           473.974       9.313
  84.1953           508.852       9.630
  84.2953           604.719      10.524
  84.3953           611.922      10.502
  84.4953           554.466      10.073
  84.5953           480.574       9.351
  84.6953           418.009       8.707
  84.7953           424.571       8.775
  84.8953           422.881       8.886
  84.9953           409.601       8.435
  85.0953           436.396       8.996
  85.1953           450.515       9.027
  85.2953           424.024       8.779
  85.3953           412.374       8.680
  85.4953           411.487       8.637
  85.5953           416.820       8.676
  85.6953           401.392       8.554
  85.7953           408.237       8.612
  85.8953           414.485       8.667
  85.9953           426.311       8.868
  86.0953           434.581       8.852
  86.1953           437.369       8.971
  86.2953           434.749       8.882
  86.3953           419.179       8.771
  86.4953           425.790       8.900
  86.5953           425.520       8.831
  86.6953           420.636       8.972
  86.7953           486.503       9.663
  86.8953           664.644      11.113
  86.9953          1222.825      14.975
  87.0953          2158.833      19.895
  87.1953          2917.418      23.103
  87.2953          2942.591      23.118
  87.3953          2265.262      20.343
  87.4953          1500.457      16.563
  87.5953           878.438      12.605
  87.6953           542.681       9.916
  87.7953           446.324       9.021
  87.8953           429.065       8.827
  87.9953           414.549       8.644
  88.0953           416.777       8.709
  88.1953           425.754       8.803
  88.2953           407.897       8.576
  88.3953           397.262       8.477
  88.4953           411.797       8.658
  88.5953           401.395       8.535
  88.6953           418.828       8.707
  88.7953           410.414       8.654
  88.8953           411.664       8.619
  88.9953           412.990       8.687
  89.0953           407.940       8.583
  89.1953           411.697       8.693
  89.2953           397.278       8.480
  89.3953           399.885       8.541
  89.4953           406.851       8.641
  89.5953           395.494       8.465
  89.6953           406.767       8.662
  89.7953           411.195       8.698
  89.8953           468.903       9.450
  89.9953           542.333      10.175
  90.0953           702.800      11.414
  90.1953           807.083      12.182
  90.2953           761.738      11.814
  90.3953           582.916      10.295
  90.4953           445.333       8.944
  90.5953           428.972       8.838
  90.6953           422.587       8.747
  90.7953           402.142       8.541
  90.8953           391.849       8.412
  90.9953           398.595       8.494
  91.0953           396.877       8.504
  91.1953           390.220       8.367
  91.2953           389.637       8.417
  91.3953           402.130       8.506
  91.4953           423.545       8.774
  91.5953           455.799       9.078
  91.6953           599.012      10.420
  91.7953           791.407      12.008
  91.8953           942.542      12.973
  91.9953           825.193      12.273
  92.0953           617.935      10.554
  92.1953           473.303       9.279
  92.2953           445.486       8.971
  92.3953           467.592       9.242
  92.4953           480.213       9.357
  92.5953           458.830       9.127
  92.6953           426.521       8.808
  92.7953           403.203       8.616
  92.8953           394.258       8.481
  92.9953           405.492       8.689
  93.0953           420.084       8.962
  93.1953           466.781       9.444
  93.2953           462.434       9.333
  93.3953           439.495       9.005
  93.4953           413.326       8.727
  93.5953           397.481       8.550
  93.6953           382.982       8.393
  93.7953           384.954       8.402
  93.8953           402.527       8.605
  93.9953           390.738       8.472
  94.0953           394.270       8.462
  94.1953           398.842       8.548
  94.2953           396.315       8.523
  94.3953           409.483       8.629
  94.4953           437.212       8.943
  94.5953           482.671       9.396
  94.6953           528.694       9.835
  94.7953           625.500      10.674
  94.8953           685.349      11.207
  94.9953           613.486      10.636
  95.0953           521.198       9.702
  95.1953           496.094       9.590
  95.2953           613.896      10.580
  95.3953           839.290      12.394
  95.4953           959.478      13.248
  95.5953           880.434      12.719
  95.6953           709.526      11.422
  95.7953           663.601      11.042
  95.8953           694.178      11.221
  95.9953           709.131      11.582
  96.0953           663.674      10.978
  96.1953           623.103      10.817
  96.2953           558.725      10.357
  96.3953           516.340       9.920
  96.4953           505.090       9.744
  96.5953           584.090      10.379
  96.6953           871.942      12.706
  96.7953          1252.935      15.248
  96.8953          1425.362      16.142
  96.9953          1173.417      14.703
  97.0953           772.238      11.932
  97.1953           640.825      10.784
  97.2953           669.827      11.099
  97.3953           673.553      11.120
  97.4953           672.113      11.102
  97.5953           693.658      11.251
  97.6953           682.282      11.177
  97.7953           602.502      10.498
  97.8953           468.860       9.249
  97.9953           432.017       8.872
  98.0953           421.529       8.786
  98.1953           484.497       9.437
  98.2953           491.365       9.430
  98.3953           547.847      10.043
  98.4953           605.088      10.559
  98.5953           630.717      10.690
  98.6953           561.718      10.130
  98.7953           525.712       9.846
  98.8953           547.378      10.039
  98.9953           558.640      10.107
  99.0953           566.554      10.234
  99.1953           495.419       9.520
  99.2953           462.385       9.287
  99.3953           454.764       9.193
  99.4953           443.903       9.262
  99.5953           414.774       8.894
  99.6953           410.455       8.757
  99.7953           399.503       8.539
  99.8953           410.264       8.668
  99.9953           400.585       8.564
 100.0953           399.579       8.531
 100.1953           408.785       8.622
 100.2953           435.042       8.916
 100.3953           504.919       9.552
 100.4953           521.849       9.739
 100.5953           482.649       9.356
 100.6953           439.618       8.931
 100.7953           402.079       8.524
 100.8953           416.285       8.690
 100.9953           399.391       8.498
 101.0953           402.612       8.543
 101.1953           395.805       8.454
 101.2953           397.404       8.492
 101.3953           383.490       8.337
 101.4953           388.643       8.389
 101.5953           382.701       8.357
 101.6953           385.840       8.358
 101.7953           394.254       8.442
 101.8953           400.312       8.548
 101.9953           376.303       8.267
 102.0953           378.463       8.304
 102.1953           396.101       8.476
 102.2953           386.020       8.408
 102.3953           386.545       8.405
 102.4953           374.149       8.237
 102.5953           383.973       8.446
 102.6953           419.717       8.934
 102.8953           733.507      11.724
 102.9953           883.356      12.749
 103.0953           857.968      12.564
 103.1953           669.338      11.102
 103.2953           496.491       9.515
 103.3953           446.629       9.049
 103.4953           417.305       8.730
 103.5953           418.495       8.702
 103.6953           417.855       8.722
 103.7953           419.564       8.747
 103.8953           426.563       8.809
 103.9953           423.145       8.776
 104.0953           418.525       8.721
 104.1953           385.509       8.399
 104.2953           389.175       8.397
 104.3953           392.445       8.452
 104.4953           405.350       8.584
 104.5953           410.919       8.653
 104.6953           393.233       8.447
 104.7953           378.243       8.308
 104.8953           389.146       8.422
 104.9953           368.675       8.215
 105.0953           379.806       8.282
 105.1953           362.054       8.172
 105.2953           396.159       8.493
 105.3953           402.312       8.593
 105.4953           416.980       8.742
 105.5953           413.756       8.705
 105.6953           445.121       9.000
 105.7953           501.735       9.672
 105.8953           617.734      10.979
 105.9953           608.856      10.543
 106.0953           664.747      11.257
 106.1953           657.636      10.967
 106.2953           720.482      11.546
 106.3953           772.041      11.843
 106.4953           712.060      11.408
 106.5953           583.951      10.312
 106.6953           499.252       9.552
 106.7953           538.882       9.868
 106.8953           623.949      10.480
 106.9953           686.763      11.605
 107.0953           668.642      10.813
 107.1953           572.389      10.161
 107.2953           486.694       9.437
 107.3953           409.806       8.594
 107.4953           402.318       8.546
 107.5953           373.068       8.218
 107.6953           392.594       8.443
 107.7953           476.645       9.319
 107.8953           585.630      10.303
 107.9953           700.342      11.306
 108.0953           659.847      10.932
 108.1953           530.707       9.852
 108.2953           433.322       8.869
 108.3953           394.135       8.488
 108.4953           387.830       8.390
 108.5953           377.432       8.308
 108.6953           409.750       8.667
 108.7953           466.823       9.246
 108.8953           538.338       9.887
 108.9953           651.021      11.052
 109.0953           745.906      11.904
 109.1953           768.213      12.095
 109.2953           755.848      11.896
 109.3953           722.263      11.502
 109.4953           615.798      10.646
 109.5953           503.076       9.657
 109.6953           433.318       8.864
 109.7953           443.097       9.022
 109.8953           413.972       8.673
 109.9953           396.432       8.502
 110.0953           427.035       8.800
 110.1953           512.545       9.650
 110.2953           592.441      10.376
 110.3953           643.971      10.805
 110.4953           588.957      10.315
 110.5953           475.246       9.342
 110.6953           385.297       8.339
 110.7953           372.781       8.229
 110.8953           408.282       8.604
 110.9953           467.814       9.233
 111.0953           565.439      10.113
 111.1953           648.584      10.849
 111.2953           601.417      10.454
 111.3953           506.970       9.617
 111.4953           427.867       8.794
 111.5953           377.253       8.324
 111.6953           382.486       8.319
 111.7953           396.674       8.555
 111.8953           391.731       8.405
 111.9953           383.409       8.443
 112.0953           375.570       8.263
 112.1953           343.279       8.011
 112.2953           344.695       8.102
 112.3953           352.928       8.188
 112.4953           351.917       8.061
 112.5953           386.160       8.377
 112.6953           448.263       9.051
 112.7953           571.603      10.173
 112.8953           714.067      11.366
 112.9953           793.391      11.961
 113.0953           704.598      11.334
 113.1953           537.018       9.841
 113.2953           423.522       8.725
 113.3953           365.932       8.154
 113.4953           364.564       8.111
 113.5953           362.993       8.115
 113.6953           364.190       8.079
 113.7953           350.870       7.952
 113.8953           375.383       8.229
 113.9953           411.158       8.590
 114.0953           461.259       9.095
 114.1953           491.905       9.504
 114.2953           483.751       9.294
 114.3953           430.949       8.822
 114.4953           387.501       8.369
 114.5953           382.598       8.296
 114.6953           360.818       8.113
 114.7953           369.876       8.104
 114.8953           359.452       8.140
 114.9953           349.504       7.935
 115.0953           355.905       8.056
 115.1953           355.186       8.031
 115.2953           350.938       8.028
 115.3953           356.164       8.078
 115.4953           387.515       8.603
 115.5953           488.249       9.586
 115.6953           598.371      10.519
 115.7953           637.149      10.756
 115.8953           635.434      10.759
 115.9953           555.403      10.073
 116.0953           486.386       9.380
 116.1953           431.582       8.856
 116.2953           401.355       8.536
 116.3953           383.980       8.332
 116.4953           402.246       8.586
 116.5953           404.354       8.463
 116.6953           399.892       8.528
 116.7953           393.896       8.423
 116.8953           360.263       8.072
 116.9953           349.042       7.949
 117.0953           334.335       7.750
 117.1953           334.734       7.789
 117.2953           353.611       7.985
 117.3953           373.361       8.216
 117.4953           366.571       8.140
 117.5953           354.979       8.000
 117.6953           350.509       7.960
 117.7953           357.468       8.044
 117.8953           348.706       7.913
 117.9953           340.675       7.938
 118.0953           344.151       7.776
 118.1953           341.879       7.944
 118.2953           336.673       7.806
 118.3953           364.514       8.155
 118.4953           381.970       8.331
 118.5953           419.319       8.801
 118.6953           442.805       9.119
 118.7953           468.200       9.478
 118.8953           480.850       9.357
 118.9953           471.006       9.296
 119.0953           437.675       8.879
 119.1953           464.431       9.199
 119.2953           545.678       9.935
 119.3953           692.729      11.189
 119.4953           761.998      11.729
 119.5953           842.032      12.351
 119.6953           700.690      11.188
 119.7953           630.202      10.688
 119.8953           479.552       9.291
 119.9953           412.935       8.607
 120.0953           353.608       7.947
 120.1953           332.524       7.884
 120.2953           344.374       7.599
 120.3953           332.930       7.863
 120.4953           319.834       7.579
 120.5953           314.996       7.562
 120.6953           313.263       7.448
 120.7953           309.848       7.486
 120.8953           318.289       7.548
 120.9953           322.143       7.621
 121.0953           317.139       7.538
 121.1953           299.449       7.359
 121.2953           317.734       7.582
 121.3953           317.949       7.566
 121.4953           322.245       7.629
 121.5953           322.305       7.718
 121.6953           340.153       7.735
 121.7953           366.489       8.351
 121.8953           373.011       8.320
 121.9953           414.421       8.860
 122.0953           434.994       8.960
 122.1953           466.965       9.204
 122.2953           493.577       9.509
 122.3953           510.254       9.626
 122.4953           507.785       9.643
 122.5953           492.930       9.453
 122.6953           444.909       9.022
 122.7953           380.247       8.290
 122.8953           356.813       8.021
 122.9953           326.861       7.732
 123.0953           336.556       7.804
 123.1953           358.555       8.036
 123.2953           380.731       8.316
 123.3953           390.094       8.395
 123.4953           383.123       8.315
 123.5953           367.426       8.147
 123.6953           369.097       8.198
 123.7953           343.509       7.885
 123.8953           333.762       7.762
 123.9953           329.661       7.719
 124.0953           328.942       7.725
 124.1953           336.304       7.808
 124.2953           347.146       7.935
 124.3953           370.692       8.211
 124.4953           395.980       8.506
 124.5953           376.519       8.256
 124.6953           367.932       8.225
 124.7953           338.814       7.779
 124.8953           334.481       7.840
 124.9953           320.627       7.704
 125.0953           325.768       7.807
 125.1953           345.949       8.096
 125.2953           330.291       7.822
 125.3953           323.711       7.747
 125.4953           339.518       7.820
 125.5953           389.870       8.404
 125.6953           411.157       8.626
 125.7953           451.031       8.994
 125.8953           500.240       9.501
 125.9953           498.858       9.468
 126.0953           458.943       9.046
 126.1953           413.897       8.628
 126.2953           356.502       8.008
 126.3953           332.421       7.695
 126.4953           315.220       7.557
 126.5953           328.482       7.658
 126.6953           308.433       7.433
 126.7953           331.967       7.704
 126.8953           346.393       7.883
 126.9953           367.094       8.142
 127.0953           412.006       8.563
 127.1953           452.812       8.995
 127.2953           452.361       9.013
 127.3953           451.390       9.051
 127.4953           407.794       8.524
 127.5953           371.699       8.184
 127.6953           359.244       8.027
 127.7953           332.023       7.759
 127.8953           317.276       7.550
 127.9953           319.306       7.629
 128.0953           327.643       7.661
 128.1953           300.806       7.457
 128.2953           295.937       7.457
 128.3953           304.915       7.583
 128.4953           307.586       7.522
 128.5953           321.331       7.646
 128.6953           315.894       7.569
 128.7953           311.856       7.528
 128.8953           315.837       7.539
 128.9953           339.905       7.854
 129.0953           365.233       8.149
 129.1953           400.595       8.470
 129.2953           459.323       9.085
 129.3953           489.687       9.422
 129.4953           480.241       9.282
 129.5953           481.715       9.309
 129.6953           447.728       8.982
 129.7953           392.806       8.432
 129.8953           365.131       8.092
 129.9953           345.510       7.895
 130.0953           322.872       7.602
 130.1953           326.628       7.677
 130.2953           334.916       7.764
 130.3953           311.717       7.484
 130.4953           318.230       7.579
 130.5953           319.625       7.591
 130.6953           319.570       7.581
 130.7953           320.679       7.622
 130.8953           341.280       7.856
 130.9953           338.564       7.819
 131.0953           359.237       8.069
 131.1953           388.119       8.406
 131.2953           406.767       8.568
 131.3953           403.287       8.626
 131.4953           401.387       8.681
 131.5953           370.253       8.391
 131.6953           367.568       8.217
 131.7953           362.010       8.105
 131.8953           337.318       7.798
 131.9953           348.486       7.970
 132.0953           331.819       7.719
 132.1953           340.418       7.868
 132.2953           322.506       7.633
 132.3953           313.555       7.489
 132.4953           310.969       7.492
 132.5953           297.449       7.292
 132.6953           313.923       7.541
 132.7953           316.000       7.509
 132.8953           315.073       7.519
 132.9953           320.015       7.581
 133.0953           320.719       7.581
 133.1953           322.128       7.479
 133.2953           334.689       7.994
 133.3953           334.420       7.638
 133.4953           339.060       7.789
 133.5953           349.085       7.915
 133.6953           368.283       8.128
 133.7953           350.907       7.951
 133.8953           358.351       7.979
 133.9953           357.237       8.043
 134.0953           367.900       8.139
 134.1953           353.578       7.954
 134.2953           355.716       8.027
 134.3953           367.117       8.152
 134.4953           356.762       8.024
 134.5953           331.012       7.802
 134.6953           318.088       7.770
 134.7953           333.915       7.890
 134.8953           312.912       7.589
 134.9953           308.500       7.445
 135.0953           311.753       7.482
 135.1953           301.047       7.373
 135.2953           298.833       7.330
 135.3953           290.757       7.222
 135.4953           291.771       7.254
 135.5953           298.489       7.291
 135.6953           305.753       7.409
 135.7953           301.861       7.330
 135.8953           312.272       7.497
 135.9953           332.939       7.716
 136.0953           356.707       7.986
 136.1953           394.826       8.423
 136.2953           466.481       9.112
 136.3953           557.465       9.991
 136.4953           667.370      10.943
 136.5953           731.716      11.468
 136.6953           825.844      12.115
 136.7953           821.574      12.136
 136.8953           767.955      11.740
 136.9953           693.599      11.101
 137.0953           580.388      10.209
 137.1953           482.466       9.327
 137.2953           424.292       8.723
 137.3953           398.607       8.447
 137.4953           415.640       8.644
 137.5953           457.837       9.084
 137.6953           494.831       9.455
 137.7953           534.692       9.861
 137.8953           550.214      10.168
 137.9953           549.406      10.152
 138.0953           530.140       9.858
 138.1953           518.661       9.630
 138.2953           495.004       9.476
 138.3953           446.186       8.936
 138.4953           391.062       8.370
 138.5953           385.975       8.311
 138.6953           361.041       8.027
 138.7953           338.262       7.748
 138.8953           314.051       7.465
 138.9953           308.216       7.419
 139.0953           305.277       7.363
 139.1953           298.967       7.257
 139.2953           298.690       7.320
 139.3953           301.318       7.285
 139.4953           317.147       7.530
 139.5953           293.593       7.174
 139.6953           291.489       7.218
 139.7953           309.590       7.437
 139.8953           323.940       7.564
 139.9953           336.436       7.731
 140.0953           359.999       7.996
 140.1953           384.324       8.294
 140.2953           415.122       8.565
 140.3953           457.359       9.061
 140.4953           473.051       9.188
 140.5953           475.538       9.220
 140.6953           486.947       9.363
 140.7953           451.189       8.988
 140.8953           445.286       8.945
 140.9953           437.193       8.956
 141.0953           443.801       9.103
 141.1953           469.184       9.367
 141.2953           491.008       9.435
 141.3953           509.497       9.527
 141.4953           538.993       9.839
 141.5953           537.140       9.773
 141.6953           519.884       9.646
 141.7953           504.114       9.500
 141.8953           498.336       9.401
 141.9953           451.300       8.916
 142.0953           425.387       8.701
 142.1953           434.933       8.805
 142.2953           425.562       8.694
 142.3953           533.045       9.674
 142.4953           507.455       9.517
 142.5953           544.769       9.835
 142.6953           595.607      10.261
 142.7953           601.352      10.303
 142.8953           609.166      10.397
 142.9953           590.406      10.236
 143.0953           560.296       9.931
 143.1953           527.039       9.677
 143.2953           499.658       9.409
 143.3953           483.475       9.260
 143.4953           489.273       9.298
 143.5953           479.058       9.219
 143.6953           487.647       9.364
 143.7953           485.514       9.400
 143.8953           490.908       9.029
 143.9953           482.382       9.448
 144.0953           451.343       8.948
 144.1953           429.325       8.853
 144.2953           394.812       8.533
 144.3953           370.148       8.333
 144.4953           346.355       7.952
 144.5953           337.064       7.774
 144.6953           323.654       7.601
 144.7953           307.188       7.416
 144.8953           305.483       7.370
 144.9953           312.083       7.456
 145.0953           288.770       7.159
 145.1953           296.860       7.280
 145.2953           296.124       7.220
 145.3953           296.729       7.265
 145.4953           287.816       7.149
 145.5953           284.830       6.560
 145.6953           318.935       9.157
 145.7953           294.562       6.693
 145.8953           319.517       7.514
 145.9953           329.375       7.625
 146.0953           334.790       7.703
 146.1953           336.426       7.730
 146.2953           349.885       7.877
 146.3953           362.696       7.956
 146.4953           364.892       8.091
 146.5953           369.913       8.088
 146.6953           386.526       8.271
 146.7953           399.817       8.459
 146.8953           390.617       8.334
 146.9953           409.581       8.548
 147.0953           391.915       8.361
 147.1953           391.714       8.361
 147.2953           390.680       8.354
 147.3953           387.238       8.373
 147.4953           380.658       8.440
 147.5953           372.276       8.310
 147.6953           355.168       8.053
 147.7953           324.952       7.611
 147.8953           331.679       7.732
 147.9953           299.910       7.289
 148.0953           292.729       7.248
 148.1953           287.616       7.126
 148.2953           289.446       7.214
 148.3953           293.504       7.210
 148.4953           286.729       7.232
 148.5953           279.491       6.825
 148.6953           269.469       7.045
 148.7953           276.859       7.201
 148.8953           266.523       6.508
 148.9953           292.876       7.219
 149.0953           301.504       7.452
 149.1953           309.742       7.247
 149.2953           316.210       7.416
 149.3953           324.550       7.558
 149.4953           318.705       7.416
 149.5953           349.962       7.731
 149.6953           360.161       8.131
 149.7953           342.376       7.771
 149.8953           326.142       7.348
 149.9953           333.772       8.079
 150.0953           325.443       7.110
 150.1953           308.921       8.158
 150.2953           313.024       7.081
 150.3953           311.313       7.498
 150.4953           300.530       7.321
 150.5953           298.448       7.332
 150.6953           292.583       6.682
 150.7953             0.000       0.000
 150.8953             0.000       0.000
