XYDATA  Co2SiO4 8mmV 1.87A HiRes FullBeam 500K CF ROC 
INTER        1       1       0     0.100000
TEMP       336.628      343.490      343.908
! d20 23-Apr-08 09:22:09 User Sazono   L.C.Hansen  Run 594842*d20_2008_04_5880
! d20 23-Apr-08 09:22:09 User Sazono   L.C.Hansen  Run 594842*d20_2008_04_5880
! Monitor/counts, Counting time/sec:       100000.      62.5111
   0.0953          4052.284      27.835
   0.1953          4243.949      28.951
   0.2953          4302.064      29.413
   0.3953          4173.041      28.783
   0.4953          3897.182      27.612
   0.5953          3456.777      25.796
   0.6953          3057.484      24.193
   0.7953          2630.829      22.501
   0.8953          2268.985      20.828
   0.9953          1946.719      19.341
   1.0953          1599.659      17.478
   1.1953          1341.139      15.972
   1.2953          1037.953      14.077
   1.3953           763.728      12.064
   1.4953           556.074      10.287
   1.5953           423.166       8.951
   1.6953           360.509       8.306
   1.7953           344.149       8.109
   1.8953           321.250       7.805
   1.9953           297.441       7.514
   2.0953           300.422       7.572
   2.1953           303.428       7.605
   2.2953           279.170       7.271
   2.3953           281.693       7.317
   2.4953           258.923       7.044
   2.5953           279.859       7.250
   2.6953           252.386       6.976
   2.7953           246.290       6.839
   2.8953           254.404       6.978
   2.9953           258.293       7.025
   3.0953           236.026       6.727
   3.1953           230.540       6.644
   3.2953           239.517       6.764
   3.3953           221.100       6.557
   3.4953           234.274       6.843
   3.5953           232.502       6.815
   3.6953           254.336       7.043
   3.7953           259.435       7.069
   3.8953           263.102       7.100
   3.9953           293.364       7.502
   4.0953           314.642       7.727
   4.1953           360.155       8.342
   4.2953           387.814       8.578
   4.3953           444.780       9.189
   4.4953           498.838       9.727
   4.5953           552.347      10.291
   4.6953           594.927      10.592
   4.7953           622.603      10.871
   4.8953           656.862      11.172
   4.9953           693.021      11.507
   5.0953           717.583      11.655
   5.1953           708.149      11.575
   5.2953           700.319      11.566
   5.3953           697.461      11.507
   5.4953           679.706      11.335
   5.5953           716.109      11.672
   5.6953           705.544      11.599
   5.7953           723.295      11.752
   5.8953           683.690      11.352
   5.9953           713.108      11.703
   6.0953           700.865      11.571
   6.1953           704.339      11.631
   6.2953           707.252      11.622
   6.3953           678.682      11.381
   6.4953           689.604      11.540
   6.5953           666.407      11.315
   6.6953           689.439      11.726
   6.7953           657.031      11.457
   6.8953           635.308      11.120
   6.9953           669.759      11.295
   7.0953           654.792      11.180
   7.1953           648.213      11.158
   7.2953           629.420      10.916
   7.3953           609.472      10.811
   7.4953           649.453      11.115
   7.5953           621.417      10.847
   7.6953           621.931      10.858
   7.7953           632.488      10.957
   7.8953           605.070      10.703
   7.9953           607.347      10.677
   8.0953           630.397      10.966
   8.1953           628.963      10.904
   8.2953           587.719      10.535
   8.3953           599.098      10.646
   8.4953           596.204      10.633
   8.5953           603.763      10.671
   8.6953           580.590      10.465
   8.7953           603.539      10.669
   8.8953           590.645      10.569
   8.9953           592.869      10.589
   9.0953           602.201      10.661
   9.1953           574.781      10.457
   9.2953           574.647      10.455
   9.3953           602.533      10.650
   9.4953           565.611      10.394
   9.5953           564.008      10.347
   9.6953           564.891      10.376
   9.7953           574.451      10.562
   9.8953           573.617      10.687
   9.9953           570.929      10.648
  10.0953           550.685      10.299
  10.1953           543.715      10.162
  10.2953           564.836      10.373
  10.3953           555.058      10.254
  10.4953           545.429      10.156
  10.5953           544.078      10.124
  10.6953           558.913      10.299
  10.7953           564.355      10.269
  10.8953           543.938      10.101
  10.9953           543.788      10.096
  11.0953           548.200      10.059
  11.1953           523.096       9.882
  11.2953           537.177      10.611
  11.3953           532.791       9.798
  11.4953           531.563       9.933
  11.5953           543.068      10.059
  11.6953           518.688       9.896
  11.7953           535.300      10.018
  11.8953           512.784       9.820
  11.9953           519.740       9.881
  12.0953           518.772       9.902
  12.1953           503.601       9.730
  12.2953           522.754       9.890
  12.3953           529.323      10.043
  12.4953           516.165       9.877
  12.5953           520.205       9.902
  12.6953           512.609       9.845
  12.7953           525.984      10.037
  12.8953           522.007       9.886
  12.9953           536.253      10.138
  13.0953           514.090      10.235
  13.1953           519.355       9.831
  13.2953           523.619      10.216
  13.3953           508.139       9.819
  13.4953           508.817       9.854
  13.5953           516.749       9.858
  13.6953           521.931       9.975
  13.7953           510.078       9.782
  13.8953           527.941      10.031
  13.9953           513.250       9.778
  14.0953           525.980      10.019
  14.1953           507.106       9.656
  14.2953           520.542       9.963
  14.3953           513.449       9.796
  14.4953           493.550       9.629
  14.5953           529.642      10.047
  14.6953           504.817       9.710
  14.7953           495.530       9.630
  14.8953           495.498       9.638
  14.9953           507.205       9.799
  15.0953           514.434       9.988
  15.1953           510.948       9.493
  15.2953           506.268       9.940
  15.3953           497.854       9.671
  15.4953           494.148       9.623
  15.5953           488.925       9.609
  15.6953           496.356       9.710
  15.7953           495.592       9.638
  15.8953           478.823       9.573
  15.9953           500.241       9.725
  16.0953           508.385       9.863
  16.1953           496.742       9.746
  16.2953           498.352       9.920
  16.3953           497.008       9.950
  16.4953           494.555       9.761
  16.5953           498.138       9.708
  16.6953           504.781       9.822
  16.7953           501.656       9.756
  16.8953           480.141       9.553
  16.9953           491.470       9.631
  17.0953           488.881       9.629
  17.1953           501.653       9.739
  17.2953           495.630       9.652
  17.3953           487.276       9.604
  17.4953           476.878       9.492
  17.5953           490.181       9.560
  17.6953           501.741       9.752
  17.7953           499.932       9.713
  17.8953           510.759       9.777
  17.9953           487.861       9.568
  18.0953           467.819       9.402
  18.1953           504.126       9.740
  18.2953           503.074       9.734
  18.3953           501.406       9.696
  18.4953           488.148       9.616
  18.5953           501.554       9.687
  18.6953           494.981       9.648
  18.7953           506.416       9.793
  18.8953           485.111       9.577
  18.9953           480.352       9.499
  19.0953           496.393       9.707
  19.1953           490.633       9.648
  19.2953           485.000       9.606
  19.3953           489.616       9.651
  19.4953           480.793       9.790
  19.5953           462.221       9.517
  19.6953           485.102       9.614
  19.7953           485.398       9.607
  19.8953           488.458       9.615
  19.9953           488.660       9.606
  20.0953           500.686       9.713
  20.1953           464.473       9.198
  20.2953           493.561      10.012
  20.3953           475.784       9.391
  20.4953           502.784       9.483
  20.5953           511.905       9.942
  20.6953           506.123       9.708
  20.7953           520.085       9.873
  20.8953           526.835       9.930
  20.9953           543.158      10.130
  21.0953           541.889      10.050
  21.1953           562.111      10.268
  21.2953           542.732      10.077
  21.3953           531.657       9.998
  21.4953           507.898       9.764
  21.5953           479.637       9.474
  21.6953           483.090       9.563
  21.7953           490.010       9.544
  21.8953           481.548       9.530
  21.9953           480.990       9.492
  22.0953           460.874       9.319
  22.1953           460.822       9.348
  22.2953           455.120       9.261
  22.3953           480.861       9.556
  22.4953           490.094       9.647
  22.5953           472.654       9.497
  22.6953           467.728       9.618
  22.7953           458.421       9.495
  22.8953           462.547       9.387
  22.9953           479.912       9.491
  23.0953           461.779       9.339
  23.1953           481.360       9.529
  23.2953           484.299       9.516
  23.3953           475.528       9.447
  23.4953           463.383       9.358
  23.5953           476.644       9.384
  23.6953           441.349       9.085
  23.7953           450.125       9.167
  23.8953           451.613       9.180
  23.9953           459.625       9.233
  24.0953           459.911       9.276
  24.1953           461.218       9.286
  24.2953           468.755       9.310
  24.3953           466.083       9.325
  24.4953           464.083       9.280
  24.5953           467.624       9.384
  24.6953           502.097       9.636
  24.7953           491.045       9.535
  24.8953           529.256       9.970
  24.9953           542.007      10.027
  25.0953           541.796      10.047
  25.1953           545.229      10.093
  25.2953           534.329      10.004
  25.3953           524.133       9.898
  25.4953           485.748       9.547
  25.5953           461.745       9.315
  25.6953           461.032       9.293
  25.7953           451.113       9.286
  25.8953           438.872       9.256
  25.9953           459.323       9.489
  26.0953           461.114       9.345
  26.1953           464.447       9.338
  26.2953           468.124       9.349
  26.3953           486.878       9.587
  26.4953           476.279       9.413
  26.5953           500.494       9.641
  26.6953           503.095       9.716
  26.7953           510.363       9.750
  26.8953           512.646       9.779
  26.9953           504.627       9.660
  27.0953           516.463       9.832
  27.1953           527.464       9.892
  27.2953           529.951       9.934
  27.3953           546.548      10.095
  27.4953           581.104      10.392
  27.5953           671.366      11.166
  27.6953           774.415      12.043
  27.7953           896.005      12.894
  27.8953           930.980      13.191
  27.9953           924.414      13.050
  28.0953           797.832      12.232
  28.1953           676.175      11.240
  28.2953           563.273      10.213
  28.3953           492.888       9.620
  28.4953           482.665       9.477
  28.5953           468.226       9.357
  28.6953           498.385       9.683
  28.7953           504.387       9.749
  28.8953           516.295       9.872
  28.9953           557.968      10.244
  29.0953           586.627      10.694
  29.1953           601.625      10.807
  29.2953           589.586      10.637
  29.3953           553.231      10.217
  29.4953           542.337      10.113
  29.5953           471.849       9.396
  29.6953           474.390       9.409
  29.7953           462.572       9.326
  29.8953           452.457       9.226
  29.9953           475.274       9.406
  30.0953           459.154       9.274
  30.1953           450.111       9.178
  30.2953           449.686       9.175
  30.3953           489.978       9.538
  30.4953           461.192       9.312
  30.5953           465.750       9.341
  30.6953           460.999       9.278
  30.7953           491.409       9.562
  30.8953           485.143       9.518
  30.9953           507.636       9.771
  31.0953           540.703      10.022
  31.1953           536.535      10.012
  31.2953           530.304       9.984
  31.3953           498.497       9.644
  31.4953           486.506       9.541
  31.5953           442.486       9.101
  31.6953           447.424       9.193
  31.7953           443.825       9.111
  31.8953           445.780       9.168
  31.9953           438.108       9.059
  32.0953           444.670       9.167
  32.1953           447.534       9.242
  32.2953           435.135       9.241
  32.3953           436.719       9.209
  32.4953           447.761       9.207
  32.5953           439.109       9.070
  32.6953           431.387       8.993
  32.7953           425.786       8.900
  32.8953           458.467       9.276
  32.9953           437.031       8.992
  33.0953           426.395       8.951
  33.1953           450.473       9.125
  33.2953           445.952       9.126
  33.3953           433.569       8.946
  33.4953           444.281       9.088
  33.5953           443.433       9.050
  33.6953           439.179       9.012
  33.7953           449.445       9.174
  33.8953           432.912       8.923
  33.9953           437.151       8.993
  34.0953           447.281       9.113
  34.1953           449.183       9.133
  34.2953           445.453       9.108
  34.3953           421.357       8.755
  34.4953           459.155       9.301
  34.5953           450.840       9.094
  34.6953           440.743       9.088
  34.7953           471.420       9.363
  34.8953           436.413       9.003
  34.9953           466.389       9.300
  35.0953           447.009       9.157
  35.1953           455.939       9.225
  35.2953           471.577       9.415
  35.3953           477.889       9.554
  35.4953           454.812       9.398
  35.5953           453.987       9.397
  35.6953           461.265       9.369
  35.7953           458.516       9.250
  35.8953           483.717       9.527
  35.9953           491.997       9.559
  36.0953           503.300       9.697
  36.1953           544.531      10.055
  36.2953           535.782      10.029
  36.3953           547.334      10.072
  36.4953           571.300      10.333
  36.5953           534.125       9.917
  36.6953           513.241       9.780
  36.7953           490.069       9.507
  36.8953           477.021       9.417
  36.9953           455.535       9.201
  37.0953           448.239       9.110
  37.1953           455.576       9.157
  37.2953           430.868       8.965
  37.3953           446.055       9.082
  37.4953           458.084       9.193
  37.5953           454.137       9.196
  37.6953           434.039       8.969
  37.7953           435.432       9.003
  37.8953           440.523       9.020
  37.9953           457.736       9.229
  38.0953           451.035       9.167
  38.1953           460.224       9.270
  38.2953           460.324       9.238
  38.3953           467.062       9.362
  38.4953           466.009       9.298
  38.5953           458.446       9.342
  38.6953           456.724       9.428
  38.7953           460.718       9.480
  38.8953           476.633       9.499
  38.9953           512.085       9.831
  39.0953           519.031       9.864
  39.1953           607.548      10.624
  39.2953           662.516      11.124
  39.3953           673.660      11.184
  39.4953           665.396      11.154
  39.5953           600.819      10.544
  39.6953           544.706      10.066
  39.7953           479.937       9.423
  39.8953           482.981       9.483
  39.9953           452.393       9.134
  40.0953           473.957       9.375
  40.1953           451.648       9.191
  40.2953           466.627       9.281
  40.3953           468.680       9.309
  40.4953           471.039       9.372
  40.5953           461.262       9.255
  40.6953           471.509       9.345
  40.7953           451.853       9.172
  40.8953           454.768       9.208
  40.9953           456.318       9.202
  41.0953           449.783       9.117
  41.1953           465.885       9.351
  41.2953           464.371       9.297
  41.3953           491.166       9.565
  41.4953           467.936       9.381
  41.5953           462.703       9.297
  41.6953           486.918       9.542
  41.7953           475.003       9.534
  41.8953           497.260      10.009
  41.9953           487.488       9.461
  42.0953           552.782      10.417
  42.1953           657.915      11.091
  42.2953           764.556      12.057
  42.3953           885.847      12.859
  42.4953           944.503      13.332
  42.5953           887.274      12.796
  42.6953           846.555      12.649
  42.7953           722.387      11.600
  42.8953           636.318      10.852
  42.9953           562.572      10.283
  43.0953           524.543       9.857
  43.1953           501.097       9.636
  43.2953           536.103      10.023
  43.3953           582.467      10.375
  43.4953           633.774      10.868
  43.5953           673.952      11.192
  43.6953           640.049      10.875
  43.7953           571.930      10.312
  43.8953           508.051       9.736
  43.9953           471.161       9.329
  44.0953           473.440       9.374
  44.1953           484.786       9.546
  44.2953           509.482       9.712
  44.3953           578.309      10.415
  44.4953           652.156      11.023
  44.5953           748.027      11.758
  44.6953           806.946      12.342
  44.7953           766.368      11.988
  44.8953           671.760      11.230
  44.9953           575.576      10.460
  45.0953           499.303       9.888
  45.1953           469.995       9.546
  45.2953           455.979       9.263
  45.3953           446.492       9.129
  45.4953           438.190       9.014
  45.5953           455.295       9.215
  45.6953           479.309       9.420
  45.7953           482.875       9.446
  45.8953           542.977      10.050
  45.9953           651.950      10.956
  46.0953           816.502      12.255
  46.1953           920.588      13.036
  46.2953           922.951      13.060
  46.3953           805.151      12.162
  46.4953           635.537      10.830
  46.5953           532.432       9.906
  46.6953           493.550       9.532
  46.7953           465.410       9.275
  46.8953           461.711       9.216
  46.9953           459.153       9.170
  47.0953           477.073       9.391
  47.1953           518.216       9.774
  47.2953           549.487      10.074
  47.3953           634.721      10.811
  47.4953           652.583      10.987
  47.5953           627.993      10.737
  47.6953           575.478      10.339
  47.7953           540.300       9.988
  47.8953           494.357       9.580
  47.9953           490.218       9.566
  48.0953           573.843      10.295
  48.1953           747.800      11.930
  48.2953          1095.460      14.566
  48.3953          1675.446      18.073
  48.4953          2565.488      21.935
  48.5953          3325.769      24.939
  48.6953          3521.237      25.577
  48.7953          3317.051      24.909
  48.8953          2812.901      22.792
  48.9953          2122.706      19.833
  49.0953          1438.077      16.400
  49.1953           906.295      12.908
  49.2953           607.259      10.590
  49.3953           512.671       9.743
  49.4953           486.636       9.480
  49.5953           498.287       9.590
  49.6953           493.436       9.517
  49.7953           465.972       9.323
  49.8953           470.058       9.270
  49.9953           469.501       9.292
  50.0953           457.591       9.217
  50.1953           459.956       9.219
  50.2953           493.050       9.538
  50.3953           488.269       9.498
  50.4953           486.397       9.477
  50.5953           483.689       9.479
  50.6953           478.990       9.397
  50.7953           505.355       9.690
  50.8953           560.041      10.191
  50.9953           708.324      11.471
  51.0953           823.000      12.379
  51.1953           874.911      12.769
  51.2953           789.584      12.139
  51.3953           667.172      11.152
  51.4953           560.286      10.469
  51.5953           481.021       9.638
  51.6953           488.188       9.602
  51.7953           467.428       9.330
  51.8953           488.071       9.510
  51.9953           507.669       9.676
  52.0953           522.654       9.853
  52.1953           541.970      10.021
  52.2953           517.249       9.728
  52.3953           536.484       9.962
  52.4953           535.038       9.908
  52.5953           527.924       9.839
  52.6953           475.492       9.352
  52.7953           474.860       9.331
  52.8953           465.577       9.271
  52.9953           442.455       8.985
  53.0953           457.707       9.185
  53.1953           454.673       9.123
  53.2953           440.604       8.998
  53.3953           443.843       9.032
  53.4953           439.790       9.003
  53.5953           440.995       8.974
  53.6953           463.804       9.248
  53.7953           446.059       9.067
  53.8953           448.965       9.050
  53.9953           439.448       9.023
  54.0953           457.651       9.194
  54.1953           473.840       9.340
  54.2953           486.762       9.484
  54.3953           495.083       9.601
  54.4953           550.949      10.094
  54.5953           573.491      10.374
  54.6953           613.926      10.897
  54.7953           586.686      10.678
  54.8953           536.478      10.009
  54.9953           495.692       9.624
  55.0953           492.520       9.533
  55.1953           502.056       9.655
  55.2953           485.350       9.437
  55.3953           495.456       9.569
  55.4953           461.608       9.230
  55.5953           459.917       9.173
  55.6953           462.560       9.257
  55.7953           454.983       9.157
  55.8953           457.096       9.160
  55.9953           461.941       9.206
  56.0953           449.468       9.084
  56.1953           451.017       9.110
  56.2953           449.540       9.088
  56.3953           447.314       9.041
  56.4953           452.824       9.152
  56.5953           448.177       9.090
  56.6953           448.222       9.063
  56.7953           458.639       9.180
  56.8953           455.549       9.172
  56.9953           464.154       9.206
  57.0953           472.645       9.347
  57.1953           480.097       9.401
  57.2953           464.951       9.288
  57.3953           444.878       9.083
  57.4953           451.151       9.083
  57.5953           457.225       9.247
  57.6953           451.879       9.165
  57.7953           452.458       9.196
  57.8953           438.854       9.277
  57.9953           442.013       9.189
  58.0953           455.111       9.248
  58.1953           447.748       9.123
  58.2953           441.327       9.029
  58.3953           428.364       8.932
  58.4953           427.622       8.851
  58.5953           425.635       8.879
  58.6953           429.872       8.877
  58.7953           434.195       8.934
  58.8953           441.052       9.007
  58.9953           441.266       9.051
  59.0953           433.293       8.795
  59.1953           460.446       9.246
  59.2953           452.585       9.125
  59.3953           464.346       9.226
  59.4953           471.863       9.288
  59.5953           462.901       9.203
  59.6953           466.000       9.243
  59.7953           456.979       9.208
  59.8953           465.179       9.164
  59.9953           458.365       9.200
  60.0953           471.699       9.330
  60.1953           461.543       9.183
  60.2953           447.091       9.033
  60.3953           428.371       8.901
  60.4953           457.479       9.146
  60.5953           454.518       9.140
  60.6953           480.097       9.414
  60.7953           493.175       9.543
  60.8953           540.111      10.028
  60.9953           524.731       9.927
  61.0953           542.146      10.195
  61.1953           508.453       9.903
  61.2953           489.588       9.530
  61.3953           466.245       9.264
  61.4953           456.608       9.132
  61.5953           428.816       8.880
  61.6953           447.339       9.038
  61.7953           448.672       9.052
  61.8953           454.829       9.150
  61.9953           466.594       9.202
  62.0953           470.697       9.226
  62.1953           471.504       9.323
  62.2953           463.541       9.153
  62.3953           472.233       9.263
  62.4953           477.829       9.307
  62.5953           495.115       9.544
  62.6953           465.072       9.158
  62.7953           437.999       8.924
  62.8953           453.700       9.076
  62.9953           435.210       8.893
  63.0953           432.566       8.850
  63.1953           452.586       9.052
  63.2953           435.737       8.964
  63.3953           442.769       8.936
  63.4953           445.345       8.979
  63.5953           455.738       9.140
  63.6953           455.310       9.123
  63.7953           442.763       8.949
  63.8953           464.352       9.239
  63.9953           560.887      10.108
  64.0953           736.831      11.633
  64.1953          1214.961      14.992
  64.2953          1827.402      18.399
  64.3953          2261.230      21.257
  64.4953          2141.124      19.680
  64.5953          1811.599      18.408
  64.6953           651.119      10.458
  64.7953           793.340      11.615
  64.8953           616.208      11.666
  64.9953           611.499      12.279
  65.0953           628.693      10.959
  65.1953           714.093      10.528
  65.2953           737.460      11.498
  65.3953           627.493      10.657
  65.4953           519.950       9.745
  65.5953           466.253       9.165
  65.6953           458.105       9.177
  65.7953           475.931       9.312
  65.8953           437.128       8.908
  65.9953           448.241       9.043
  66.0953           443.805       9.025
  66.1953           452.184       9.073
  66.2953           469.696       9.253
  66.3953           438.275       8.933
  66.4953           461.317       9.247
  66.5953           441.554       8.935
  66.6953           468.959       9.272
  66.7953           448.044       9.089
  66.8953           461.209       9.220
  66.9953           433.731       8.894
  67.0953           442.156       9.039
  67.1953           453.255       9.122
  67.2953           469.332       9.342
  67.3953           494.147       9.590
  67.4953           581.026      10.585
  67.5953           663.704      11.264
  67.6953           688.567      11.286
  67.7953           617.642      10.654
  67.8953           533.749       9.884
  67.9953           461.847       9.191
  68.0953           458.938       9.115
  68.1953           458.739       9.127
  68.2953           433.243       8.901
  68.3953           448.014       8.987
  68.4953           441.716       8.946
  68.5953           446.224       8.982
  68.6953           452.602       9.052
  68.7953           503.059       9.529
  68.8953           566.823      10.085
  68.9953           742.303      11.630
  69.0953           880.120      12.525
  69.1953           828.093      12.238
  69.2953           688.623      11.172
  69.3953           543.849       9.944
  69.4953           473.470       9.192
  69.5953           459.118       9.122
  69.6953           453.111       9.050
  69.7953           434.791       8.866
  69.8953           452.325       9.018
  69.9953           464.963       9.200
  70.0953           479.844       9.355
  70.1953           524.590       9.738
  70.2953           549.855      10.027
  70.3953           550.068      10.021
  70.4953           507.677       9.599
  70.5953           501.082       9.636
  70.6953           535.826      10.101
  70.7953           531.493      10.021
  70.8953           544.377      10.009
  70.9953           492.245       9.479
  71.0953           472.408       9.310
  71.1953           451.612       9.032
  71.2953           438.786       8.933
  71.3953           438.497       8.912
  71.4953           431.460       8.839
  71.5953           454.317       9.065
  71.6953           439.795       8.900
  71.7953           428.877       8.793
  71.8953           433.142       8.864
  71.9953           453.801       9.045
  72.0953           441.860       8.954
  72.1953           444.982       8.952
  72.2953           464.107       9.146
  72.3953           503.599       9.517
  72.4953           565.733      10.098
  72.5953           682.005      11.159
  72.6953           709.315      11.250
  72.7953           682.669      11.057
  72.8953           630.946      10.651
  72.9953           513.561       9.545
  73.0953           524.151       9.711
  73.1953           464.886       9.009
  73.2953           432.154       8.612
  73.3953           457.537       7.842
  73.4953           498.450      18.069
  73.5953           556.684       9.619
  73.6953           628.875       9.920
  73.7953           619.369       9.742
  73.8953           552.108      13.559
  73.9953           489.149       9.132
  74.0953           466.184       9.232
  74.1953           435.320       8.880
  74.2953           434.709       8.885
  74.3953           423.749       8.788
  74.4953           429.287       8.798
  74.5953           426.191       8.846
  74.6953           435.424       8.897
  74.7953           456.252       9.112
  74.8953           451.210       9.010
  74.9953           430.357       8.866
  75.0953           424.568       8.790
  75.1953           431.542       8.829
  75.2953           417.281       8.701
  75.3953           431.747       8.872
  75.4953           439.930       8.912
  75.5953           439.640       8.919
  75.6953           450.759       9.050
  75.7953           465.004       9.180
  75.8953           527.178       9.779
  75.9953           552.650      10.028
  76.0953           611.596      10.518
  76.1953           671.294      11.075
  76.2953           737.394      11.516
  76.3953           834.719      12.362
  76.4953           866.949      12.543
  76.5953           773.629      11.850
  76.6953           652.989      10.944
  76.7953           641.933      10.840
  76.8953           854.778      12.526
  76.9953          1375.535      15.977
  77.0953          1926.887      19.197
  77.1953          2027.004      19.712
  77.2953          1573.669      17.126
  77.3953           947.164      13.211
  77.4953           822.490      12.286
  77.5953          1148.948      14.594
  77.6953          1896.979      18.535
  77.7953          2436.141      21.122
  77.8953          2226.343      20.221
  77.9953          1413.543      16.063
  78.0953           755.463      11.717
  78.1953           516.674       9.738
  78.2953           457.490       9.130
  78.3953           460.965       9.168
  78.4953           445.182       9.011
  78.5953           446.430       9.040
  78.6953           450.957       9.068
  78.7953           479.388       9.350
  78.8953           540.395       9.961
  78.9953           600.538      10.479
  79.0953           561.046      10.127
  79.1953           515.878       9.694
  79.2953           450.131       9.096
  79.3953           428.640       8.840
  79.4953           433.534       8.851
  79.5953           417.513       8.777
  79.6953           430.050       8.881
  79.7953           417.745       8.739
  79.8953           426.910       8.884
  79.9953           415.233       8.746
  80.0953           417.232       8.780
  80.1953           431.688       8.984
  80.2953           429.556       9.123
  80.3953           415.748       8.874
  80.4953           434.696       9.013
  80.5953           424.393       8.824
  80.6953           450.576       9.129
  80.7953           460.787       9.177
  80.8953           504.838       9.629
  80.9953           498.902       9.515
  81.0953           500.557       9.573
  81.1953           459.045       9.134
  81.2953           436.151       8.931
  81.3953           440.388       8.919
  81.4953           445.270       9.007
  81.5953           457.132       9.117
  81.6953           469.421       9.235
  81.7953           462.981       9.194
  81.8953           473.870       9.254
  81.9953           450.847       9.033
  82.0953           457.860       9.132
  82.1953           467.989       9.253
  82.2953           492.480       9.426
  82.3953           477.991       9.313
  82.4953           477.631       9.340
  82.5953           471.425       9.254
  82.6953           446.517       8.966
  82.7953           434.442       8.950
  82.8953           422.217       8.771
  82.9953           432.835       8.876
  83.0953           458.488       9.164
  83.1953           532.623       9.891
  83.2953           676.132      11.143
  83.3953           858.096      12.603
  83.4953           891.126      13.078
  83.5953           727.127      11.768
  83.6953           581.776      10.419
  83.7953           490.163       9.470
  83.8953           486.932       9.480
  83.9953           473.294       9.316
  84.0953           531.883       9.867
  84.1953           587.496      10.348
  84.2953           619.258      10.650
  84.3953           575.565      10.186
  84.4953           463.173       9.207
  84.5953           429.651       8.842
  84.6953           427.490       8.805
  84.7953           441.856       8.952
  84.8953           432.641       8.988
  84.9953           446.492       8.807
  85.0953           425.310       8.882
  85.1953           429.936       8.818
  85.2953           434.436       8.886
  85.3953           424.668       8.809
  85.4953           424.228       8.770
  85.5953           426.804       8.780
  85.6953           455.970       9.118
  85.7953           409.554       8.627
  85.8953           428.312       8.811
  85.9953           442.046       9.031
  86.0953           449.603       9.005
  86.1953           444.965       9.049
  86.2953           427.535       8.808
  86.3953           444.933       9.037
  86.4953           437.004       9.017
  86.5953           441.518       8.996
  86.6953           513.359       9.913
  86.7953           733.866      11.869
  86.8953          1320.696      15.667
  86.9953          2283.209      20.464
  87.0953          3006.448      23.479
  87.1953          2819.661      22.713
  87.2953          2139.837      19.715
  87.3953          1462.467      16.346
  87.4953           841.562      12.404
  87.5953           534.610       9.833
  87.6953           442.857       8.958
  87.7953           435.428       8.910
  87.8953           419.302       8.726
  87.9953           423.611       8.738
  88.0953           427.931       8.826
  88.1953           417.787       8.721
  88.2953           420.211       8.705
  88.3953           426.809       8.788
  88.4953           438.982       8.940
  88.5953           413.603       8.664
  88.6953           422.314       8.743
  88.7953           416.484       8.718
  88.8953           422.182       8.729
  88.9953           418.155       8.742
  89.0953           411.417       8.620
  89.1953           422.027       8.802
  89.2953           420.320       8.723
  89.3953           418.364       8.737
  89.4953           404.325       8.614
  89.5953           413.845       8.659
  89.6953           439.113       9.001
  89.7953           490.948       9.505
  89.8953           618.920      10.858
  89.9953           777.110      12.181
  90.0953           840.856      12.486
  90.1953           715.012      11.467
  90.2953           542.036       9.966
  90.3953           430.550       8.848
  90.4953           417.523       8.661
  90.5953           398.960       8.523
  90.6953           420.640       8.727
  90.7953           403.275       8.553
  90.8953           400.564       8.505
  90.9953           405.702       8.570
  91.0953           396.373       8.499
  91.1953           394.212       8.410
  91.2953           406.962       8.602
  91.3953           437.459       8.872
  91.4953           524.350       9.764
  91.5953           684.496      11.126
  91.6953           895.533      12.741
  91.7953           948.590      13.147
  91.8953           762.617      11.669
  91.9953           544.468       9.969
  92.0953           491.949       9.417
  92.1953           476.266       9.308
  92.2953           479.334       9.306
  92.3953           477.694       9.341
  92.4953           440.867       8.966
  92.5953           412.374       8.653
  92.6953           420.926       8.750
  92.7953           420.195       8.796
  92.8953           418.214       8.736
  92.9953           437.390       9.025
  93.0953           444.809       9.223
  93.1953           470.847       9.485
  93.2953           444.581       9.152
  93.3953           403.914       8.633
  93.4953           404.706       8.636
  93.5953           397.892       8.555
  93.6953           423.884       8.831
  93.7953           396.190       8.525
  93.8953           406.621       8.650
  93.9953           414.308       8.725
  94.0953           402.854       8.554
  94.1953           403.835       8.602
  94.2953           421.119       8.787
  94.3953           467.018       9.216
  94.4953           534.815       9.892
  94.5953           616.305      10.618
  94.6953           701.341      11.328
  94.7953           639.235      10.791
  94.8953           530.704       9.862
  94.9953           463.947       9.249
  95.0953           505.535       9.555
  95.1953           682.181      11.247
  95.2953           897.051      12.790
  95.3953           996.457      13.505
  95.4953           811.729      12.186
  95.5953           672.482      11.116
  95.6953           670.426      11.103
  95.7953           709.806      11.420
  95.8953           679.193      11.100
  95.9953           697.098      11.484
  96.0953           617.789      10.592
  96.1953           530.174       9.978
  96.2953           521.520      10.007
  96.3953           585.046      10.561
  96.4953           871.121      12.798
  96.5953          1244.878      15.154
  96.6953          1433.823      16.296
  96.7953          1148.572      14.600
  96.8953           745.672      11.675
  96.9953           604.280      10.551
  97.0953           632.906      10.802
  97.1953           699.174      11.265
  97.2953           662.541      11.039
  97.3953           637.815      10.821
  97.4953           682.276      11.186
  97.5953           688.075      11.206
  97.6953           584.170      10.343
  97.7953           460.938       9.182
  97.8953           431.128       8.869
  97.9953           454.305       9.099
  98.0953           510.434       9.669
  98.1953           536.223       9.928
  98.2953           591.912      10.351
  98.3953           620.102      10.685
  98.4953           603.495      10.546
  98.5953           552.662      10.007
  98.6953           533.818       9.875
  98.7953           584.988      10.387
  98.8953           581.514      10.348
  98.9953           546.260       9.995
  99.0953           481.550       9.435
  99.1953           434.340       8.914
  99.2953           461.876       9.282
  99.3953           429.154       8.931
  99.4953           423.649       9.049
  99.5953           411.003       8.854
  99.6953           400.967       8.656
  99.7953           417.808       8.733
  99.8953           418.738       8.758
  99.9953           402.278       8.582
 100.0953           427.139       8.821
 100.1953           495.981       9.498
 100.2953           541.119       9.944
 100.3953           534.625       9.830
 100.4953           468.987       9.233
 100.5953           429.532       8.827
 100.6953           406.446       8.588
 100.7953           415.322       8.664
 100.8953           418.872       8.717
 100.9953           412.821       8.640
 101.0953           412.087       8.643
 101.1953           400.003       8.499
 101.2953           392.000       8.434
 101.3953           383.714       8.340
 101.4953           399.920       8.511
 101.5953           404.473       8.592
 101.6953           395.846       8.466
 101.7953           388.328       8.379
 101.8953           408.940       8.640
 101.9953           387.611       8.391
 102.0953           401.295       8.552
 102.1953           401.225       8.531
 102.2953           401.820       8.579
 102.3953           406.155       8.616
 102.4953           405.040       8.571
 102.5953           454.646       9.191
 102.6953           594.252      10.632
 102.8953           918.624      13.122
 102.9953           815.721      12.252
 103.0953           625.417      10.727
 103.1953           480.598       9.407
 103.2953           437.623       8.933
 103.3953           427.050       8.849
 103.4953           404.011       8.590
 103.5953           418.903       8.706
 103.6953           427.010       8.818
 103.7953           428.367       8.838
 103.8953           441.897       8.966
 103.9953           417.728       8.720
 104.0953           409.843       8.631
 104.1953           398.183       8.536
 104.2953           413.328       8.654
 104.3953           409.972       8.639
 104.4953           416.125       8.698
 104.5953           398.201       8.519
 104.6953           400.357       8.524
 104.7953           379.562       8.322
 104.8953           390.283       8.435
 104.9953           407.363       8.636
 105.0953           395.569       8.453
 105.1953           419.859       8.801
 105.2953           421.704       8.763
 105.3953           435.595       8.942
 105.4953           441.417       8.995
 105.5953           509.097       9.657
 105.6953           608.489      10.524
 105.7953           697.283      11.403
 105.8953           761.662      12.192
 105.9953           717.228      11.444
 106.0953           808.425      12.415
 106.1953           741.133      11.643
 106.2953           597.475      10.514
 106.3953           523.897       9.755
 106.4953           465.677       9.225
 106.5953           565.070      10.144
 106.6953           645.387      10.861
 106.7953           711.055      11.337
 106.8953           601.655      10.291
 106.9953           527.537      10.171
 107.0953           477.004       9.133
 107.1953           427.534       8.782
 107.2953           400.711       8.563
 107.3953           378.296       8.257
 107.4953           396.549       8.485
 107.5953           431.248       8.836
 107.6953           537.264       9.878
 107.7953           673.209      11.076
 107.8953           700.656      11.270
 107.9953           569.866      10.199
 108.0953           459.153       9.119
 108.1953           405.255       8.609
 108.2953           387.054       8.383
 108.3953           394.360       8.491
 108.4953           429.637       8.831
 108.5953           480.120       9.371
 108.6953           542.418       9.973
 108.7953           635.813      10.792
 108.8953           706.237      11.325
 108.9953           757.887      11.925
 109.0953           752.830      11.960
 109.1953           738.959      11.863
 109.2953           679.888      11.283
 109.3953           539.649       9.942
 109.4953           483.118       9.430
 109.5953           443.787       9.070
 109.6953           415.044       8.675
 109.7953           429.911       8.887
 109.8953           460.383       9.147
 109.9953           553.752      10.050
 110.0953           638.808      10.764
 110.1953           656.383      10.922
 110.2953           559.780      10.087
 110.3953           436.918       8.900
 110.4953           405.573       8.560
 110.5953           380.495       8.359
 110.6953           392.742       8.419
 110.7953           442.078       8.962
 110.8953           523.333       9.742
 110.9953           609.538      10.541
 111.0953           619.065      10.583
 111.1953           554.070      10.028
 111.2953           450.431       9.047
 111.3953           396.239       8.502
 111.4953           386.135       8.355
 111.5953           387.402       8.436
 111.6953           393.028       8.433
 111.7953           402.809       8.621
 111.8953           389.067       8.377
 111.9953           380.102       8.407
 112.0953           357.967       8.067
 112.1953           342.007       7.997
 112.2953           376.176       8.465
 112.3953           377.486       8.468
 112.4953           445.440       9.070
 112.5953           583.122      10.295
 112.6953           751.269      11.719
 112.7953           814.750      12.147
 112.8953           697.675      11.235
 112.9953           521.289       9.695
 113.0953           413.614       8.683
 113.1953           382.286       8.303
 113.2953           361.337       8.060
 113.3953           359.609       8.084
 113.4953           375.620       8.234
 113.5953           362.307       8.108
 113.6953           360.284       8.036
 113.7953           399.956       8.491
 113.8953           460.797       9.118
 113.9953           470.639       9.191
 114.0953           493.786       9.411
 114.1953           462.382       9.215
 114.2953           397.155       8.422
 114.3953           395.034       8.447
 114.4953           368.917       8.166
 114.5953           367.702       8.133
 114.6953           360.127       8.106
 114.7953           371.871       8.127
 114.8953           369.451       8.253
 114.9953           367.569       8.138
 115.0953           357.403       8.073
 115.1953           383.389       8.344
 115.2953           401.693       8.590
 115.3953           488.381       9.460
 115.4953           590.127      10.618
 115.5953           681.890      11.330
 115.6953           686.305      11.266
 115.7953           611.061      10.534
 115.8953           492.255       9.470
 115.9953           448.538       9.053
 116.0953           412.605       8.639
 116.1953           402.903       8.557
 116.2953           419.925       8.731
 116.3953           431.053       8.828
 116.4953           414.391       8.715
 116.5953           363.816       8.028
 116.6953           361.543       8.109
 116.7953           343.300       7.863
 116.8953           351.797       7.977
 116.9953           358.319       8.055
 117.0953           360.258       8.046
 117.1953           375.756       8.253
 117.2953           369.528       8.163
 117.3953           355.310       8.015
 117.4953           354.674       8.007
 117.5953           322.366       7.624
 117.6953           327.757       7.698
 117.7953           346.822       7.923
 117.8953           359.165       8.031
 117.9953           359.960       8.160
 118.0953           376.357       8.132
 118.1953           395.115       8.541
 118.2953           408.434       8.599
 118.3953           431.367       8.872
 118.4953           460.377       9.147
 118.5953           465.755       9.276
 118.6953           468.594       9.381
 118.7953           449.821       9.291
 118.8953           451.028       9.062
 118.9953           494.555       9.527
 119.0953           610.001      10.483
 119.1953           722.791      11.477
 119.2953           806.483      12.079
 119.3953           752.286      11.661
 119.4953           677.566      11.060
 119.5953           594.760      10.380
 119.6953           477.007       9.231
 119.7953           420.120       8.726
 119.8953           369.383       8.154
 119.9953           362.187       8.061
 120.0953           343.282       7.830
 120.1953           336.488       7.931
 120.2953           338.539       7.534
 120.3953           328.507       7.811
 120.4953           326.697       7.660
 120.5953           332.290       7.768
 120.6953           327.296       7.614
 120.7953           327.077       7.692
 120.8953           318.682       7.553
 120.9953           337.692       7.803
 121.0953           340.123       7.807
 121.1953           311.063       7.500
 121.2953           317.226       7.577
 121.3953           330.956       7.720
 121.4953           345.416       7.899
 121.5953           385.773       8.444
 121.6953           406.890       8.460
 121.7953           458.113       9.338
 121.8953           485.766       9.496
 121.9953           519.267       9.918
 122.0953           528.106       9.873
 122.1953           512.574       9.644
 122.2953           485.566       9.432
 122.3953           428.922       8.825
 122.4953           376.117       8.299
 122.5953           352.416       7.993
 122.6953           347.766       7.976
 122.7953           328.932       7.710
 122.8953           358.656       8.042
 122.9953           372.105       8.251
 123.0953           397.973       8.487
 123.1953           396.976       8.456
 123.2953           378.046       8.287
 123.3953           371.515       8.193
 123.4953           354.455       7.998
 123.5953           337.281       7.806
 123.6953           332.515       7.781
 123.7953           344.452       7.896
 123.8953           346.262       7.906
 123.9953           369.304       8.171
 124.0953           372.188       8.218
 124.1953           389.132       8.400
 124.2953           402.538       8.545
 124.3953           400.944       8.540
 124.4953           377.740       8.308
 124.5953           347.761       7.934
 124.6953           343.870       7.952
 124.7953           334.741       7.733
 124.8953           327.897       7.763
 124.9953           338.631       7.918
 125.0953           350.707       8.101
 125.1953           369.495       8.367
 125.2953           408.182       8.697
 125.3953           453.986       9.176
 125.4953           496.536       9.458
 125.5953           500.487       9.523
 125.6953           473.308       9.256
 125.7953           443.724       8.921
 125.8953           377.523       8.254
 125.9953           347.890       7.907
 126.0953           330.554       7.677
 126.1953           332.054       7.728
 126.2953           334.763       7.760
 126.3953           335.132       7.727
 126.4953           329.032       7.721
 126.5953           336.020       7.746
 126.6953           348.437       7.901
 126.7953           406.239       8.523
 126.8953           435.462       8.839
 126.9953           470.119       9.214
 127.0953           469.389       9.141
 127.1953           426.758       8.733
 127.2953           388.627       8.354
 127.3953           362.459       8.111
 127.4953           345.273       7.843
 127.5953           341.633       7.846
 127.6953           334.159       7.742
 127.7953           319.720       7.615
 127.8953           306.703       7.423
 127.9953           325.542       7.703
 128.0953           315.669       7.520
 128.1953           312.865       7.606
 128.2953           315.713       7.703
 128.3953           313.251       7.686
 128.4953           316.456       7.630
 128.5953           325.736       7.699
 128.6953           324.458       7.671
 128.7953           336.623       7.822
 128.8953           378.182       8.251
 128.9953           432.918       8.865
 129.0953           459.865       9.144
 129.1953           481.627       9.288
 129.2953           503.962       9.517
 129.3953           479.220       9.322
 129.4953           443.859       8.924
 129.5953           388.725       8.362
 129.6953           371.344       8.180
 129.7953           336.702       7.807
 129.8953           327.667       7.666
 129.9953           336.521       7.792
 130.0953           337.593       7.774
 130.1953           314.204       7.530
 130.2953           322.887       7.623
 130.3953           335.124       7.760
 130.4953           338.133       7.813
 130.5953           334.994       7.772
 130.6953           355.236       7.993
 130.7953           380.361       8.302
 130.8953           423.117       8.749
 130.9953           413.043       8.637
 131.0953           428.375       8.812
 131.1953           398.544       8.518
 131.2953           388.755       8.376
 131.3953           362.906       8.183
 131.4953           365.364       8.282
 131.5953           355.261       8.220
 131.6953           356.580       8.094
 131.7953           328.277       7.718
 131.8953           331.943       7.736
 131.9953           341.776       7.893
 132.0953           323.231       7.619
 132.1953           311.341       7.525
 132.2953           336.101       7.793
 132.3953           315.200       7.509
 132.4953           308.835       7.466
 132.5953           321.451       7.581
 132.6953           330.816       7.742
 132.7953           330.854       7.684
 132.8953           342.219       7.837
 132.9953           335.145       7.758
 133.0953           349.799       7.917
 133.1953           364.910       7.961
 133.2953           369.306       8.398
 133.3953           355.229       7.873
 133.4953           382.603       8.275
 133.5953           384.322       8.306
 133.6953           389.683       8.361
 133.7953           375.279       8.223
 133.8953           372.612       8.137
 133.9953           382.097       8.318
 134.0953           383.256       8.308
 134.1953           370.626       8.144
 134.2953           344.699       7.902
 134.3953           332.560       7.759
 134.4953           329.896       7.716
 134.5953           329.392       7.783
 134.6953           307.107       7.635
 134.7953           301.116       7.493
 134.8953           298.211       7.409
 134.9953           298.105       7.319
 135.0953           293.637       7.262
 135.1953           298.730       7.345
 135.2953           317.219       7.553
 135.3953           310.533       7.464
 135.4953           312.916       7.512
 135.5953           320.087       7.551
 135.6953           341.539       7.831
 135.7953           360.670       8.013
 135.8953           419.831       8.694
 135.9953           535.158       9.784
 136.0953           625.289      10.575
 136.1953           719.971      11.377
 136.2953           801.651      11.946
 136.3953           816.940      12.097
 136.4953           774.255      11.788
 136.5953           707.702      11.279
 136.6953           607.628      10.392
 136.7953           476.823       9.245
 136.8953           410.411       8.582
 136.9953           369.853       8.106
 137.0953           357.684       8.014
 137.1953           387.277       8.356
 137.2953           456.096       9.044
 137.3953           492.135       9.386
 137.4953           541.056       9.864
 137.5953           572.945      10.163
 137.6953           585.259      10.284
 137.7953           567.319      10.158
 137.8953           532.602      10.005
 137.9953           469.711       9.387
 138.0953           432.815       8.907
 138.1953           385.103       8.298
 138.2953           351.695       7.987
 138.3953           335.750       7.752
 138.4953           317.615       7.543
 138.5953           311.177       7.462
 138.6953           295.365       7.260
 138.7953           298.875       7.283
 138.8953           298.993       7.284
 138.9953           291.452       7.215
 139.0953           289.672       7.173
 139.1953           302.526       7.301
 139.2953           288.670       7.197
 139.3953           314.392       7.441
 139.4953           312.530       7.475
 139.5953           333.967       7.652
 139.6953           340.704       7.804
 139.7953           374.874       8.184
 139.8953           392.729       8.330
 139.9953           447.386       8.916
 140.0953           478.748       9.222
 140.1953           488.428       9.351
 140.2953           482.712       9.237
 140.3953           507.514       9.545
 140.4953           484.350       9.297
 140.5953           489.004       9.350
 140.6953           489.702       9.390
 140.7953           503.546       9.496
 140.8953           508.440       9.559
 140.9953           544.807       9.999
 141.0953           527.538       9.925
 141.1953           522.744       9.888
 141.2953           488.159       9.409
 141.3953           457.867       9.032
 141.4953           422.976       8.716
 141.5953           390.981       8.338
 141.6953           379.929       8.246
 141.7953           407.455       8.541
 141.8953           417.484       8.605
 141.9953           477.081       9.168
 142.0953           518.035       9.603
 142.1953           567.133      10.055
 142.2953           579.147      10.143
 142.3953           637.265      10.579
 142.4953           604.656      10.390
 142.5953           587.107      10.211
 142.6953           574.625      10.080
 142.7953           543.854       9.798
 142.8953           512.841       9.540
 142.9953           497.622       9.397
 143.0953           467.728       9.074
 143.1953           497.230       9.400
 143.2953           516.553       9.567
 143.3953           481.044       9.237
 143.4953           469.173       9.105
 143.5953           459.761       9.032
 143.6953           438.768       8.883
 143.7953           394.534       8.473
 143.8953           392.437       8.073
 143.9953           343.036       7.967
 144.0953           339.387       7.760
 144.1953           323.627       7.686
 144.2953           312.563       7.592
 144.3953           312.557       7.658
 144.4953           299.257       7.392
 144.5953           291.532       7.230
 144.6953           296.536       7.276
 144.7953           294.682       7.263
 144.8953           297.153       7.269
 144.9953           306.948       7.395
 145.0953           303.899       7.345
 145.1953           306.360       7.396
 145.2953           312.188       7.414
 145.3953           326.847       7.626
 145.4953           327.827       7.630
 145.5953           319.637       6.950
 145.6953           413.976      10.435
 145.7953           335.527       7.144
 145.8953           358.457       7.960
 145.9953           380.280       8.194
 146.0953           374.197       8.144
 146.1953           403.293       8.465
 146.2953           388.606       8.302
 146.3953           403.951       8.397
 146.4953           410.167       8.579
 146.5953           392.423       8.331
 146.6953           382.318       8.226
 146.7953           377.477       8.220
 146.8953           377.851       8.197
 146.9953           348.584       7.886
 147.0953           361.436       8.030
 147.1953           355.152       7.961
 147.2953           334.063       7.725
 147.3953           316.454       7.569
 147.4953           327.330       7.827
 147.5953           314.966       7.644
 147.6953           293.996       7.327
 147.7953           300.373       7.317
 147.8953           282.832       7.140
 147.9953           284.875       7.104
 148.0953           299.226       7.329
 148.1953           286.234       7.109
 148.2953           295.054       7.284
 148.3953           296.194       7.244
 148.4953           298.078       7.374
 148.5953           304.705       7.127
 148.6953           296.780       7.394
 148.7953           312.695       7.654
 148.8953           333.667       7.283
 148.9953           331.369       7.679
 149.0953           337.478       7.885
 149.1953           354.732       7.756
 149.2953           351.402       7.819
 149.3953           352.941       7.882
 149.4953           346.539       7.733
 149.5953           338.550       7.605
 149.6953           346.240       7.973
 149.7953           320.527       7.519
 149.8953           327.171       7.360
 149.9953           312.677       7.819
 150.0953           319.728       7.048
 150.1953           328.358       8.411
 150.2953           315.943       7.115
 150.3953           322.550       7.632
 150.4953           342.149       7.813
 150.5953           359.402       8.047
 150.6953           386.387       7.680
 150.7953             0.000       0.000
 150.8953             0.000       0.000
