XYDATA  Co2SiO4 8mmV 1.87A HiRes FullBeam 500K CF ROC 
INTER        1       1       0     0.100000
TEMP       286.214      293.714      293.811
! d20 23-Apr-08 09:22:09 User Sazono   L.C.Hansen  Run 594842*d20_2008_04_5880
! d20 23-Apr-08 09:22:09 User Sazono   L.C.Hansen  Run 594842*d20_2008_04_5880
! Monitor/counts, Counting time/sec:       100000.      62.5111
   0.0953          4124.058      28.079
   0.1953          4312.352      29.182
   0.2953          4224.726      29.146
   0.3953          4162.606      28.745
   0.4953          3853.474      27.455
   0.5953          3449.426      25.767
   0.6953          3071.275      24.246
   0.7953          2600.874      22.371
   0.8953          2305.796      20.995
   0.9953          1920.349      19.208
   1.0953          1633.072      17.658
   1.1953          1310.162      15.785
   1.2953          1021.980      13.967
   1.3953           771.068      12.121
   1.4953           567.237      10.389
   1.5953           430.312       9.026
   1.6953           368.122       8.392
   1.7953           324.225       7.871
   1.8953           318.365       7.770
   1.9953           310.699       7.679
   2.0953           298.476       7.547
   2.1953           290.233       7.437
   2.2953           293.727       7.458
   2.3953           278.616       7.277
   2.4953           267.904       7.165
   2.5953           265.919       7.067
   2.6953           253.127       6.986
   2.7953           253.860       6.943
   2.8953           241.156       6.794
   2.9953           263.996       7.101
   3.0953           243.480       6.832
   3.1953           228.979       6.621
   3.2953           233.372       6.676
   3.3953           231.582       6.710
   3.4953           228.845       6.763
   3.5953           253.662       7.118
   3.6953           238.301       6.817
   3.7953           244.756       6.865
   3.8953           258.851       7.042
   3.9953           288.721       7.442
   4.0953           316.503       7.750
   4.1953           352.572       8.253
   4.2953           402.192       8.735
   4.3953           435.611       9.093
   4.4953           483.030       9.571
   4.5953           524.666      10.029
   4.6953           602.398      10.657
   4.7953           656.700      11.164
   4.8953           687.569      11.429
   4.9953           668.093      11.298
   5.0953           689.288      11.422
   5.1953           703.900      11.539
   5.2953           719.530      11.723
   5.3953           704.591      11.565
   5.4953           698.338      11.488
   5.5953           694.330      11.493
   5.6953           712.133      11.652
   5.7953           677.947      11.377
   5.8953           703.779      11.517
   5.9953           670.955      11.351
   6.0953           685.877      11.446
   6.1953           697.145      11.571
   6.2953           671.827      11.327
   6.3953           671.155      11.317
   6.4953           702.846      11.650
   6.5953           685.347      11.474
   6.6953           661.829      11.488
   6.7953           663.345      11.511
   6.8953           669.299      11.413
   6.9953           667.963      11.279
   7.0953           643.829      11.086
   7.1953           650.439      11.176
   7.2953           650.170      11.093
   7.3953           635.485      11.039
   7.4953           625.781      10.910
   7.5953           610.547      10.751
   7.6953           619.012      10.832
   7.7953           623.868      10.882
   7.8953           621.281      10.845
   7.9953           607.273      10.675
   8.0953           601.132      10.707
   8.1953           616.407      10.794
   8.2953           621.081      10.830
   8.3953           599.025      10.644
   8.4953           584.941      10.531
   8.5953           601.237      10.648
   8.6953           589.575      10.545
   8.7953           592.147      10.567
   8.8953           582.628      10.497
   8.9953           591.283      10.574
   9.0953           566.075      10.335
   9.1953           565.196      10.369
   9.2953           571.343      10.424
   9.3953           575.913      10.411
   9.4953           573.184      10.463
   9.5953           565.838      10.364
   9.6953           563.107      10.359
   9.7953           546.021      10.297
   9.8953           558.412      10.544
   9.9953           567.483      10.615
  10.0953           550.425      10.296
  10.1953           555.806      10.273
  10.2953           561.337      10.340
  10.3953           564.654      10.342
  10.4953           556.902      10.262
  10.5953           541.939      10.104
  10.6953           555.807      10.270
  10.7953           546.156      10.102
  10.8953           532.428       9.993
  10.9953           543.534      10.093
  11.0953           537.425       9.959
  11.1953           546.560      10.101
  11.2953           532.919      10.568
  11.3953           546.062       9.919
  11.4953           522.216       9.844
  11.5953           510.392       9.751
  11.6953           515.792       9.868
  11.7953           512.542       9.802
  11.8953           513.850       9.829
  11.9953           522.307       9.904
  12.0953           536.100      10.065
  12.1953           519.334       9.880
  12.2953           511.836       9.785
  12.3953           508.484       9.842
  12.4953           516.481       9.879
  12.5953           520.142       9.901
  12.6953           518.410       9.900
  12.7953           520.555       9.985
  12.8953           516.699       9.835
  12.9953           522.385      10.005
  13.0953           519.530      10.288
  13.1953           504.960       9.693
  13.2953           524.154      10.221
  13.3953           505.989       9.798
  13.4953           517.346       9.936
  13.5953           510.103       9.793
  13.6953           514.050       9.898
  13.7953           517.521       9.853
  13.8953           494.706       9.709
  13.9953           517.473       9.818
  14.0953           514.080       9.904
  14.1953           507.963       9.664
  14.2953           503.123       9.794
  14.3953           509.834       9.761
  14.4953           494.054       9.634
  14.5953           502.698       9.787
  14.6953           514.470       9.802
  14.7953           497.529       9.648
  14.8953           511.002       9.787
  14.9953           500.515       9.734
  15.0953           495.946       9.806
  15.1953           499.772       9.388
  15.2953           513.430      10.010
  15.3953           501.363       9.705
  15.4953           505.147       9.729
  15.5953           490.754       9.626
  15.6953           498.196       9.727
  15.7953           488.407       9.567
  15.8953           489.485       9.678
  15.9953           481.270       9.538
  16.0953           505.261       9.832
  16.1953           483.676       9.616
  16.2953           494.144       9.877
  16.3953           523.847      10.215
  16.4953           520.125      10.010
  16.5953           490.886       9.636
  16.6953           499.940       9.775
  16.7953           502.164       9.760
  16.8953           504.609       9.793
  16.9953           496.318       9.678
  17.0953           488.442       9.624
  17.1953           480.030       9.527
  17.2953           486.357       9.560
  17.3953           479.831       9.530
  17.4953           508.003       9.797
  17.5953           485.831       9.517
  17.6953           495.992       9.696
  17.7953           476.463       9.482
  17.8953           478.685       9.465
  17.9953           493.807       9.625
  18.0953           476.834       9.491
  18.1953           484.489       9.548
  18.2953           487.187       9.579
  18.3953           485.214       9.538
  18.4953           495.289       9.686
  18.5953           483.155       9.507
  18.6953           481.189       9.512
  18.7953           474.719       9.481
  18.8953           493.940       9.663
  18.9953           497.393       9.666
  19.0953           490.636       9.650
  19.1953           468.559       9.428
  19.2953           475.615       9.512
  19.3953           481.184       9.566
  19.4953           486.118       9.843
  19.5953           478.628       9.684
  19.6953           469.986       9.462
  19.7953           474.498       9.498
  19.8953           474.012       9.471
  19.9953           494.077       9.658
  20.0953           476.499       9.475
  20.1953           487.737       9.425
  20.2953           501.628      10.093
  20.3953           485.552       9.486
  20.4953           484.116       9.305
  20.5953           496.971       9.795
  20.6953           494.141       9.592
  20.7953           499.400       9.674
  20.8953           517.598       9.842
  20.9953           547.438      10.169
  21.0953           542.382      10.054
  21.1953           560.917      10.256
  21.2953           533.871       9.993
  21.3953           511.848       9.809
  21.4953           507.461       9.759
  21.5953           484.258       9.519
  21.6953           482.274       9.554
  21.7953           477.678       9.423
  21.8953           486.395       9.578
  21.9953           459.761       9.279
  22.0953           493.424       9.642
  22.1953           487.323       9.613
  22.2953           478.251       9.493
  22.3953           484.032       9.587
  22.4953           481.867       9.565
  22.5953           479.086       9.561
  22.6953           453.427       9.469
  22.7953           468.791       9.601
  22.8953           472.590       9.488
  22.9953           463.145       9.323
  23.0953           443.964       9.156
  23.1953           459.792       9.312
  23.2953           459.925       9.273
  23.3953           476.596       9.457
  23.4953           464.082       9.364
  23.5953           455.149       9.169
  23.6953           483.760       9.511
  23.7953           467.251       9.339
  23.8953           454.918       9.213
  23.9953           462.538       9.262
  24.0953           464.721       9.324
  24.1953           442.648       9.096
  24.2953           476.281       9.384
  24.3953           447.549       9.137
  24.4953           469.223       9.331
  24.5953           460.408       9.311
  24.6953           487.238       9.492
  24.7953           490.985       9.534
  24.8953           519.610       9.878
  24.9953           518.193       9.803
  25.0953           541.357      10.042
  25.1953           546.284      10.103
  25.2953           526.583       9.930
  25.3953           510.794       9.771
  25.4953           479.496       9.484
  25.5953           469.020       9.388
  25.6953           469.409       9.377
  25.7953           459.854       9.375
  25.8953           439.599       9.263
  25.9953           464.758       9.545
  26.0953           444.388       9.173
  26.1953           454.813       9.240
  26.2953           475.352       9.421
  26.3953           464.914       9.368
  26.4953           474.918       9.399
  26.5953           498.204       9.618
  26.6953           500.969       9.695
  26.7953           498.191       9.632
  26.8953           501.761       9.674
  26.9953           518.807       9.794
  27.0953           500.672       9.680
  27.1953           497.894       9.610
  27.2953           505.301       9.699
  27.3953           541.073      10.044
  27.4953           578.431      10.367
  27.5953           641.193      10.912
  27.6953           745.663      11.817
  27.7953           857.298      12.611
  27.8953           929.371      13.179
  27.9953           865.347      12.625
  28.0953           807.113      12.303
  28.1953           660.396      11.107
  28.2953           568.020      10.255
  28.3953           489.635       9.588
  28.4953           466.786       9.319
  28.5953           475.650       9.430
  28.6953           485.151       9.553
  28.7953           490.380       9.612
  28.8953           529.638       9.999
  28.9953           562.979      10.289
  29.0953           567.836      10.521
  29.1953           607.765      10.862
  29.2953           592.585      10.664
  29.3953           546.747      10.156
  29.4953           519.637       9.898
  29.5953           492.565       9.599
  29.6953           458.278       9.247
  29.7953           470.604       9.406
  29.8953           461.999       9.322
  29.9953           452.870       9.181
  30.0953           450.665       9.188
  30.1953           452.489       9.202
  30.2953           468.546       9.365
  30.3953           455.375       9.194
  30.4953           478.438       9.484
  30.5953           464.381       9.327
  30.6953           458.888       9.256
  30.7953           486.882       9.517
  30.8953           491.434       9.579
  30.9953           520.555       9.894
  31.0953           548.626      10.094
  31.1953           521.334       9.868
  31.2953           517.830       9.866
  31.3953           510.939       9.763
  31.4953           488.505       9.560
  31.5953           465.275       9.332
  31.6953           459.082       9.311
  31.7953           466.035       9.336
  31.8953           450.253       9.214
  31.9953           453.605       9.217
  32.0953           423.633       8.947
  32.1953           435.071       9.112
  32.2953           425.462       9.138
  32.3953           435.306       9.193
  32.4953           428.767       9.009
  32.5953           421.254       8.883
  32.6953           426.458       8.941
  32.7953           445.644       9.104
  32.8953           436.636       9.052
  32.9953           436.793       8.989
  33.0953           445.893       9.153
  33.1953           426.011       8.873
  33.2953           435.437       9.017
  33.3953           432.963       8.939
  33.4953           430.839       8.949
  33.5953           419.917       8.806
  33.6953           430.987       8.927
  33.7953           429.159       8.964
  33.8953           465.973       9.257
  33.9953           433.212       8.952
  34.0953           447.412       9.114
  34.1953           444.670       9.086
  34.2953           451.174       9.166
  34.3953           450.059       9.048
  34.4953           446.284       9.169
  34.5953           443.263       9.016
  34.6953           446.688       9.149
  34.7953           452.017       9.168
  34.8953           463.481       9.277
  34.9953           457.428       9.210
  35.0953           454.835       9.236
  35.1953           458.684       9.252
  35.2953           455.351       9.251
  35.3953           435.990       9.125
  35.4953           451.260       9.361
  35.5953           467.162       9.532
  35.6953           462.160       9.377
  35.7953           476.381       9.428
  35.8953           470.520       9.395
  35.9953           486.735       9.507
  36.0953           490.158       9.569
  36.1953           525.523       9.877
  36.2953           541.162      10.079
  36.3953           548.009      10.078
  36.4953           549.548      10.133
  36.5953           543.452      10.002
  36.6953           504.604       9.697
  36.7953           485.397       9.461
  36.8953           451.302       9.159
  36.9953           453.992       9.185
  37.0953           452.999       9.158
  37.1953           454.047       9.141
  37.2953           464.213       9.305
  37.3953           433.051       8.948
  37.4953           445.480       9.065
  37.5953           446.073       9.113
  37.6953           440.660       9.036
  37.7953           437.241       9.022
  37.8953           449.338       9.110
  37.9953           455.632       9.207
  38.0953           433.835       8.990
  38.1953           464.090       9.308
  38.2953           473.620       9.370
  38.3953           459.497       9.285
  38.4953           471.519       9.352
  38.5953           462.961       9.388
  38.6953           454.527       9.404
  38.7953           453.443       9.404
  38.8953           469.569       9.427
  38.9953           498.618       9.701
  39.0953           522.343       9.894
  39.1953           589.448      10.464
  39.2953           637.402      10.911
  39.3953           702.920      11.424
  39.4953           654.469      11.061
  39.5953           591.492      10.461
  39.6953           536.825       9.993
  39.7953           473.772       9.362
  39.8953           467.278       9.327
  39.9953           473.737       9.347
  40.0953           476.496       9.399
  40.1953           458.141       9.256
  40.2953           459.185       9.206
  40.3953           459.561       9.217
  40.4953           442.256       9.081
  40.5953           469.936       9.341
  40.6953           475.527       9.384
  40.7953           468.558       9.339
  40.8953           460.681       9.268
  40.9953           439.185       9.027
  41.0953           462.113       9.240
  41.1953           445.550       9.144
  41.2953           459.846       9.251
  41.3953           458.875       9.244
  41.4953           475.780       9.459
  41.5953           472.363       9.393
  41.6953           477.320       9.447
  41.7953           481.454       9.598
  41.8953           475.433       9.787
  41.9953           499.182       9.573
  42.0953           535.043      10.248
  42.1953           608.469      10.665
  42.2953           714.069      11.651
  42.3953           859.418      12.665
  42.4953           913.900      13.113
  42.5953           903.960      12.915
  42.6953           838.323      12.587
  42.7953           730.310      11.663
  42.8953           649.199      10.961
  42.9953           577.919      10.422
  43.0953           531.149       9.918
  43.1953           501.406       9.639
  43.2953           514.858       9.822
  43.3953           576.112      10.317
  43.4953           623.818      10.781
  43.5953           637.806      10.887
  43.6953           633.502      10.818
  43.7953           576.510      10.353
  43.8953           515.827       9.810
  43.9953           473.136       9.348
  44.0953           480.065       9.438
  44.1953           475.514       9.454
  44.2953           506.457       9.682
  44.3953           552.910      10.183
  44.4953           603.437      10.603
  44.5953           730.929      11.623
  44.6953           777.209      12.111
  44.7953           761.773      11.951
  44.8953           691.770      11.396
  44.9953           584.252      10.538
  45.0953           504.726       9.941
  45.1953           460.046       9.444
  45.2953           453.665       9.239
  45.3953           453.906       9.204
  45.4953           444.629       9.080
  45.5953           454.866       9.210
  45.6953           465.176       9.279
  45.7953           491.319       9.528
  45.8953           539.376      10.016
  45.9953           633.272      10.797
  46.0953           785.313      12.018
  46.1953           914.199      12.990
  46.2953           925.980      13.081
  46.3953           824.710      12.308
  46.4953           653.916      10.984
  46.5953           536.422       9.942
  46.6953           470.656       9.308
  46.7953           458.882       9.209
  46.8953           451.167       9.109
  46.9953           446.640       9.044
  47.0953           475.721       9.377
  47.1953           494.734       9.549
  47.2953           525.773       9.854
  47.3953           591.549      10.436
  47.4953           653.613      10.995
  47.5953           632.506      10.775
  47.6953           576.894      10.351
  47.7953           534.693       9.936
  47.8953           493.183       9.568
  47.9953           497.627       9.638
  48.0953           554.746      10.121
  48.1953           691.745      11.473
  48.2953          1036.057      14.165
  48.3953          1478.143      16.974
  48.4953          2333.000      20.916
  48.5953          3108.073      24.107
  48.6953          3525.823      25.592
  48.7953          3401.002      25.221
  48.8953          2911.542      23.187
  48.9953          2215.653      20.262
  49.0953          1530.669      16.919
  49.1953           973.288      13.375
  49.2953           631.938      10.803
  49.3953           509.645       9.713
  49.4953           476.416       9.379
  49.5953           469.798       9.311
  49.6953           473.178       9.319
  49.7953           479.723       9.459
  49.8953           455.371       9.124
  49.9953           466.501       9.262
  50.0953           466.449       9.305
  50.1953           458.051       9.200
  50.2953           472.872       9.340
  50.3953           468.253       9.300
  50.4953           462.326       9.239
  50.5953           472.111       9.364
  50.6953           496.820       9.570
  50.7953           517.744       9.807
  50.8953           536.973       9.978
  50.9953           683.341      11.266
  51.0953           778.394      12.038
  51.1953           861.572      12.670
  51.2953           810.391      12.297
  51.3953           695.802      11.388
  51.4953           567.458      10.536
  51.5953           463.578       9.461
  51.6953           462.816       9.348
  51.7953           466.253       9.318
  51.8953           493.757       9.565
  51.9953           491.375       9.518
  52.0953           504.198       9.676
  52.1953           524.112       9.854
  52.2953           538.415       9.925
  52.3953           528.462       9.887
  52.4953           532.036       9.880
  52.5953           519.423       9.759
  52.6953           498.433       9.575
  52.7953           458.847       9.171
  52.8953           455.364       9.168
  52.9953           464.667       9.207
  53.0953           457.835       9.186
  53.1953           446.195       9.037
  53.2953           430.809       8.896
  53.3953           442.870       9.021
  53.4953           448.586       9.093
  53.5953           446.969       9.034
  53.6953           434.049       8.946
  53.7953           439.736       9.002
  53.8953           452.924       9.089
  53.9953           436.985       8.997
  54.0953           444.294       9.058
  54.1953           445.057       9.051
  54.2953           451.951       9.138
  54.3953           489.808       9.549
  54.4953           527.019       9.872
  54.5953           575.110      10.388
  54.6953           587.540      10.660
  54.7953           569.704      10.521
  54.8953           533.237       9.978
  54.9953           490.772       9.575
  55.0953           476.771       9.379
  55.1953           471.909       9.360
  55.2953           478.683       9.372
  55.3953           487.262       9.489
  55.4953           471.890       9.332
  55.5953           448.699       9.060
  55.6953           463.801       9.269
  55.7953           448.845       9.094
  55.8953           448.227       9.070
  55.9953           458.398       9.170
  56.0953           443.168       9.020
  56.1953           459.982       9.200
  56.2953           440.481       8.995
  56.3953           436.293       8.928
  56.4953           443.517       9.057
  56.5953           443.881       9.046
  56.6953           451.100       9.091
  56.7953           428.991       8.878
  56.8953           454.570       9.161
  56.9953           477.065       9.333
  57.0953           479.243       9.411
  57.1953           467.701       9.278
  57.2953           445.222       9.088
  57.3953           454.840       9.184
  57.4953           439.754       8.967
  57.5953           445.197       9.124
  57.6953           437.321       9.015
  57.7953           442.121       9.089
  57.8953           454.689       9.442
  57.9953           448.074       9.251
  58.0953           441.710       9.110
  58.1953           434.121       8.982
  58.2953           454.023       9.158
  58.3953           417.134       8.814
  58.4953           433.985       8.916
  58.5953           430.771       8.932
  58.6953           447.056       9.052
  58.7953           442.233       9.016
  58.8953           428.672       8.879
  58.9953           443.812       9.076
  59.0953           426.276       8.723
  59.1953           447.204       9.111
  59.2953           452.529       9.124
  59.3953           453.838       9.121
  59.4953           457.725       9.147
  59.5953           458.269       9.156
  59.6953           445.222       9.034
  59.7953           433.910       8.972
  59.8953           433.524       8.846
  59.9953           451.843       9.134
  60.0953           444.136       9.053
  60.1953           461.121       9.178
  60.2953           447.402       9.035
  60.3953           452.741       9.150
  60.4953           424.136       8.806
  60.5953           421.187       8.798
  60.6953           444.959       9.062
  60.7953           482.219       9.435
  60.8953           518.070       9.820
  60.9953           528.988       9.967
  61.0953           541.888      10.192
  61.1953           525.948      10.072
  61.2953           477.281       9.409
  61.3953           462.321       9.224
  61.4953           438.100       8.945
  61.5953           436.673       8.960
  61.6953           433.769       8.899
  61.7953           455.193       9.117
  61.8953           448.513       9.085
  61.9953           477.066       9.304
  62.0953           472.267       9.241
  62.1953           457.987       9.187
  62.2953           454.627       9.064
  62.3953           461.089       9.152
  62.4953           493.002       9.453
  62.5953           480.331       9.400
  62.6953           483.955       9.341
  62.7953           453.950       9.084
  62.8953           441.841       8.956
  62.9953           431.522       8.855
  63.0953           434.325       8.867
  63.1953           441.485       8.939
  63.2953           426.830       8.871
  63.3953           445.240       8.961
  63.4953           419.033       8.709
  63.5953           448.347       9.065
  63.6953           438.251       8.949
  63.7953           435.111       8.871
  63.8953           435.242       8.944
  63.9953           515.633       9.691
  64.0953           666.024      11.059
  64.1953          1043.885      13.895
  64.2953          1606.191      17.248
  64.3953          2135.068      20.654
  64.4953          2232.025      20.092
  64.5953          1959.707      19.145
  64.6953           697.242      10.822
  64.7953           842.566      11.970
  64.8953           598.901      11.500
  64.9953           570.482      11.859
  65.0953           593.842      10.650
  65.1953           701.588      10.434
  65.2953           726.434      11.411
  65.3953           668.146      10.996
  65.4953           530.482       9.842
  65.5953           487.821       9.374
  65.6953           458.416       9.179
  65.7953           461.839       9.173
  65.8953           451.057       9.048
  65.9953           443.076       8.990
  66.0953           455.134       9.139
  66.1953           437.015       8.919
  66.2953           444.662       9.002
  66.3953           433.851       8.887
  66.4953           446.429       9.096
  66.5953           445.480       8.974
  66.6953           439.561       8.976
  66.7953           444.301       9.050
  66.8953           431.098       8.914
  66.9953           442.253       8.981
  67.0953           426.576       8.877
  67.1953           438.509       8.972
  67.2953           441.189       9.057
  67.3953           475.470       9.406
  67.4953           554.724      10.342
  67.5953           608.752      10.787
  67.6953           696.254      11.349
  67.7953           647.893      10.911
  67.8953           566.273      10.180
  67.9953           482.100       9.390
  68.0953           437.513       8.899
  68.1953           431.979       8.857
  68.2953           424.775       8.813
  68.3953           453.189       9.039
  68.4953           431.150       8.838
  68.5953           428.988       8.806
  68.6953           460.334       9.128
  68.7953           482.777       9.334
  68.8953           548.268       9.918
  68.9953           692.464      11.232
  69.0953           835.094      12.199
  69.1953           852.590      12.417
  69.2953           730.055      11.503
  69.3953           568.881      10.170
  69.4953           501.438       9.459
  69.5953           457.793       9.109
  69.6953           453.418       9.052
  69.7953           435.462       8.872
  69.8953           448.673       8.981
  69.9953           450.702       9.058
  70.0953           467.380       9.232
  70.1953           504.094       9.545
  70.2953           541.009       9.946
  70.3953           570.635      10.206
  70.4953           510.883       9.629
  70.5953           497.869       9.605
  70.6953           512.334       9.876
  70.7953           546.547      10.161
  70.8953           544.679      10.011
  70.9953           496.566       9.519
  71.0953           474.002       9.325
  71.1953           446.859       8.984
  71.2953           440.369       8.948
  71.3953           431.559       8.841
  71.4953           433.400       8.858
  71.5953           434.723       8.866
  71.6953           440.461       8.906
  71.7953           433.513       8.840
  71.8953           433.815       8.870
  71.9953           427.956       8.783
  72.0953           424.563       8.777
  72.1953           417.908       8.674
  72.2953           447.104       8.976
  72.3953           461.261       9.108
  72.4953           536.822       9.835
  72.5953           654.163      10.929
  72.6953           695.665      11.141
  72.7953           694.944      11.155
  72.8953           665.218      10.936
  72.9953           547.212       9.852
  73.0953           511.309       9.591
  73.1953           452.257       8.885
  73.2953           426.264       8.553
  73.3953           450.491       7.781
  73.4953           456.420      17.288
  73.5953           519.043       9.288
  73.6953           610.019       9.769
  73.7953           615.462       9.711
  73.8953           556.371      13.611
  73.9953           502.391       9.254
  74.0953           427.542       8.840
  74.1953           422.582       8.749
  74.2953           451.366       9.053
  74.3953           434.272       8.896
  74.4953           425.087       8.754
  74.5953           432.568       8.912
  74.6953           438.099       8.924
  74.7953           445.274       9.001
  74.8953           446.476       8.962
  74.9953           434.142       8.905
  75.0953           426.336       8.808
  75.1953           432.212       8.835
  75.2953           436.467       8.898
  75.3953           414.368       8.691
  75.4953           422.902       8.737
  75.5953           429.271       8.812
  75.6953           446.342       9.005
  75.7953           476.367       9.291
  75.8953           497.356       9.498
  75.9953           536.929       9.884
  76.0953           598.314      10.403
  76.1953           622.968      10.668
  76.2953           716.978      11.355
  76.3953           836.449      12.375
  76.4953           899.331      12.775
  76.5953           782.248      11.915
  76.6953           663.366      11.030
  76.7953           599.199      10.472
  76.8953           696.809      11.308
  76.9953          1084.556      14.186
  77.0953          1658.137      17.807
  77.1953          2084.839      19.990
  77.2953          1859.767      18.617
  77.3953          1224.583      15.021
  77.4953           840.191      12.416
  77.5953           937.844      13.184
  77.6953          1595.594      16.997
  77.7953          2302.900      20.535
  77.8953          2348.201      20.766
  77.9953          1679.324      17.507
  78.0953           924.766      12.963
  78.1953           552.043      10.065
  78.2953           464.542       9.199
  78.3953           449.236       9.050
  78.4953           445.128       9.009
  78.5953           438.686       8.960
  78.6953           444.883       9.006
  78.7953           467.109       9.228
  78.8953           499.005       9.572
  78.9953           563.336      10.149
  79.0953           570.668      10.213
  79.1953           522.010       9.751
  79.2953           475.080       9.344
  79.3953           432.782       8.882
  79.4953           406.185       8.567
  79.5953           411.556       8.713
  79.6953           438.803       8.970
  79.7953           422.815       8.791
  79.8953           425.563       8.870
  79.9953           423.844       8.836
  80.0953           418.105       8.789
  80.1953           423.968       8.902
  80.2953           419.425       9.014
  80.3953           430.665       9.031
  80.4953           432.026       8.985
  80.5953           407.823       8.650
  80.6953           428.319       8.900
  80.7953           440.071       8.968
  80.8953           463.998       9.230
  80.9953           497.026       9.497
  81.0953           500.129       9.568
  81.1953           453.536       9.078
  81.2953           434.269       8.911
  81.3953           418.109       8.690
  81.4953           443.939       8.993
  81.5953           437.069       8.914
  81.6953           438.836       8.928
  81.7953           447.220       9.035
  81.8953           452.119       9.039
  81.9953           456.042       9.085
  82.0953           459.626       9.149
  82.1953           488.794       9.456
  82.2953           477.443       9.280
  82.3953           487.735       9.407
  82.4953           447.610       9.041
  82.5953           461.192       9.153
  82.6953           450.245       9.003
  82.7953           433.836       8.944
  82.8953           412.140       8.666
  82.9953           419.856       8.741
  83.0953           434.979       8.926
  83.1953           500.778       9.590
  83.2953           595.974      10.461
  83.3953           766.176      11.908
  83.4953           875.086      12.959
  83.5953           766.275      12.080
  83.6953           617.910      10.737
  83.7953           522.496       9.777
  83.8953           478.011       9.393
  83.9953           472.685       9.310
  84.0953           477.630       9.349
  84.1953           577.944      10.263
  84.2953           632.006      10.758
  84.3953           583.968      10.259
  84.4953           495.883       9.526
  84.5953           438.883       8.936
  84.6953           416.189       8.688
  84.7953           428.013       8.811
  84.8953           423.249       8.889
  84.9953           451.303       8.854
  85.0953           430.453       8.935
  85.1953           431.331       8.832
  85.2953           422.200       8.760
  85.3953           410.541       8.661
  85.4953           423.632       8.763
  85.5953           421.332       8.723
  85.6953           420.718       8.757
  85.7953           426.953       8.807
  85.8953           435.149       8.881
  85.9953           418.924       8.791
  86.0953           435.117       8.858
  86.1953           447.488       9.074
  86.2953           439.826       8.933
  86.3953           414.216       8.719
  86.4953           419.458       8.833
  86.5953           435.231       8.931
  86.6953           470.984       9.494
  86.7953           619.160      10.901
  86.8953          1039.701      13.900
  86.9953          1895.014      18.642
  87.0953          2814.293      22.715
  87.1953          2966.229      23.295
  87.2953          2423.460      20.979
  87.3953          1685.359      17.546
  87.4953          1013.883      13.614
  87.5953           617.576      10.568
  87.6953           486.123       9.385
  87.7953           425.708       8.810
  87.8953           427.970       8.815
  87.9953           416.707       8.666
  88.0953           421.870       8.762
  88.1953           421.014       8.754
  88.2953           418.355       8.686
  88.3953           428.929       8.809
  88.4953           419.623       8.740
  88.5953           414.824       8.676
  88.6953           415.744       8.675
  88.7953           414.425       8.696
  88.8953           422.311       8.730
  88.9953           416.641       8.726
  89.0953           414.258       8.649
  89.1953           414.630       8.724
  89.2953           418.639       8.705
  89.3953           414.115       8.692
  89.4953           411.987       8.695
  89.5953           402.195       8.536
  89.6953           424.664       8.851
  89.7953           446.345       9.062
  89.8953           535.582      10.100
  89.9953           712.471      11.663
  90.0953           831.853      12.418
  90.1953           781.322      11.986
  90.2953           629.947      10.744
  90.3953           475.603       9.299
  90.4953           421.246       8.699
  90.5953           397.819       8.511
  90.6953           395.774       8.465
  90.7953           386.349       8.371
  90.8953           409.548       8.600
  90.9953           404.566       8.558
  91.0953           392.132       8.453
  91.1953           409.959       8.576
  91.2953           401.092       8.540
  91.3953           422.646       8.720
  91.4953           450.635       9.051
  91.5953           586.924      10.302
  91.6953           810.396      12.120
  91.7953           936.265      13.060
  91.8953           855.027      12.355
  91.9953           622.355      10.658
  92.0953           484.496       9.345
  92.1953           450.005       9.047
  92.2953           466.444       9.180
  92.3953           475.809       9.322
  92.4953           458.139       9.139
  92.5953           404.877       8.574
  92.6953           425.969       8.802
  92.7953           396.383       8.543
  92.8953           402.284       8.567
  92.9953           411.074       8.748
  93.0953           447.051       9.246
  93.1953           464.864       9.424
  93.2953           453.572       9.243
  93.3953           439.674       9.007
  93.4953           412.399       8.717
  93.5953           410.357       8.688
  93.6953           405.061       8.632
  93.7953           399.078       8.555
  93.8953           397.921       8.556
  93.9953           398.452       8.556
  94.0953           389.541       8.411
  94.1953           399.753       8.558
  94.2953           401.261       8.576
  94.3953           446.405       9.010
  94.4953           478.017       9.351
  94.5953           547.435      10.006
  94.6953           644.526      10.859
  94.7953           676.143      11.098
  94.8953           588.377      10.383
  94.9953           494.140       9.545
  95.0953           481.085       9.321
  95.1953           596.974      10.520
  95.2953           791.161      12.011
  95.3953           977.847      13.378
  95.4953           881.706      12.700
  95.5953           709.888      11.420
  95.6953           658.206      11.001
  95.7953           697.223      11.318
  95.8953           683.646      11.136
  95.9953           681.499      11.354
  96.0953           644.413      10.817
  96.1953           568.619      10.333
  96.2953           488.806       9.687
  96.3953           522.053       9.975
  96.4953           658.150      11.123
  96.5953           988.660      13.504
  96.6953          1349.567      15.808
  96.7953          1401.020      16.124
  96.8953          1030.979      13.728
  96.9953           675.885      11.158
  97.0953           620.475      10.695
  97.1953           671.132      11.036
  97.2953           682.328      11.202
  97.3953           638.471      10.826
  97.4953           667.335      11.062
  97.5953           708.800      11.373
  97.6953           593.990      10.429
  97.7953           504.244       9.603
  97.8953           432.353       8.881
  97.9953           406.674       8.608
  98.0953           451.201       9.090
  98.1953           507.658       9.660
  98.2953           575.183      10.203
  98.3953           621.684      10.698
  98.4953           595.680      10.476
  98.5953           562.925      10.099
  98.6953           519.135       9.738
  98.7953           545.627      10.031
  98.8953           576.655      10.304
  98.9953           562.656      10.143
  99.0953           478.348       9.403
  99.1953           463.202       9.205
  99.2953           464.805       9.311
  99.3953           443.789       9.082
  99.4953           413.157       8.935
  99.5953           393.973       8.668
  99.6953           405.777       8.707
  99.7953           378.683       8.313
  99.8953           386.255       8.411
  99.9953           400.397       8.562
 100.0953           425.629       8.804
 100.1953           454.624       9.092
 100.2953           495.539       9.516
 100.3953           522.809       9.720
 100.4953           502.568       9.558
 100.5953           457.422       9.108
 100.6953           404.945       8.571
 100.7953           387.249       8.365
 100.8953           403.033       8.550
 100.9953           421.453       8.729
 101.0953           414.576       8.669
 101.1953           415.490       8.662
 101.2953           397.943       8.498
 101.3953           387.656       8.382
 101.4953           379.035       8.285
 101.5953           400.772       8.552
 101.6953           402.500       8.537
 101.7953           397.142       8.473
 101.8953           387.341       8.409
 101.9953           399.555       8.519
 102.0953           390.672       8.437
 102.1953           397.366       8.489
 102.2953           378.870       8.329
 102.3953           402.082       8.572
 102.4953           395.192       8.466
 102.5953           412.960       8.759
 102.6953           508.373       9.833
 102.8953           864.151      12.726
 102.9953           871.014      12.659
 103.0953           669.876      11.102
 103.1953           519.771       9.783
 103.2953           441.035       8.967
 103.3953           417.093       8.745
 103.4953           397.567       8.521
 103.5953           411.612       8.630
 103.6953           408.560       8.625
 103.7953           423.025       8.783
 103.8953           439.478       8.941
 103.9953           419.862       8.741
 104.0953           408.520       8.616
 104.1953           406.006       8.619
 104.2953           402.583       8.541
 104.3953           414.839       8.690
 104.4953           388.796       8.407
 104.5953           397.970       8.516
 104.6953           382.335       8.329
 104.7953           376.778       8.291
 104.8953           388.594       8.416
 104.9953           400.171       8.559
 105.0953           393.172       8.427
 105.1953           415.563       8.755
 105.2953           411.635       8.657
 105.3953           426.544       8.848
 105.4953           435.495       8.934
 105.5953           452.414       9.103
 105.6953           517.207       9.702
 105.7953           647.211      10.985
 105.8953           709.848      11.769
 105.9953           682.078      11.159
 106.0953           732.242      11.815
 106.1953           771.592      11.879
 106.2953           728.616      11.611
 106.3953           605.052      10.483
 106.4953           502.366       9.581
 106.5953           488.502       9.431
 106.6953           571.271      10.218
 106.7953           673.548      11.033
 106.8953           681.511      10.952
 106.9953           588.870      10.746
 107.0953           513.674       9.477
 107.1953           472.232       9.229
 107.2953           423.175       8.799
 107.3953           389.067       8.373
 107.4953           381.788       8.325
 107.5953           405.298       8.565
 107.6953           499.230       9.522
 107.7953           617.352      10.606
 107.8953           678.451      11.089
 107.9953           614.161      10.587
 108.0953           500.405       9.520
 108.1953           418.926       8.752
 108.2953           405.894       8.584
 108.3953           363.404       8.150
 108.4953           407.979       8.605
 108.5953           431.763       8.886
 108.6953           504.569       9.618
 108.7953           568.131      10.201
 108.8953           665.286      10.991
 108.9953           739.028      11.775
 109.0953           738.295      11.843
 109.1953           747.059      11.927
 109.2953           692.539      11.387
 109.3953           602.061      10.501
 109.4953           506.439       9.654
 109.5953           456.712       9.201
 109.6953           428.959       8.819
 109.7953           425.448       8.841
 109.8953           422.875       8.766
 109.9953           467.393       9.232
 110.0953           557.097      10.051
 110.1953           657.576      10.931
 110.2953           632.607      10.722
 110.3953           533.885       9.838
 110.4953           434.258       8.857
 110.5953           395.696       8.524
 110.6953           371.028       8.183
 110.7953           412.580       8.658
 110.8953           474.116       9.271
 110.9953           564.797      10.146
 111.0953           619.170      10.583
 111.1953           591.215      10.358
 111.2953           507.082       9.598
 111.3953           417.177       8.723
 111.4953           382.290       8.313
 111.5953           386.069       8.421
 111.6953           410.900       8.622
 111.7953           391.870       8.503
 111.8953           379.817       8.276
 111.9953           370.754       8.303
 112.0953           357.014       8.056
 112.1953           362.169       8.229
 112.2953           337.259       8.014
 112.3953           364.136       8.317
 112.4953           381.654       8.395
 112.5953           497.602       9.510
 112.6953           623.757      10.677
 112.7953           777.160      11.863
 112.8953           781.554      11.891
 112.9953           644.407      10.779
 113.0953           480.849       9.362
 113.1953           389.635       8.382
 113.2953           364.710       8.097
 113.3953           373.198       8.235
 113.4953           372.685       8.201
 113.5953           362.626       8.111
 113.6953           370.461       8.148
 113.7953           379.353       8.268
 113.8953           408.585       8.585
 113.9953           465.914       9.144
 114.0953           489.420       9.369
 114.1953           471.326       9.303
 114.2953           424.259       8.704
 114.3953           391.553       8.409
 114.4953           375.743       8.241
 114.5953           373.775       8.200
 114.6953           378.881       8.314
 114.7953           357.080       7.963
 114.8953           358.710       8.132
 114.9953           360.134       8.055
 115.0953           350.792       7.997
 115.1953           371.170       8.210
 115.2953           382.903       8.386
 115.3953           447.078       9.051
 115.4953           511.712       9.886
 115.5953           611.951      10.733
 115.6953           663.471      11.076
 115.7953           624.064      10.645
 115.8953           550.872      10.018
 115.9953           461.459       9.182
 116.0953           410.745       8.619
 116.1953           415.943       8.694
 116.2953           412.428       8.653
 116.3953           432.447       8.842
 116.4953           414.524       8.716
 116.5953           415.689       8.580
 116.6953           381.694       8.331
 116.7953           334.969       7.767
 116.8953           327.145       7.692
 116.9953           336.540       7.805
 117.0953           345.654       7.880
 117.1953           360.841       8.087
 117.2953           365.153       8.115
 117.3953           373.898       8.222
 117.4953           347.939       7.930
 117.5953           365.977       8.123
 117.6953           341.643       7.859
 117.7953           349.134       7.949
 117.8953           343.312       7.851
 117.9953           344.002       7.976
 118.0953           355.922       7.907
 118.1953           359.051       8.141
 118.2953           398.424       8.492
 118.3953           392.436       8.462
 118.4953           437.960       8.921
 118.5953           451.654       9.134
 118.6953           480.560       9.500
 118.7953           461.284       9.408
 118.8953           443.505       8.986
 118.9953           442.365       9.009
 119.0953           487.221       9.368
 119.1953           631.385      10.726
 119.2953           729.491      11.487
 119.3953           799.737      12.022
 119.4953           755.668      11.680
 119.5953           679.125      11.092
 119.6953           529.844       9.729
 119.7953           466.300       9.193
 119.8953           394.369       8.425
 119.9953           353.709       7.965
 120.0953           326.623       7.637
 120.1953           340.375       7.976
 120.2953           331.118       7.451
 120.3953           338.499       7.928
 120.4953           329.712       7.695
 120.5953           321.169       7.636
 120.6953           315.385       7.473
 120.7953           331.019       7.738
 120.8953           329.748       7.683
 120.9953           324.844       7.652
 121.0953           312.474       7.482
 121.1953           321.157       7.621
 121.2953           324.791       7.666
 121.3953           320.647       7.598
 121.4953           327.843       7.695
 121.5953           365.386       8.218
 121.6953           385.020       8.229
 121.7953           415.793       8.895
 121.8953           442.261       9.060
 121.9953           480.926       9.544
 122.0953           502.563       9.631
 122.1953           546.449       9.957
 122.2953           502.918       9.599
 122.3953           473.737       9.275
 122.4953           429.377       8.867
 122.5953           367.607       8.163
 122.6953           351.933       8.023
 122.7953           339.741       7.836
 122.8953           329.569       7.708
 122.9953           349.001       7.990
 123.0953           384.165       8.338
 123.1953           377.829       8.249
 123.2953           385.996       8.373
 123.3953           401.477       8.517
 123.4953           364.341       8.108
 123.5953           346.638       7.913
 123.6953           339.215       7.859
 123.7953           335.899       7.797
 123.8953           330.326       7.722
 123.9953           342.857       7.872
 124.0953           347.636       7.942
 124.1953           374.392       8.239
 124.2953           393.778       8.451
 124.3953           383.062       8.347
 124.4953           390.125       8.443
 124.5953           364.923       8.127
 124.6953           350.634       8.029
 124.7953           323.621       7.603
 124.8953           333.189       7.825
 124.9953           336.552       7.893
 125.0953           335.499       7.923
 125.1953           341.016       8.038
 125.2953           356.606       8.128
 125.3953           384.181       8.440
 125.4953           429.978       8.801
 125.5953           485.563       9.379
 125.6953           492.984       9.446
 125.7953           480.627       9.284
 125.8953           454.380       9.055
 125.9953           391.172       8.384
 126.0953           351.561       7.917
 126.1953           346.230       7.891
 126.2953           307.009       7.431
 126.3953           313.880       7.478
 126.4953           326.817       7.695
 126.5953           328.656       7.660
 126.6953           344.989       7.861
 126.7953           385.978       8.307
 126.8953           396.463       8.433
 126.9953           427.427       8.785
 127.0953           473.782       9.183
 127.1953           460.493       9.071
 127.2953           432.055       8.808
 127.3953           394.190       8.458
 127.4953           374.817       8.171
 127.5953           330.415       7.715
 127.6953           334.118       7.741
 127.7953           319.137       7.607
 127.8953           316.193       7.537
 127.9953           327.508       7.726
 128.0953           321.366       7.587
 128.1953           318.931       7.679
 128.2953           315.674       7.702
 128.3953           312.458       7.676
 128.4953           318.810       7.658
 128.5953           320.963       7.642
 128.6953           325.507       7.683
 128.7953           323.308       7.665
 128.8953           343.923       7.867
 128.9953           381.844       8.325
 129.0953           442.530       8.970
 129.1953           481.927       9.290
 129.2953           487.181       9.357
 129.3953           494.759       9.471
 129.4953           464.084       9.124
 129.5953           425.206       8.745
 129.6953           384.637       8.324
 129.7953           363.101       8.107
 129.8953           343.775       7.852
 129.9953           338.826       7.819
 130.0953           325.733       7.635
 130.1953           317.055       7.564
 130.2953           323.388       7.629
 130.3953           321.780       7.603
 130.4953           328.701       7.703
 130.5953           319.802       7.593
 130.6953           335.040       7.762
 130.7953           344.422       7.899
 130.8953           363.894       8.113
 130.9953           386.616       8.355
 131.0953           376.278       8.258
 131.1953           413.976       8.681
 131.2953           404.596       8.545
 131.3953           407.342       8.669
 131.4953           366.071       8.290
 131.5953           346.085       8.112
 131.6953           351.390       8.034
 131.7953           336.588       7.815
 131.8953           319.997       7.595
 131.9953           324.958       7.696
 132.0953           323.550       7.622
 132.1953           332.772       7.779
 132.2953           316.536       7.562
 132.3953           309.435       7.440
 132.4953           309.701       7.476
 132.5953           330.355       7.685
 132.6953           320.444       7.619
 132.7953           339.205       7.780
 132.8953           322.968       7.612
 132.9953           319.292       7.572
 133.0953           339.359       7.798
 133.1953           340.541       7.690
 133.2953           333.920       7.985
 133.3953           339.128       7.692
 133.4953           352.661       7.944
 133.5953           363.805       8.081
 133.6953           359.843       8.034
 133.7953           357.751       8.028
 133.8953           362.435       8.024
 133.9953           377.703       8.270
 134.0953           368.616       8.147
 134.1953           366.821       8.102
 134.2953           357.704       8.049
 134.3953           344.835       7.901
 134.4953           321.371       7.615
 134.5953           330.824       7.800
 134.6953           313.716       7.716
 134.7953           305.369       7.545
 134.8953           299.463       7.424
 134.9953           290.698       7.227
 135.0953           302.944       7.376
 135.1953           303.573       7.404
 135.2953           300.268       7.348
 135.3953           296.137       7.288
 135.4953           309.811       7.475
 135.5953           304.009       7.358
 135.6953           328.383       7.678
 135.7953           335.338       7.726
 135.8953           345.944       7.891
 135.9953           414.335       8.608
 136.0953           495.519       9.413
 136.1953           602.120      10.403
 136.2953           695.973      11.130
 136.3953           765.429      11.708
 136.4953           798.033      11.967
 136.5953           778.988      11.833
 136.6953           719.004      11.304
 136.7953           633.117      10.653
 136.8953           515.913       9.622
 136.9953           422.943       8.668
 137.0953           379.016       8.249
 137.1953           365.587       8.118
 137.2953           398.632       8.455
 137.3953           425.999       8.732
 137.4953           489.553       9.382
 137.5953           529.598       9.771
 137.6953           546.693       9.938
 137.7953           579.075      10.262
 137.8953           562.049      10.277
 137.9953           538.516      10.050
 138.0953           501.344       9.586
 138.1953           434.954       8.818
 138.2953           398.284       8.499
 138.3953           353.077       7.949
 138.4953           333.169       7.725
 138.5953           321.880       7.589
 138.6953           307.292       7.405
 138.7953           295.642       7.243
 138.8953           295.229       7.237
 138.9953           297.313       7.286
 139.0953           307.406       7.389
 139.1953           303.723       7.315
 139.2953           300.840       7.346
 139.3953           294.266       7.199
 139.4953           299.971       7.323
 139.5953           300.780       7.261
 139.6953           315.627       7.511
 139.7953           337.292       7.763
 139.8953           375.185       8.141
 139.9953           396.325       8.391
 140.0953           423.962       8.678
 140.1953           460.610       9.081
 140.2953           478.233       9.193
 140.3953           473.694       9.221
 140.4953           474.116       9.198
 140.5953           464.265       9.110
 140.6953           460.829       9.108
 140.7953           473.931       9.212
 140.8953           487.345       9.358
 140.9953           495.002       9.530
 141.0953           517.200       9.827
 141.1953           517.443       9.837
 141.2953           522.017       9.729
 141.3953           530.875       9.725
 141.4953           470.175       9.189
 141.5953           467.590       9.118
 141.6953           432.157       8.794
 141.7953           393.079       8.388
 141.8953           383.372       8.245
 141.9953           406.535       8.462
 142.0953           462.596       9.074
 142.1953           509.466       9.530
 142.2953           530.035       9.703
 142.3953           620.151      10.435
 142.4953           580.656      10.181
 142.5953           599.292      10.316
 142.6953           579.330      10.120
 142.7953           570.977      10.039
 142.8953           543.663       9.822
 142.9953           507.501       9.490
 143.0953           489.328       9.281
 143.1953           476.550       9.202
 143.2953           486.536       9.285
 143.3953           473.356       9.162
 143.4953           492.094       9.325
 143.5953           485.619       9.282
 143.6953           489.799       9.385
 143.7953           455.834       9.108
 143.8953           419.966       8.351
 143.9953           425.735       8.875
 144.0953           369.518       8.096
 144.1953           360.292       8.109
 144.2953           323.594       7.724
 144.3953           320.402       7.753
 144.4953           306.162       7.476
 144.5953           298.672       7.317
 144.6953           302.930       7.354
 144.7953           296.974       7.291
 144.8953           286.086       7.132
 144.9953           302.455       7.340
 145.0953           282.373       7.079
 145.1953           279.173       7.059
 145.2953           301.052       7.280
 145.3953           300.463       7.311
 145.4953           310.909       7.430
 145.5953           295.711       6.685
 145.6953           381.822      10.020
 145.7953           324.075       7.020
 145.8953           337.902       7.728
 145.9953           351.270       7.874
 146.0953           361.916       8.009
 146.1953           369.833       8.105
 146.2953           370.462       8.105
 146.3953           407.918       8.438
 146.4953           388.758       8.351
 146.5953           399.451       8.404
 146.6953           392.364       8.333
 146.7953           408.943       8.555
 146.8953           397.904       8.411
 146.9953           395.299       8.397
 147.0953           386.377       8.302
 147.1953           357.787       7.990
 147.2953           346.890       7.872
 147.3953           332.173       7.754
 147.4953           325.605       7.806
 147.5953           313.257       7.622
 147.6953           297.066       7.365
 147.7953           301.763       7.334
 147.8953           288.028       7.205
 147.9953           291.398       7.185
 148.0953           288.774       7.199
 148.1953           288.496       7.137
 148.2953           299.516       7.338
 148.3953           287.828       7.140
 148.4953           281.980       7.172
 148.5953           288.993       6.940
 148.6953           291.951       7.333
 148.7953           288.102       7.346
 148.8953           313.748       7.062
 148.9953           318.332       7.526
 149.0953           333.014       7.832
 149.1953           322.799       7.398
 149.2953           330.998       7.588
 149.3953           338.458       7.718
 149.4953           331.994       7.569
 149.5953           356.963       7.808
 149.6953           323.975       7.712
 149.7953           324.370       7.564
 149.8953           314.543       7.216
 149.9953           317.725       7.882
 150.0953           318.601       7.035
 150.1953           303.527       8.086
 150.2953           309.173       7.038
 150.3953           320.704       7.610
 150.4953           287.142       7.156
 150.5953           313.943       7.520
 150.6953           336.405       7.166
 150.7953             0.000       0.000
 150.8953             0.000       0.000
