XYDATA  Co2SiO4 8mmV 1.87A HiRes FullBeam 500K CF ROC 
INTER        1       1       0     0.100000
TEMP       264.227      271.874      271.909
! d20 23-Apr-08 09:22:09 User Sazono   L.C.Hansen  Run 594842*d20_2008_04_5880
! d20 23-Apr-08 09:22:09 User Sazono   L.C.Hansen  Run 594842*d20_2008_04_5880
! Monitor/counts, Counting time/sec:       100000.      62.5111
   0.0953          4126.281      28.108
   0.1953          4323.235      29.241
   0.2953          4299.996      29.427
   0.3953          4149.220      28.721
   0.4953          3851.456      27.469
   0.5953          3471.582      25.870
   0.6953          3105.209      24.398
   0.7953          2642.515      22.567
   0.8953          2305.374      21.009
   0.9953          1956.640      19.404
   1.0953          1660.867      17.822
   1.1953          1306.110      15.773
   1.2953          1089.162      14.430
   1.3953           752.039      11.979
   1.4953           555.921      10.293
   1.5953           431.173       9.042
   1.6953           379.817       8.531
   1.7953           347.899       8.159
   1.8953           346.035       8.107
   1.9953           315.558       7.745
   2.0953           305.827       7.646
   2.1953           304.628       7.625
   2.2953           287.922       7.390
   2.3953           265.146       7.104
   2.4953           277.926       7.304
   2.5953           271.039       7.140
   2.6953           261.444       7.105
   2.7953           252.924       6.935
   2.8953           252.851       6.962
   2.9953           249.091       6.903
   3.0953           249.625       6.923
   3.1953           242.194       6.815
   3.2953           227.610       6.598
   3.3953           226.291       6.638
   3.4953           248.836       7.058
   3.5953           238.642       6.909
   3.6953           242.387       6.881
   3.7953           241.664       6.827
   3.8953           246.581       6.879
   3.9953           279.943       7.334
   4.0953           305.777       7.623
   4.1953           352.154       8.255
   4.2953           396.166       8.676
   4.3953           440.475       9.151
   4.4953           480.174       9.550
   4.5953           547.572      10.253
   4.6953           581.804      10.482
   4.7953           652.591      11.138
   4.8953           683.312      11.403
   4.9953           694.975      11.532
   5.0953           685.813      11.402
   5.1953           695.523      11.479
   5.2953           683.147      11.432
   5.3953           703.599      11.566
   5.4953           691.476      11.441
   5.5953           718.855      11.703
   5.6953           711.907      11.660
   5.7953           709.799      11.650
   5.8953           688.639      11.402
   5.9953           678.927      11.427
   6.0953           680.442      11.409
   6.1953           694.962      11.562
   6.2953           688.946      11.479
   6.3953           677.746      11.381
   6.4953           678.796      11.457
   6.5953           662.362      11.288
   6.6953           675.448      11.615
   6.7953           640.166      11.317
   6.8953           666.834      11.401
   6.9953           670.722      11.311
   7.0953           651.336      11.159
   7.1953           648.953      11.172
   7.2953           637.531      10.994
   7.3953           625.910      10.964
   7.4953           617.039      10.842
   7.5953           639.761      11.014
   7.6953           592.254      10.603
   7.7953           640.054      11.030
   7.8953           634.388      10.967
   7.9953           602.204      10.639
   8.0953           608.949      10.785
   8.1953           625.701      10.884
   8.2953           587.050      10.537
   8.3953           616.636      10.808
   8.4953           615.488      10.811
   8.5953           601.797      10.662
   8.6953           600.510      10.651
   8.7953           600.439      10.649
   8.8953           581.832      10.498
   8.9953           575.914      10.444
   9.0953           578.869      10.459
   9.1953           572.940      10.448
   9.2953           578.904      10.501
   9.3953           565.498      10.325
   9.4953           570.634      10.448
   9.5953           575.089      10.456
   9.6953           564.558      10.380
   9.7953           566.912      10.500
   9.8953           553.299      10.503
   9.9953           564.588      10.596
  10.0953           569.036      10.477
  10.1953           544.497      10.176
  10.2953           565.839      10.390
  10.3953           557.374      10.283
  10.4953           554.550      10.248
  10.5953           557.883      10.259
  10.6953           552.492      10.247
  10.7953           550.940      10.154
  10.8953           550.358      10.167
  10.9953           547.012      10.133
  11.0953           526.614       9.866
  11.1953           539.372      10.042
  11.2953           522.412      10.471
  11.3953           532.113       9.799
  11.4953           522.101       9.851
  11.5953           539.183      10.030
  11.6953           527.379       9.986
  11.7953           521.982       9.900
  11.8953           528.592       9.977
  11.9953           524.251       9.931
  12.0953           531.256      10.027
  12.1953           525.794       9.949
  12.2953           516.758       9.840
  12.3953           529.703      10.054
  12.4953           525.428       9.972
  12.5953           491.309       9.630
  12.6953           515.620       9.881
  12.7953           508.703       9.878
  12.8953           535.700      10.022
  12.9953           507.264       9.867
  13.0953           516.258      10.264
  13.1953           522.899       9.871
  13.2953           503.406      10.024
  13.3953           525.598       9.994
  13.4953           502.857       9.804
  13.5953           493.379       9.639
  13.6953           519.818       9.962
  13.7953           517.953       9.864
  13.8953           516.481       9.929
  13.9953           498.311       9.642
  14.0953           512.780       9.900
  14.1953           510.782       9.698
  14.2953           506.773       9.837
  14.3953           510.068       9.771
  14.4953           502.918       9.727
  14.5953           507.683       9.844
  14.6953           512.466       9.790
  14.7953           518.365       9.856
  14.8953           525.510       9.933
  14.9953           514.004       9.872
  15.0953           496.914       9.823
  15.1953           497.194       9.371
  15.2953           505.237       9.937
  15.3953           484.266       9.545
  15.4953           505.372       9.739
  15.5953           506.655       9.789
  15.6953           491.171       9.666
  15.7953           501.939       9.707
  15.8953           495.617       9.746
  15.9953           503.423       9.763
  16.0953           504.133       9.828
  16.1953           499.180       9.777
  16.2953           502.827       9.971
  16.3953           507.502      10.062
  16.4953           495.459       9.777
  16.5953           499.044       9.724
  16.6953           501.103       9.794
  16.7953           482.609       9.576
  16.8953           480.070       9.559
  16.9953           491.421       9.638
  17.0953           505.923       9.802
  17.1953           479.264       9.526
  17.2953           482.597       9.531
  17.3953           488.545       9.624
  17.4953           467.532       9.405
  17.5953           492.006       9.585
  17.6953           495.437       9.698
  17.7953           488.929       9.613
  17.8953           491.994       9.603
  17.9953           472.020       9.418
  18.0953           485.150       9.581
  18.1953           489.204       9.601
  18.2953           491.533       9.629
  18.3953           494.425       9.636
  18.4953           475.377       9.496
  18.5953           492.905       9.610
  18.6953           484.389       9.551
  18.7953           488.361       9.624
  18.8953           482.778       9.560
  18.9953           491.958       9.620
  19.0953           486.077       9.613
  19.1953           495.520       9.703
  19.2953           483.601       9.599
  19.3953           457.353       9.334
  19.4953           474.096       9.728
  19.5953           473.290       9.637
  19.6953           473.392       9.504
  19.7953           460.382       9.362
  19.8953           488.592       9.623
  19.9953           469.311       9.420
  20.0953           470.824       9.426
  20.1953           488.316       9.438
  20.2953           483.079       9.913
  20.3953           497.822       9.613
  20.4953           500.102       9.465
  20.5953           482.850       9.663
  20.6953           522.708       9.873
  20.7953           508.253       9.767
  20.8953           517.468       9.848
  20.9953           537.504      10.084
  21.0953           537.253      10.015
  21.1953           544.694      10.115
  21.2953           550.447      10.155
  21.3953           522.628       9.919
  21.4953           510.321       9.794
  21.5953           480.702       9.491
  21.6953           484.354       9.582
  21.7953           492.391       9.574
  21.8953           475.816       9.480
  21.9953           491.252       9.599
  22.0953           485.699       9.573
  22.1953           484.854       9.596
  22.2953           472.767       9.446
  22.3953           481.553       9.570
  22.4953           473.868       9.493
  22.5953           474.290       9.520
  22.6953           453.342       9.476
  22.7953           493.758       9.861
  22.8953           459.968       9.368
  22.9953           476.466       9.463
  23.0953           455.632       9.283
  23.1953           458.053       9.302
  23.2953           461.954       9.301
  23.3953           459.480       9.292
  23.4953           464.617       9.377
  23.5953           474.368       9.368
  23.6953           453.975       9.221
  23.7953           461.434       9.288
  23.8953           450.767       9.178
  23.9953           454.154       9.185
  24.0953           455.887       9.242
  24.1953           454.014       9.220
  24.2953           464.983       9.279
  24.3953           461.707       9.288
  24.4953           458.802       9.233
  24.5953           467.919       9.394
  24.6953           465.025       9.280
  24.7953           482.847       9.462
  24.8953           506.686       9.762
  24.9953           518.259       9.812
  25.0953           530.443       9.948
  25.1953           547.136      10.118
  25.2953           531.345       9.983
  25.3953           526.385       9.926
  25.4953           477.237       9.469
  25.5953           476.718       9.472
  25.6953           458.317       9.273
  25.7953           463.253       9.417
  25.8953           444.588       9.323
  25.9953           448.199       9.380
  26.0953           468.797       9.429
  26.1953           460.789       9.307
  26.2953           457.012       9.244
  26.3953           455.994       9.285
  26.4953           482.742       9.484
  26.5953           499.353       9.637
  26.6953           487.276       9.569
  26.7953           506.246       9.718
  26.8953           503.291       9.697
  26.9953           510.910       9.727
  27.0953           515.143       9.827
  27.1953           516.885       9.800
  27.2953           518.402       9.832
  27.3953           540.983      10.051
  27.4953           563.510      10.241
  27.5953           638.659      10.899
  27.6953           719.813      11.619
  27.7953           834.290      12.451
  27.8953           937.000      13.243
  27.9953           917.072      13.007
  28.0953           805.554      12.300
  28.1953           692.308      11.381
  28.2953           570.391      10.284
  28.3953           506.389       9.758
  28.4953           459.685       9.255
  28.5953           459.345       9.274
  28.6953           470.264       9.413
  28.7953           488.880       9.604
  28.8953           519.874       9.914
  28.9953           545.018      10.131
  29.0953           572.628      10.573
  29.1953           598.406      10.786
  29.2953           599.855      10.737
  29.3953           551.192      10.206
  29.4953           496.456       9.682
  29.5953           476.089       9.445
  29.6953           465.350       9.326
  29.7953           461.354       9.321
  29.8953           461.024       9.320
  29.9953           468.497       9.346
  30.0953           466.571       9.356
  30.1953           459.571       9.281
  30.2953           454.647       9.232
  30.3953           463.526       9.284
  30.4953           458.088       9.287
  30.5953           465.669       9.347
  30.6953           465.216       9.327
  30.7953           486.710       9.523
  30.8953           486.963       9.543
  30.9953           490.655       9.613
  31.0953           531.805       9.946
  31.1953           522.522       9.887
  31.2953           521.463       9.908
  31.3953           507.999       9.742
  31.4953           481.769       9.501
  31.5953           435.434       9.034
  31.6953           450.527       9.231
  31.7953           447.649       9.157
  31.8953           461.346       9.334
  31.9953           450.748       9.195
  32.0953           420.507       8.921
  32.1953           439.574       9.166
  32.2953           430.452       9.198
  32.3953           449.409       9.348
  32.4953           427.729       9.005
  32.5953           417.970       8.855
  32.6953           420.925       8.890
  32.7953           438.326       9.036
  32.8953           422.088       8.906
  32.9953           426.909       8.894
  33.0953           418.913       8.879
  33.1953           422.787       8.847
  33.2953           427.697       8.943
  33.3953           427.166       8.886
  33.4953           435.795       9.007
  33.5953           437.040       8.991
  33.6953           421.470       8.834
  33.7953           425.326       8.931
  33.8953           416.953       8.763
  33.9953           428.883       8.914
  34.0953           419.650       8.833
  34.1953           428.993       8.932
  34.2953           444.415       9.104
  34.3953           433.628       8.889
  34.4953           449.623       9.211
  34.5953           457.185       9.164
  34.6953           451.891       9.209
  34.7953           452.536       9.180
  34.8953           464.762       9.297
  34.9953           453.869       9.181
  35.0953           448.779       9.182
  35.1953           456.782       9.240
  35.2953           453.802       9.242
  35.3953           447.194       9.249
  35.4953           460.914       9.468
  35.5953           465.358       9.521
  35.6953           463.263       9.396
  35.7953           453.567       9.207
  35.8953           461.668       9.314
  35.9953           484.518       9.493
  36.0953           492.233       9.596
  36.1953           517.044       9.805
  36.2953           525.457       9.939
  36.3953           546.450      10.071
  36.4953           560.515      10.242
  36.5953           520.507       9.797
  36.6953           538.064      10.021
  36.7953           474.883       9.366
  36.8953           461.877       9.273
  36.9953           454.514       9.198
  37.0953           447.029       9.104
  37.1953           430.598       8.909
  37.2953           432.609       8.989
  37.3953           441.324       9.041
  37.4953           441.185       9.028
  37.5953           440.987       9.068
  37.6953           435.592       8.991
  37.7953           456.761       9.228
  37.8953           443.747       9.060
  37.9953           448.141       9.138
  38.0953           440.112       9.061
  38.1953           450.598       9.179
  38.2953           440.741       9.046
  38.3953           455.514       9.252
  38.4953           461.847       9.263
  38.5953           460.822       9.373
  38.6953           456.017       9.427
  38.7953           458.450       9.463
  38.8953           468.595       9.425
  38.9953           478.029       9.506
  39.0953           534.425      10.016
  39.1953           584.785      10.431
  39.2953           628.293      10.841
  39.3953           682.999      11.270
  39.4953           636.388      10.916
  39.5953           592.044      10.474
  39.6953           544.931      10.076
  39.7953           467.838       9.310
  39.8953           449.914       9.159
  39.9953           463.206       9.249
  40.0953           481.512       9.456
  40.1953           471.596       9.398
  40.2953           462.675       9.248
  40.3953           461.945       9.248
  40.4953           445.375       9.120
  40.5953           477.553       9.424
  40.6953           470.332       9.340
  40.7953           459.218       9.253
  40.8953           449.071       9.157
  40.9953           462.924       9.275
  41.0953           455.244       9.179
  41.1953           445.306       9.149
  41.2953           458.326       9.243
  41.3953           465.935       9.322
  41.4953           450.520       9.212
  41.5953           459.252       9.269
  41.6953           481.062       9.491
  41.7953           471.660       9.508
  41.8953           485.864       9.901
  41.9953           501.249       9.600
  42.0953           519.359      10.104
  42.1953           615.225      10.732
  42.2953           711.565      11.640
  42.3953           846.551      12.579
  42.4953           952.082      13.395
  42.5953           943.819      13.207
  42.6953           842.093      12.625
  42.7953           751.229      11.838
  42.8953           655.403      11.022
  42.9953           569.971      10.358
  43.0953           526.968       9.887
  43.1953           511.843       9.746
  43.2953           498.016       9.667
  43.3953           572.753      10.295
  43.4953           614.898      10.712
  43.5953           657.234      11.060
  43.6953           634.676      10.837
  43.7953           567.538      10.280
  43.8953           514.389       9.804
  43.9953           485.346       9.475
  44.0953           464.824       9.295
  44.1953           470.230       9.408
  44.2953           500.570       9.633
  44.3953           529.908       9.977
  44.4953           599.152      10.573
  44.5953           725.219      11.586
  44.6953           784.662      12.179
  44.7953           779.491      12.099
  44.8953           712.221      11.572
  44.9953           603.444      10.718
  45.0953           499.825       9.900
  45.1953           462.707       9.479
  45.2953           456.258       9.273
  45.3953           438.345       9.052
  45.4953           461.672       9.259
  45.5953           455.763       9.227
  45.6953           464.789       9.283
  45.7953           492.826       9.550
  45.8953           546.554      10.090
  45.9953           630.019      10.778
  46.0953           774.747      11.946
  46.1953           914.886      13.005
  46.2953           925.574      13.088
  46.3953           820.477      12.286
  46.4953           650.130      10.961
  46.5953           547.967      10.057
  46.6953           477.477       9.382
  46.7953           472.005       9.347
  46.8953           474.170       9.346
  46.9953           443.117       9.015
  47.0953           477.945       9.406
  47.1953           481.470       9.428
  47.2953           535.290       9.950
  47.3953           570.153      10.253
  47.4953           625.728      10.766
  47.5953           630.551      10.766
  47.6953           612.779      10.677
  47.7953           522.393       9.829
  47.8953           504.925       9.689
  47.9953           502.518       9.693
  48.0953           550.061      10.087
  48.1953           678.335      11.371
  48.2953           973.656      13.742
  48.3953          1397.074      16.515
  48.4953          2278.413      20.686
  48.5953          3065.165      23.959
  48.6953          3512.719      25.565
  48.7953          3458.389      25.453
  48.8953          2975.088      23.457
  48.9953          2283.326      20.585
  49.0953          1591.690      17.266
  49.1953           987.513      13.483
  49.2953           652.720      10.988
  49.3953           539.375      10.000
  49.4953           469.574       9.319
  49.5953           477.003       9.389
  49.6953           478.698       9.381
  49.7953           467.203       9.342
  49.8953           459.378       9.171
  49.9953           479.573       9.398
  50.0953           471.082       9.358
  50.1953           464.875       9.275
  50.2953           455.309       9.172
  50.3953           469.539       9.320
  50.4953           449.542       9.118
  50.5953           475.266       9.402
  50.6953           478.386       9.398
  50.7953           486.724       9.516
  50.8953           563.076      10.226
  50.9953           648.308      10.982
  51.0953           774.946      12.021
  51.1953           855.637      12.636
  51.2953           842.312      12.547
  51.3953           694.648      11.388
  51.4953           571.087      10.577
  51.5953           484.615       9.681
  51.6953           454.456       9.271
  51.7953           458.212       9.244
  51.8953           477.264       9.411
  51.9953           493.435       9.546
  52.0953           498.287       9.627
  52.1953           502.284       9.654
  52.2953           513.960       9.704
  52.3953           524.468       9.857
  52.4953           521.102       9.785
  52.5953           526.663       9.834
  52.6953           494.420       9.543
  52.7953           477.196       9.360
  52.8953           457.739       9.199
  52.9953           448.392       9.052
  53.0953           436.573       8.977
  53.1953           435.522       8.935
  53.2953           436.268       8.960
  53.3953           446.139       9.062
  53.4953           444.116       9.054
  53.5953           457.912       9.151
  53.6953           445.811       9.074
  53.7953           444.116       9.054
  53.8953           435.172       8.916
  53.9953           432.656       8.959
  54.0953           457.939       9.203
  54.1953           455.894       9.168
  54.2953           465.431       9.281
  54.3953           496.728       9.624
  54.4953           524.507       9.856
  54.5953           577.512      10.418
  54.6953           609.965      10.870
  54.7953           566.310      10.498
  54.8953           542.487      10.072
  54.9953           526.541       9.926
  55.0953           474.187       9.361
  55.1953           475.435       9.402
  55.2953           481.636       9.408
  55.3953           473.952       9.365
  55.4953           455.985       9.180
  55.5953           461.679       9.197
  55.6953           467.865       9.316
  55.7953           443.637       9.048
  55.8953           449.478       9.090
  55.9953           455.070       9.144
  56.0953           446.251       9.058
  56.1953           444.476       9.050
  56.2953           449.451       9.093
  56.3953           433.130       8.903
  56.4953           448.472       9.115
  56.5953           445.682       9.071
  56.6953           461.167       9.199
  56.7953           452.672       9.127
  56.8953           464.899       9.272
  56.9953           468.298       9.254
  57.0953           460.547       9.233
  57.1953           471.566       9.324
  57.2953           457.813       9.223
  57.3953           453.507       9.177
  57.4953           447.952       9.057
  57.5953           450.763       9.188
  57.6953           436.886       9.018
  57.7953           461.160       9.290
  57.8953           430.055       9.190
  57.9953           442.075       9.196
  58.0953           439.952       9.099
  58.1953           451.558       9.168
  58.2953           439.001       9.012
  58.3953           415.732       8.806
  58.4953           447.694       9.063
  58.5953           443.690       9.072
  58.6953           431.592       8.901
  58.7953           431.136       8.909
  58.8953           425.656       8.854
  58.9953           442.459       9.070
  59.0953           428.372       8.751
  59.1953           433.579       8.979
  59.2953           445.679       9.062
  59.3953           465.381       9.243
  59.4953           461.919       9.196
  59.5953           454.768       9.128
  59.6953           447.019       9.059
  59.7953           448.156       9.125
  59.8953           450.115       9.020
  59.9953           451.253       9.135
  60.0953           455.922       9.179
  60.1953           463.854       9.213
  60.2953           433.108       8.897
  60.3953           442.329       9.052
  60.4953           430.294       8.876
  60.5953           447.070       9.071
  60.6953           450.646       9.127
  60.7953           472.798       9.350
  60.8953           513.843       9.788
  60.9953           537.903      10.058
  61.0953           534.284      10.128
  61.1953           517.300       9.996
  61.2953           485.646       9.499
  61.3953           471.157       9.319
  61.4953           438.601       8.957
  61.5953           439.750       8.999
  61.6953           443.592       9.006
  61.7953           448.220       9.054
  61.8953           444.972       9.057
  61.9953           469.811       9.240
  62.0953           453.801       9.065
  62.1953           479.569       9.409
  62.2953           466.381       9.187
  62.3953           447.610       9.025
  62.4953           503.578       9.561
  62.5953           507.439       9.669
  62.6953           482.723       9.337
  62.7953           458.120       9.133
  62.8953           456.899       9.114
  62.9953           437.475       8.922
  63.0953           436.816       8.900
  63.1953           426.395       8.792
  63.2953           437.657       8.990
  63.3953           435.275       8.867
  63.4953           439.275       8.924
  63.5953           425.722       8.840
  63.6953           432.892       8.902
  63.7953           446.299       8.991
  63.8953           454.522       9.147
  63.9953           475.743       9.316
  64.0953           651.427      10.946
  64.1953           985.484      13.511
  64.2953          1551.741      16.966
  64.3953          2076.560      20.385
  64.4953          2239.131      20.140
  64.5953          2051.752      19.605
  64.6953           756.048      11.278
  64.7953           898.902      12.373
  64.8953           640.326      11.901
  64.9953           594.592      12.117
  65.0953           605.294      10.761
  65.1953           661.020      10.136
  65.2953           729.004      11.440
  65.3953           686.050      11.151
  65.4953           579.976      10.299
  65.5953           485.514       9.359
  65.6953           442.741       9.028
  65.7953           453.981       9.101
  65.8953           453.943       9.084
  65.9953           448.703       9.054
  66.0953           450.880       9.104
  66.1953           441.527       8.972
  66.2953           449.190       9.055
  66.3953           439.635       8.954
  66.4953           462.909       9.269
  66.5953           431.683       8.841
  66.6953           444.839       9.037
  66.7953           431.879       8.930
  66.8953           454.301       9.158
  66.9953           440.567       8.971
  67.0953           441.866       9.042
  67.1953           433.860       8.931
  67.2953           449.888       9.153
  67.3953           467.262       9.332
  67.4953           537.237      10.186
  67.5953           615.255      10.853
  67.6953           680.848      11.231
  67.7953           649.089      10.930
  67.8953           562.205      10.152
  67.9953           488.716       9.462
  68.0953           445.995       8.992
  68.1953           436.474       8.909
  68.2953           439.179       8.968
  68.3953           427.887       8.789
  68.4953           433.457       8.868
  68.5953           440.526       8.931
  68.6953           444.910       8.981
  68.7953           471.957       9.236
  68.8953           526.117       9.723
  68.9953           669.089      11.049
  69.0953           826.757      12.148
  69.1953           858.630      12.470
  69.2953           746.083      11.638
  69.3953           589.805      10.363
  69.4953           483.984       9.301
  69.5953           472.671       9.263
  69.6953           456.117       9.086
  69.7953           426.361       8.786
  69.8953           431.002       8.809
  69.9953           428.060       8.834
  70.0953           456.599       9.132
  70.1953           491.480       9.432
  70.2953           531.595       9.866
  70.3953           543.360       9.967
  70.4953           522.772       9.748
  70.5953           493.077       9.566
  70.6953           506.839       9.831
  70.7953           533.203      10.044
  70.8953           521.746       9.806
  70.9953           506.849       9.625
  71.0953           471.801       9.310
  71.1953           436.154       8.883
  71.2953           433.041       8.880
  71.3953           454.370       9.078
  71.4953           431.355       8.844
  71.5953           444.643       8.974
  71.6953           431.406       8.821
  71.7953           426.604       8.776
  71.8953           444.487       8.985
  71.9953           424.108       8.751
  72.0953           413.954       8.673
  72.1953           407.375       8.571
  72.2953           439.496       8.906
  72.3953           444.864       8.951
  72.4953           530.077       9.781
  72.5953           613.663      10.593
  72.6953           715.697      11.309
  72.7953           685.445      11.087
  72.8953           649.325      10.813
  72.9953           550.731       9.891
  73.0953           524.724       9.724
  73.1953           448.415       8.854
  73.2953           421.427       8.511
  73.3953           437.460       7.674
  73.4953           495.226      18.023
  73.5953           499.538       9.119
  73.6953           592.789       9.638
  73.7953           628.088       9.817
  73.8953           562.245      13.693
  73.9953           507.786       9.311
  74.0953           447.074       9.047
  74.1953           446.836       9.004
  74.2953           442.975       8.975
  74.3953           428.010       8.839
  74.4953           429.905       8.810
  74.5953           428.828       8.880
  74.6953           432.590       8.875
  74.7953           447.610       9.032
  74.8953           446.632       8.970
  74.9953           418.349       8.748
  75.0953           442.682       8.982
  75.1953           415.513       8.670
  75.2953           423.880       8.776
  75.3953           414.466       8.699
  75.4953           423.562       8.750
  75.5953           429.035       8.817
  75.6953           447.039       9.019
  75.7953           466.399       9.200
  75.8953           485.411       9.391
  75.9953           511.882       9.658
  76.0953           549.235       9.975
  76.1953           601.245      10.489
  76.2953           703.865      11.259
  76.3953           793.556      12.062
  76.4953           881.466      12.657
  76.5953           827.106      12.262
  76.6953           671.383      11.105
  76.7953           602.334      10.508
  76.8953           672.341      11.116
  76.9953           987.178      13.545
  77.0953          1504.805      16.977
  77.1953          2007.649      19.632
  77.2953          1948.355      19.070
  77.3953          1381.906      15.970
  77.4953           913.374      12.956
  77.5953           941.350      13.219
  77.6953          1467.132      16.312
  77.7953          2212.224      20.142
  77.8953          2421.396      21.104
  77.9953          1823.265      18.256
  78.0953          1018.866      13.618
  78.1953           593.725      10.447
  78.2953           449.570       9.057
  78.3953           440.438       8.968
  78.4953           443.630       9.001
  78.5953           444.138       9.023
  78.6953           449.779       9.063
  78.7953           466.377       9.228
  78.8953           488.747       9.480
  78.9953           570.810      10.224
  79.0953           576.686      10.275
  79.1953           549.467      10.012
  79.2953           477.111       9.371
  79.3953           451.541       9.080
  79.4953           423.294       8.752
  79.5953           415.896       8.766
  79.6953           426.076       8.846
  79.7953           410.836       8.673
  79.8953           408.444       8.696
  79.9953           434.841       8.957
  80.0953           421.164       8.828
  80.1953           418.823       8.855
  80.2953           422.021       9.049
  80.3953           407.806       8.795
  80.4953           412.666       8.788
  80.5953           411.217       8.692
  80.6953           425.837       8.881
  80.7953           437.461       8.948
  80.8953           461.410       9.212
  80.9953           481.984       9.359
  81.0953           500.176       9.576
  81.1953           470.265       9.251
  81.2953           444.657       9.024
  81.3953           426.724       8.786
  81.4953           438.609       8.946
  81.5953           455.604       9.108
  81.6953           453.899       9.087
  81.7953           442.980       8.999
  81.8953           467.671       9.200
  81.9953           454.941       9.081
  82.0953           464.905       9.208
  82.1953           474.528       9.324
  82.2953           487.586       9.385
  82.3953           466.498       9.207
  82.4953           478.318       9.354
  82.5953           463.185       9.180
  82.6953           456.359       9.071
  82.7953           447.630       9.092
  82.8953           415.887       8.712
  82.9953           432.364       8.878
  83.0953           427.583       8.856
  83.1953           474.512       9.342
  83.2953           579.061      10.319
  83.3953           781.277      12.034
  83.4953           874.337      12.963
  83.5953           791.318      12.285
  83.6953           623.734      10.796
  83.7953           524.778       9.806
  83.8953           479.496       9.415
  83.9953           484.446       9.432
  84.0953           493.410       9.510
  84.1953           573.367      10.231
  84.2953           605.838      10.541
  84.3953           595.714      10.370
  84.4953           493.356       9.509
  84.5953           442.120       8.976
  84.6953           421.927       8.754
  84.7953           427.954       8.817
  84.8953           423.535       8.899
  84.9953           436.343       8.713
  85.0953           447.106       9.113
  85.1953           437.803       8.905
  85.2953           405.195       8.588
  85.3953           423.814       8.807
  85.4953           416.301       8.694
  85.5953           412.037       8.633
  85.6953           440.735       8.970
  85.7953           441.273       8.961
  85.8953           411.495       8.642
  85.9953           448.042       9.098
  86.0953           439.048       8.905
  86.1953           448.739       9.094
  86.2953           451.239       9.056
  86.3953           442.998       9.024
  86.4953           421.044       8.857
  86.5953           423.424       8.816
  86.6953           441.038       9.194
  86.7953           565.516      10.426
  86.8953           976.915      13.484
  86.9953          1739.624      17.875
  87.0953          2685.179      22.205
  87.1953          3017.950      23.515
  87.2953          2588.052      21.697
  87.3953          1804.914      18.172
  87.4953          1125.161      14.353
  87.5953           645.535      10.813
  87.6953           490.875       9.438
  87.7953           423.632       8.795
  87.8953           431.003       8.853
  87.9953           422.053       8.729
  88.0953           423.258       8.784
  88.1953           425.319       8.806
  88.2953           431.656       8.830
  88.3953           428.511       8.811
  88.4953           423.744       8.790
  88.5953           420.017       8.737
  88.6953           411.496       8.637
  88.7953           417.448       8.735
  88.8953           396.749       8.468
  88.9953           421.503       8.783
  89.0953           414.723       8.661
  89.1953           418.588       8.772
  89.2953           406.235       8.581
  89.3953           421.891       8.780
  89.4953           414.101       8.724
  89.5953           399.010       8.509
  89.6953           411.648       8.721
  89.7953           442.802       9.033
  89.8953           511.229       9.875
  89.9953           678.391      11.389
  90.0953           805.478      12.230
  90.1953           780.884      11.992
  90.2953           634.234      10.789
  90.3953           492.739       9.472
  90.4953           425.143       8.746
  90.5953           406.102       8.605
  90.6953           402.015       8.538
  90.7953           390.406       8.422
  90.8953           389.198       8.390
  90.9953           408.825       8.609
  91.0953           390.005       8.437
  91.1953           401.610       8.495
  91.2953           422.669       8.773
  91.3953           407.981       8.574
  91.4953           457.714       9.129
  91.5953           573.166      10.188
  91.6953           725.774      11.478
  91.7953           906.700      12.863
  91.8953           900.360      12.689
  91.9953           669.038      11.059
  92.0953           518.843       9.678
  92.1953           447.427       9.028
  92.2953           457.579       9.099
  92.3953           462.460       9.198
  92.4953           465.247       9.217
  92.5953           428.431       8.827
  92.6953           415.882       8.704
  92.7953           407.517       8.669
  92.8953           416.805       8.727
  92.9953           417.685       8.825
  93.0953           433.379       9.110
  93.1953           468.269       9.466
  93.2953           457.865       9.294
  93.3953           438.511       9.002
  93.4953           426.337       8.870
  93.5953           403.257       8.619
  93.6953           404.403       8.632
  93.7953           395.106       8.519
  93.8953           398.173       8.565
  93.9953           386.188       8.429
  94.0953           386.328       8.383
  94.1953           381.101       8.362
  94.2953           402.806       8.600
  94.3953           413.578       8.679
  94.4953           466.849       9.249
  94.5953           544.441       9.987
  94.6953           615.656      10.621
  94.7953           665.337      11.017
  94.8953           633.172      10.780
  94.9953           518.927       9.789
  95.0953           470.075       9.221
  95.1953           557.600      10.175
  95.2953           775.408      11.900
  95.3953           932.440      13.073
  95.4953           917.349      12.964
  95.5953           743.389      11.696
  95.6953           657.392      11.002
  95.7953           683.770      11.217
  95.8953           687.075      11.172
  95.9953           699.238      11.509
  96.0953           620.497      10.623
  96.1953           576.467      10.413
  96.2953           515.730       9.958
  96.3953           504.535       9.814
  96.4953           594.578      10.580
  96.5953           870.469      12.681
  96.6953          1269.871      15.347
  96.7953          1386.291      16.051
  96.8953          1146.302      14.487
  96.9953           755.744      11.809
  97.0953           611.470      10.625
  97.1953           692.362      11.218
  97.2953           676.944      11.167
  97.3953           655.468      10.978
  97.4953           654.597      10.965
  97.5953           668.954      11.057
  97.6953           616.197      10.630
  97.7953           517.858       9.740
  97.8953           439.426       8.960
  97.9953           428.851       8.847
  98.0953           447.501       9.059
  98.1953           492.245       9.519
  98.2953           545.980       9.948
  98.3953           616.199      10.659
  98.4953           627.622      10.762
  98.5953           595.207      10.393
  98.6953           524.886       9.799
  98.7953           532.438       9.916
  98.8953           574.972      10.297
  98.9953           569.397      10.212
  99.0953           512.984       9.745
  99.1953           452.378       9.104
  99.2953           435.255       9.017
  99.3953           437.778       9.027
  99.4953           418.836       9.004
  99.5953           409.493       8.844
  99.6953           400.233       8.654
  99.7953           406.888       8.624
  99.8953           400.438       8.571
  99.9953           398.454       8.548
 100.0953           407.314       8.620
 100.1953           437.113       8.923
 100.2953           490.637       9.476
 100.3953           510.951       9.617
 100.4953           514.279       9.676
 100.5953           448.686       9.028
 100.6953           409.939       8.631
 100.7953           400.167       8.510
 100.8953           410.932       8.640
 100.9953           415.227       8.671
 101.0953           425.576       8.790
 101.1953           395.151       8.454
 101.2953           405.837       8.588
 101.3953           394.435       8.461
 101.4953           399.225       8.510
 101.5953           380.367       8.338
 101.6953           384.441       8.350
 101.7953           382.366       8.320
 101.8953           402.212       8.575
 101.9953           396.175       8.489
 102.0953           372.476       8.245
 102.1953           371.817       8.218
 102.2953           395.976       8.522
 102.3953           403.626       8.596
 102.4953           379.635       8.304
 102.5953           446.180       9.111
 102.6953           485.156       9.613
 102.8953           856.300      12.678
 102.9953           901.311      12.888
 103.0953           746.124      11.726
 103.1953           525.194       9.841
 103.2953           451.406       9.079
 103.3953           420.683       8.789
 103.4953           419.232       8.757
 103.5953           407.722       8.596
 103.6953           396.063       8.498
 103.7953           416.194       8.718
 103.8953           428.499       8.835
 103.9953           438.388       8.939
 104.0953           407.883       8.616
 104.1953           406.456       8.630
 104.2953           415.012       8.678
 104.3953           403.813       8.580
 104.4953           414.355       8.685
 104.5953           390.192       8.439
 104.6953           380.022       8.311
 104.7953           395.649       8.503
 104.8953           385.913       8.393
 104.9953           368.695       8.222
 105.0953           402.291       8.530
 105.1953           406.786       8.669
 105.2953           414.284       8.691
 105.3953           429.049       8.881
 105.4953           421.299       8.794
 105.5953           447.431       9.060
 105.6953           498.687       9.534
 105.7953           613.849      10.707
 105.8953           693.363      11.640
 105.9953           666.498      11.040
 106.0953           711.804      11.658
 106.1953           742.749      11.664
 106.2953           759.411      11.863
 106.3953           641.118      10.800
 106.4953           519.812       9.754
 106.5953           501.304       9.561
 106.6953           563.191      10.153
 106.7953           649.795      10.845
 106.8953           682.222      10.967
 106.9953           636.941      11.185
 107.0953           531.818       9.650
 107.1953           449.113       9.008
 107.2953           421.452       8.788
 107.3953           379.562       8.277
 107.4953           379.474       8.307
 107.5953           404.661       8.565
 107.6953           457.068       9.118
 107.7953           573.589      10.231
 107.8953           685.684      11.157
 107.9953           653.335      10.928
 108.0953           548.546       9.975
 108.1953           433.138       8.907
 108.2953           401.252       8.541
 108.3953           367.451       8.202
 108.4953           387.157       8.389
 108.5953           415.946       8.728
 108.6953           478.720       9.376
 108.7953           550.668      10.050
 108.8953           641.039      10.797
 108.9953           727.588      11.693
 109.0953           759.242      12.020
 109.1953           764.823      12.078
 109.2953           747.827      11.842
 109.3953           656.034      10.971
 109.4953           500.223       9.602
 109.5953           444.796       9.087
 109.6953           442.163       8.961
 109.7953           418.381       8.774
 109.8953           410.971       8.649
 109.9953           456.246       9.129
 110.0953           519.085       9.710
 110.1953           616.370      10.591
 110.2953           648.888      10.868
 110.3953           593.567      10.382
 110.4953           444.890       8.972
 110.5953           387.666       8.443
 110.6953           383.904       8.330
 110.7953           403.758       8.571
 110.8953           454.692       9.087
 110.9953           543.402       9.959
 111.0953           639.889      10.767
 111.1953           594.683      10.396
 111.2953           526.804       9.791
 111.3953           437.020       8.936
 111.4953           398.825       8.497
 111.5953           390.720       8.478
 111.6953           386.885       8.373
 111.7953           402.465       8.624
 111.8953           403.542       8.538
 111.9953           373.941       8.345
 112.0953           361.579       8.114
 112.1953           361.797       8.231
 112.2953           366.412       8.360
 112.3953           350.809       8.169
 112.4953           382.434       8.410
 112.5953           453.949       9.090
 112.6953           586.829      10.364
 112.7953           762.229      11.757
 112.8953           789.842      11.963
 112.9953           677.024      11.057
 113.0953           525.979       9.799
 113.1953           406.684       8.570
 113.2953           372.304       8.187
 113.3953           366.498       8.167
 113.4953           351.746       7.974
 113.5953           356.648       8.050
 113.6953           373.733       8.191
 113.7953           380.125       8.283
 113.8953           398.196       8.482
 113.9953           449.917       8.993
 114.0953           481.738       9.302
 114.1953           495.058       9.542
 114.2953           449.074       8.962
 114.3953           395.421       8.457
 114.4953           367.093       8.152
 114.5953           351.288       7.955
 114.6953           363.204       8.146
 114.7953           361.196       8.015
 114.8953           362.594       8.182
 114.9953           354.197       7.994
 115.0953           354.446       8.045
 115.1953           349.004       7.967
 115.2953           368.779       8.236
 115.3953           403.347       8.603
 115.4953           488.397       9.666
 115.5953           598.385      10.621
 115.6953           666.359      11.109
 115.7953           658.145      10.940
 115.8953           574.911      10.242
 115.9953           501.716       9.581
 116.0953           434.583       8.873
 116.1953           396.381       8.493
 116.2953           407.797       8.611
 116.3953           421.891       8.740
 116.4953           423.801       8.820
 116.5953           396.106       8.382
 116.6953           403.426       8.572
 116.7953           360.036       8.059
 116.8953           344.872       7.904
 116.9953           364.095       8.125
 117.0953           354.835       7.990
 117.1953           372.664       8.225
 117.2953           352.351       7.977
 117.3953           374.482       8.235
 117.4953           363.878       8.116
 117.5953           347.761       7.924
 117.6953           354.675       8.013
 117.7953           355.120       8.023
 117.8953           340.429       7.824
 117.9953           345.280       7.997
 118.0953           357.534       7.932
 118.1953           347.957       8.021
 118.2953           379.275       8.292
 118.3953           406.577       8.619
 118.4953           430.449       8.851
 118.5953           436.441       8.986
 118.6953           460.613       9.308
 118.7953           462.388       9.427
 118.8953           461.892       9.177
 118.9953           445.997       9.053
 119.0953           486.898       9.372
 119.1953           571.762      10.215
 119.2953           702.905      11.284
 119.3953           784.690      11.918
 119.4953           766.433      11.772
 119.5953           707.225      11.328
 119.6953           583.469      10.217
 119.7953           471.204       9.248
 119.8953           391.919       8.406
 119.9953           368.999       8.142
 120.0953           335.186       7.743
 120.1953           332.477       7.889
 120.2953           319.538       7.325
 120.3953           337.166       7.919
 120.4953           322.128       7.612
 120.5953           328.402       7.728
 120.6953           329.364       7.643
 120.7953           332.805       7.765
 120.8953           322.010       7.598
 120.9953           309.635       7.477
 121.0953           312.602       7.490
 121.1953           330.538       7.737
 121.2953           318.951       7.603
 121.3953           335.581       7.779
 121.4953           329.622       7.722
 121.5953           351.325       8.064
 121.6953           374.694       8.124
 121.7953           415.297       8.897
 121.8953           436.070       9.003
 121.9953           474.845       9.491
 122.0953           496.320       9.578
 122.1953           499.133       9.523
 122.2953           503.703       9.614
 122.3953           497.035       9.508
 122.4953           467.291       9.257
 122.5953           421.037       8.743
 122.6953           354.315       8.057
 122.7953           337.555       7.816
 122.8953           337.672       7.809
 122.9953           348.812       7.994
 123.0953           365.726       8.141
 123.1953           392.856       8.418
 123.2953           397.884       8.508
 123.3953           377.481       8.265
 123.4953           371.058       8.189
 123.5953           352.609       7.987
 123.6953           343.576       7.916
 123.7953           322.459       7.645
 123.8953           333.374       7.763
 123.9953           328.179       7.707
 124.0953           341.087       7.873
 124.1953           373.159       8.232
 124.2953           390.940       8.427
 124.3953           394.413       8.477
 124.4953           377.734       8.314
 124.5953           369.665       8.187
 124.6953           339.758       7.910
 124.7953           324.663       7.621
 124.8953           326.895       7.757
 124.9953           314.074       7.631
 125.0953           318.584       7.727
 125.1953           331.106       7.926
 125.2953           345.096       8.002
 125.3953           363.786       8.219
 125.4953           414.225       8.645
 125.5953           471.254       9.247
 125.6953           493.209       9.455
 125.7953           501.142       9.488
 125.8953           459.610       9.114
 125.9953           418.969       8.683
 126.0953           359.255       8.009
 126.1953           324.781       7.649
 126.2953           329.117       7.700
 126.3953           326.331       7.630
 126.4953           316.253       7.575
 126.5953           315.931       7.516
 126.6953           332.065       7.718
 126.7953           334.451       7.738
 126.8953           381.982       8.284
 126.9953           412.896       8.641
 127.0953           451.340       8.970
 127.1953           456.735       9.041
 127.2953           439.387       8.890
 127.3953           403.170       8.561
 127.4953           360.586       8.021
 127.5953           343.749       7.876
 127.6953           330.326       7.703
 127.7953           321.271       7.638
 127.8953           315.246       7.532
 127.9953           321.079       7.656
 128.0953           311.815       7.479
 128.1953           296.639       7.411
 128.2953           314.661       7.695
 128.3953           311.245       7.667
 128.4953           320.598       7.686
 128.5953           298.672       7.377
 128.6953           312.567       7.534
 128.7953           312.156       7.538
 128.8953           336.525       7.788
 128.9953           376.257       8.270
 129.0953           406.422       8.603
 129.1953           470.118       9.183
 129.2953           490.642       9.397
 129.3953           503.524       9.562
 129.4953           467.864       9.169
 129.5953           431.457       8.816
 129.6953           403.831       8.536
 129.7953           353.510       8.005
 129.8953           347.726       7.903
 129.9953           333.389       7.762
 130.0953           323.013       7.609
 130.1953           324.602       7.659
 130.2953           329.483       7.706
 130.3953           324.263       7.639
 130.4953           324.691       7.662
 130.5953           320.481       7.607
 130.6953           331.598       7.728
 130.7953           348.590       7.953
 130.8953           355.219       8.022
 130.9953           370.030       8.181
 131.0953           408.105       8.607
 131.1953           386.166       8.391
 131.2953           394.197       8.441
 131.3953           379.510       8.374
 131.4953           391.285       8.577
 131.5953           381.116       8.520
 131.6953           342.735       7.941
 131.7953           339.114       7.850
 131.8953           339.466       7.829
 131.9953           319.438       7.636
 132.0953           332.872       7.737
 132.1953           325.820       7.703
 132.2953           311.780       7.511
 132.3953           318.163       7.550
 132.4953           312.897       7.521
 132.5953           316.002       7.522
 132.6953           327.661       7.710
 132.7953           313.628       7.486
 132.8953           327.068       7.667
 132.9953           335.627       7.770
 133.0953           328.218       7.675
 133.1953           335.330       7.637
 133.2953           340.181       8.065
 133.3953           344.377       7.757
 133.4953           358.231       8.012
 133.5953           352.143       7.956
 133.6953           361.123       8.055
 133.7953           363.363       8.097
 133.8953           375.284       8.172
 133.9953           358.334       8.061
 134.0953           375.868       8.234
 134.1953           369.725       8.140
 134.2953           360.441       8.086
 134.3953           340.657       7.859
 134.4953           331.637       7.742
 134.5953           324.521       7.731
 134.6953           311.923       7.700
 134.7953           310.143       7.610
 134.8953           317.454       7.650
 134.9953           285.570       7.168
 135.0953           297.118       7.310
 135.1953           309.295       7.480
 135.2953           294.250       7.279
 135.3953           289.229       7.208
 135.4953           309.752       7.480
 135.5953           296.809       7.276
 135.6953           322.059       7.610
 135.7953           321.057       7.565
 135.8953           358.569       8.040
 135.9953           374.487       8.190
 136.0953           467.984       9.155
 136.1953           566.865      10.102
 136.2953           649.982      10.764
 136.3953           726.436      11.415
 136.4953           796.582      11.965
 136.5953           803.252      12.025
 136.6953           771.221      11.716
 136.7953           697.856      11.193
 136.8953           577.667      10.190
 136.9953           472.904       9.173
 137.0953           401.017       8.492
 137.1953           364.893       8.117
 137.2953           380.388       8.265
 137.3953           421.822       8.696
 137.4953           456.452       9.066
 137.5953           509.114       9.587
 137.6953           544.288       9.924
 137.7953           564.673      10.142
 137.8953           568.763      10.346
 137.9953           545.934      10.127
 138.0953           494.229       9.526
 138.1953           463.756       9.113
 138.2953           414.717       8.680
 138.3953           376.043       8.210
 138.4953           354.511       7.975
 138.5953           324.355       7.624
 138.6953           307.235       7.410
 138.7953           307.307       7.391
 138.8953           301.023       7.314
 138.9953           291.513       7.220
 139.0953           309.665       7.422
 139.1953           302.784       7.309
 139.2953           309.400       7.456
 139.3953           292.255       7.180
 139.4953           310.292       7.454
 139.5953           291.764       7.157
 139.6953           319.343       7.561
 139.7953           329.046       7.673
 139.8953           348.690       7.854
 139.9953           393.205       8.364
 140.0953           405.760       8.496
 140.1953           438.729       8.869
 140.2953           459.147       9.015
 140.3953           469.037       9.183
 140.4953           492.377       9.381
 140.5953           459.078       9.066
 140.6953           453.071       9.038
 140.7953           445.250       8.935
 140.8953           483.425       9.328
 140.9953           486.951       9.459
 141.0953           503.977       9.708
 141.1953           521.997       9.888
 141.2953           543.360       9.934
 141.3953           514.391       9.580
 141.4953           480.986       9.301
 141.5953           475.802       9.205
 141.6953           450.761       8.988
 141.7953           405.171       8.523
 141.8953           377.218       8.185
 141.9953           394.109       8.338
 142.0953           443.344       8.890
 142.1953           482.221       9.279
 142.2953           500.965       9.440
 142.3953           584.531      10.139
 142.4953           573.872      10.129
 142.5953           594.356      10.281
 142.6953           614.595      10.432
 142.7953           567.094      10.012
 142.8953           570.110      10.066
 142.9953           509.894       9.520
 143.0953           501.026       9.398
 143.1953           480.499       9.247
 143.2953           467.945       9.113
 143.3953           474.272       9.179
 143.4953           482.417       9.240
 143.5953           474.822       9.186
 143.6953           481.376       9.311
 143.7953           470.403       9.259
 143.8953           448.574       8.638
 143.9953           415.832       8.778
 144.0953           370.272       8.111
 144.1953           356.465       8.072
 144.2953           326.686       7.767
 144.3953           325.226       7.817
 144.4953           304.261       7.459
 144.5953           310.996       7.473
 144.6953           288.913       7.187
 144.7953           303.358       7.375
 144.8953           305.955       7.382
 144.9953           284.541       7.125
 145.0953           301.846       7.325
 145.1953           290.879       7.211
 145.2953           307.168       7.360
 145.3953           295.584       7.257
 145.4953           302.853       7.339
 145.5953           311.466       6.866
 145.6953           360.806       9.748
 145.7953           321.685       7.000
 145.8953           347.993       7.848
 145.9953           334.837       7.694
 146.0953           342.412       7.796
 146.1953           350.296       7.894
 146.2953           378.148       8.195
 146.3953           378.823       8.138
 146.4953           381.455       8.279
 146.5953           385.014       8.257
 146.6953           392.445       8.340
 146.7953           404.919       8.519
 146.8953           384.630       8.276
 146.9953           400.206       8.456
 147.0953           382.869       8.271
 147.1953           372.829       8.163
 147.2953           360.498       8.031
 147.3953           347.203       7.934
 147.4953           342.241       8.009
 147.5953           323.969       7.758
 147.6953           321.866       7.672
 147.7953           302.055       7.343
 147.8953           298.593       7.342
 147.9953           282.622       7.081
 148.0953           282.210       7.122
 148.1953           289.654       7.157
 148.2953           294.398       7.281
 148.3953           284.727       7.107
 148.4953           275.840       7.099
 148.5953           291.448       6.975
 148.6953           296.653       7.398
 148.7953           297.375       7.469
 148.8953           310.575       7.031
 148.9953           310.091       7.434
 149.0953           324.490       7.737
 149.1953           334.685       7.539
 149.2953           331.689       7.601
 149.3953           337.751       7.716
 149.4953           331.302       7.567
 149.5953           333.389       7.552
 149.6953           346.003       7.976
 149.7953           320.988       7.530
 149.8953           318.518       7.267
 149.9953           318.809       7.901
 150.0953           306.801       6.909
 150.1953           301.410       8.064
 150.2953           318.966       7.154
 150.3953           303.109       7.404
 150.4953           311.720       7.462
 150.5953           305.769       7.427
 150.6953           318.730       6.980
 150.7953             0.000       0.000
 150.8953             0.000       0.000
