XYDATA  Co2SiO4 8mmV 1.87A HiRes FullBeam 500K CF ROC 
INTER        1       1       0     0.100000
TEMP       193.704      201.376      201.305
! d20 23-Apr-08 09:22:09 User Sazono   L.C.Hansen  Run 594842*d20_2008_04_5880
! d20 23-Apr-08 09:22:09 User Sazono   L.C.Hansen  Run 594842*d20_2008_04_5880
! Monitor/counts, Counting time/sec:       100000.      62.5111
   0.0953          4030.078      27.713
   0.1953          4271.606      28.997
   0.2953          4302.027      29.364
   0.3953          4148.318      28.650
   0.4953          3801.580      27.226
   0.5953          3435.719      25.675
   0.6953          3067.950      24.194
   0.7953          2624.406      22.436
   0.8953          2276.324      20.827
   0.9953          1947.541      19.313
   1.0953          1630.329      17.615
   1.1953          1287.774      15.625
   1.2953          1019.857      13.930
   1.3953           779.432      12.167
   1.4953           555.558      10.265
   1.5953           417.421       8.875
   1.6953           364.847       8.342
   1.7953           334.242       7.979
   1.8953           315.078       7.717
   1.9953           295.887       7.482
   2.0953           300.949       7.566
   2.1953           301.661       7.570
   2.2953           294.111       7.451
   2.3953           273.745       7.201
   2.4953           264.946       7.114
   2.5953           271.813       7.133
   2.6953           255.395       7.006
   2.7953           263.088       7.057
   2.8953           246.495       6.858
   2.9953           250.576       6.907
   3.0953           229.696       6.625
   3.1953           238.179       6.742
   3.2953           224.053       6.531
   3.3953           233.170       6.723
   3.4953           235.292       6.847
   3.5953           229.141       6.754
   3.6953           242.209       6.862
   3.7953           248.008       6.900
   3.8953           270.257       7.185
   3.9953           275.935       7.264
   4.0953           313.788       7.704
   4.1953           350.290       8.213
   4.2953           396.745       8.662
   4.3953           418.698       8.900
   4.4953           464.656       9.372
   4.5953           541.722      10.174
   4.6953           583.365      10.471
   4.7953           637.570      10.983
   4.8953           646.349      11.064
   4.9953           668.054      11.279
   5.0953           706.334      11.544
   5.1953           692.409      11.426
   5.2953           704.091      11.578
   5.3953           686.442      11.396
   5.4953           703.268      11.510
   5.5953           700.647      11.526
   5.6953           711.568      11.629
   5.7953           695.197      11.502
   5.8953           695.141      11.428
   5.9953           672.066      11.342
   6.0953           681.401      11.390
   6.1953           699.322      11.571
   6.2953           684.532      11.415
   6.3953           686.896      11.431
   6.4953           687.124      11.500
   6.5953           680.476      11.414
   6.6953           671.246      11.551
   6.7953           640.911      11.296
   6.8953           652.801      11.254
   6.9953           640.190      11.025
   7.0953           646.530      11.091
   7.1953           648.169      11.139
   7.2953           635.071      10.946
   7.3953           621.026      10.895
   7.4953           629.661      10.926
   7.5953           609.540      10.725
   7.6953           615.711      10.785
   7.7953           604.085      10.691
   7.8953           599.477      10.636
   7.9953           594.292      10.544
   8.0953           605.677      10.730
   8.1953           619.526      10.804
   8.2953           604.787      10.670
   8.3953           607.673      10.704
   8.4953           617.482      10.803
   8.5953           586.905      10.504
   8.6953           578.476      10.429
   8.7953           583.862      10.476
   8.8953           580.578      10.461
   8.9953           572.802      10.391
   9.0953           583.270      10.474
   9.1953           568.322      10.381
   9.2953           579.379      10.481
   9.3953           549.301      10.151
   9.4953           573.638      10.451
   9.5953           561.759      10.310
   9.6953           575.939      10.460
   9.7953           572.158      10.524
   9.8953           555.040      10.495
   9.9953           566.264      10.587
  10.0953           553.468      10.308
  10.1953           559.711      10.293
  10.2953           548.147      10.202
  10.3953           574.371      10.414
  10.4953           548.711      10.170
  10.5953           531.567       9.991
  10.6953           527.919       9.993
  10.7953           532.114       9.955
  10.8953           515.766       9.819
  10.9953           543.480      10.077
  11.0953           547.854      10.039
  11.1953           539.603      10.020
  11.2953           539.993      10.621
  11.3953           531.203       9.767
  11.4953           523.508       9.841
  11.5953           528.079       9.902
  11.6953           497.765       9.679
  11.7953           520.813       9.865
  11.8953           514.270       9.817
  11.9953           526.444       9.928
  12.0953           495.382       9.660
  12.1953           515.988       9.832
  12.2953           515.983       9.809
  12.3953           530.987      10.042
  12.4953           510.308       9.805
  12.5953           515.661       9.842
  12.6953           498.844       9.696
  12.7953           503.805       9.807
  12.8953           518.782       9.839
  12.9953           536.194      10.120
  13.0953           510.963      10.187
  13.1953           509.284       9.719
  13.2953           503.400      10.000
  13.3953           511.940       9.840
  13.4953           516.073       9.908
  13.5953           508.473       9.762
  13.6953           510.317       9.847
  13.7953           500.717       9.676
  13.8953           511.748       9.860
  13.9953           497.245       9.609
  14.0953           499.308       9.746
  14.1953           521.006       9.771
  14.2953           503.417       9.781
  14.3953           511.374       9.760
  14.4953           509.522       9.768
  14.5953           504.323       9.788
  14.6953           525.861       9.894
  14.7953           515.904       9.809
  14.8953           509.369       9.756
  14.9953           496.651       9.681
  15.0953           502.675       9.856
  15.1953           480.942       9.195
  15.2953           495.248       9.815
  15.3953           484.776       9.527
  15.4953           479.057       9.459
  15.5953           487.492       9.579
  15.6953           489.028       9.622
  15.7953           498.060       9.646
  15.8953           500.706       9.773
  15.9953           495.189       9.660
  16.0953           483.997       9.607
  16.1953           518.734       9.943
  16.2953           491.187       9.832
  16.3953           491.189       9.875
  16.4953           512.508       9.920
  16.5953           504.219       9.751
  16.6953           478.142       9.544
  16.7953           484.669       9.574
  16.8953           489.731       9.632
  16.9953           482.689       9.529
  17.0953           479.507       9.520
  17.1953           497.350       9.681
  17.2953           485.178       9.533
  17.3953           504.723       9.759
  17.4953           480.948       9.517
  17.5953           490.228       9.545
  17.6953           488.359       9.605
  17.7953           479.645       9.498
  17.8953           498.056       9.639
  17.9953           485.495       9.529
  18.0953           478.702       9.495
  18.1953           468.682       9.376
  18.2953           470.420       9.397
  18.3953           487.777       9.548
  18.4953           485.774       9.577
  18.5953           494.295       9.600
  18.6953           492.402       9.607
  18.7953           517.955       9.888
  18.8953           489.911       9.608
  18.9953           489.622       9.575
  19.0953           490.204       9.630
  19.1953           479.547       9.523
  19.2953           493.826       9.677
  19.3953           479.647       9.536
  19.4953           481.783       9.784
  19.5953           474.950       9.631
  19.6953           474.564       9.493
  19.7953           490.234       9.638
  19.8953           476.648       9.482
  19.9953           481.767       9.522
  20.0953           479.110       9.486
  20.1953           485.634       9.390
  20.2953           489.291       9.952
  20.3953           480.120       9.418
  20.4953           489.346       9.340
  20.5953           474.012       9.551
  20.6953           500.731       9.640
  20.7953           505.279       9.715
  20.8953           516.504       9.815
  20.9953           540.226      10.086
  21.0953           559.049      10.192
  21.1953           544.539      10.089
  21.2953           533.657       9.975
  21.3953           527.082       9.938
  21.4953           509.582       9.764
  21.5953           487.189       9.533
  21.6953           478.468       9.501
  21.7953           485.976       9.489
  21.8953           478.259       9.482
  21.9953           499.378       9.655
  22.0953           476.630       9.461
  22.1953           505.620       9.776
  22.2953           481.045       9.506
  22.3953           497.634       9.705
  22.4953           473.133       9.463
  22.5953           476.224       9.517
  22.6953           458.289       9.504
  22.7953           469.254       9.591
  22.8953           454.744       9.292
  22.9953           468.964       9.366
  23.0953           469.852       9.405
  23.1953           469.795       9.398
  23.2953           441.303       9.069
  23.3953           461.040       9.286
  23.4953           460.904       9.317
  23.5953           468.063       9.284
  23.6953           457.041       9.230
  23.7953           452.355       9.175
  23.8953           454.953       9.199
  23.9953           437.573       8.994
  24.0953           464.543       9.308
  24.1953           455.401       9.212
  24.2953           450.422       9.111
  24.3953           469.374       9.343
  24.4953           474.755       9.370
  24.5953           473.584       9.428
  24.6953           462.817       9.236
  24.7953           485.909       9.470
  24.8953           482.372       9.502
  24.9953           529.113       9.890
  25.0953           547.429      10.082
  25.1953           532.802       9.961
  25.2953           534.051       9.984
  25.3953           502.080       9.672
  25.4953           466.553       9.340
  25.5953           458.339       9.266
  25.6953           447.922       9.145
  25.7953           479.922       9.562
  25.8953           453.573       9.395
  25.9953           461.122       9.492
  26.0953           473.179       9.450
  26.1953           458.601       9.263
  26.2953           456.704       9.219
  26.3953           460.605       9.309
  26.4953           476.184       9.397
  26.5953           460.690       9.234
  26.6953           489.078       9.564
  26.7953           490.099       9.539
  26.8953           507.598       9.715
  26.9953           503.691       9.635
  27.0953           487.874       9.541
  27.1953           505.552       9.669
  27.2953           514.084       9.768
  27.3953           513.502       9.769
  27.4953           549.718      10.090
  27.5953           618.593      10.700
  27.6953           724.050      11.625
  27.7953           810.167      12.240
  27.8953           896.217      12.921
  27.9953           926.123      13.040
  28.0953           826.784      12.432
  28.1953           676.727      11.226
  28.2953           569.159      10.249
  28.3953           502.112       9.694
  28.4953           458.616       9.222
  28.5953           471.893       9.378
  28.6953           479.287       9.480
  28.7953           496.515       9.656
  28.8953           515.524       9.849
  28.9953           526.118       9.930
  29.0953           571.464      10.538
  29.1953           583.565      10.626
  29.2953           593.180      10.652
  29.3953           538.040      10.059
  29.4953           521.361       9.899
  29.5953           477.933       9.440
  29.6953           469.467       9.345
  29.7953           468.913       9.375
  29.8953           444.203       9.126
  29.9953           447.896       9.116
  30.0953           454.642       9.213
  30.1953           447.311       9.135
  30.2953           463.315       9.298
  30.3953           450.588       9.131
  30.4953           443.541       9.117
  30.5953           452.997       9.197
  30.6953           443.831       9.088
  30.7953           462.507       9.261
  30.8953           498.615       9.633
  30.9953           495.639       9.639
  31.0953           525.206       9.861
  31.1953           527.678       9.912
  31.2953           512.802       9.802
  31.3953           504.843       9.689
  31.4953           468.288       9.345
  31.5953           454.083       9.204
  31.6953           438.219       9.082
  31.7953           432.842       8.983
  31.8953           424.371       8.931
  31.9953           433.106       8.992
  32.0953           432.266       9.023
  32.1953           425.308       8.994
  32.2953           425.473       9.123
  32.3953           431.979       9.144
  32.4953           424.377       8.949
  32.5953           422.523       8.882
  32.6953           425.096       8.912
  32.7953           433.462       8.965
  32.8953           428.130       8.949
  32.9953           430.785       8.913
  33.0953           421.046       8.880
  33.1953           436.999       8.973
  33.2953           423.618       8.880
  33.3953           427.162       8.865
  33.4953           430.389       8.930
  33.5953           408.815       8.675
  33.6953           425.738       8.858
  33.7953           424.987       8.906
  33.8953           421.941       8.794
  33.9953           427.769       8.881
  34.0953           444.501       9.070
  34.1953           431.029       8.931
  34.2953           433.392       8.969
  34.3953           431.932       8.850
  34.4953           452.748       9.221
  34.5953           446.601       9.036
  34.6953           424.521       8.904
  34.7953           450.573       9.138
  34.8953           437.002       8.994
  34.9953           461.884       9.240
  35.0953           454.691       9.220
  35.1953           443.262       9.080
  35.2953           462.329       9.306
  35.3953           438.406       9.135
  35.4953           463.760       9.474
  35.5953           455.390       9.396
  35.6953           435.449       9.088
  35.7953           459.787       9.248
  35.8953           458.353       9.258
  35.9953           481.477       9.441
  36.0953           488.219       9.535
  36.1953           509.591       9.710
  36.2953           530.449       9.962
  36.3953           524.452       9.843
  36.4953           535.495       9.987
  36.5953           542.083       9.974
  36.6953           522.316       9.850
  36.7953           492.490       9.515
  36.8953           456.162       9.193
  36.9953           454.580       9.176
  37.0953           443.429       9.046
  37.1953           452.046       9.107
  37.2953           428.881       8.929
  37.3953           439.966       9.005
  37.4953           438.170       8.976
  37.5953           440.192       9.038
  37.6953           451.633       9.134
  37.7953           445.311       9.090
  37.8953           442.009       9.021
  37.9953           437.108       9.003
  38.0953           449.539       9.136
  38.1953           447.528       9.126
  38.2953           443.824       9.056
  38.3953           462.893       9.305
  38.4953           450.775       9.129
  38.5953           454.268       9.284
  38.6953           444.344       9.283
  38.7953           466.581       9.524
  38.8953           476.373       9.480
  38.9953           481.217       9.515
  39.0953           519.926       9.856
  39.1953           562.188      10.203
  39.2953           618.979      10.734
  39.3953           668.464      11.123
  39.4953           657.038      11.065
  39.5953           610.449      10.610
  39.6953           524.352       9.860
  39.7953           479.821       9.406
  39.8953           450.562       9.144
  39.9953           464.133       9.237
  40.0953           468.872       9.309
  40.1953           462.831       9.288
  40.2953           449.620       9.095
  40.3953           436.709       8.971
  40.4953           455.718       9.203
  40.5953           435.477       8.977
  40.6953           458.866       9.203
  40.7953           437.545       9.011
  40.8953           449.542       9.140
  40.9953           433.526       8.954
  41.0953           453.819       9.142
  41.1953           448.806       9.163
  41.2953           459.490       9.232
  41.3953           470.409       9.345
  41.4953           457.758       9.263
  41.5953           447.013       9.123
  41.6953           459.201       9.251
  41.7953           448.430       9.248
  41.8953           453.222       9.540
  41.9953           483.308       9.405
  42.0953           505.542       9.945
  42.1953           562.909      10.241
  42.2953           684.113      11.386
  42.3953           800.479      12.203
  42.4953           901.600      13.004
  42.5953           928.300      13.067
  42.6953           888.403      12.937
  42.7953           794.089      12.142
  42.8953           658.196      11.019
  42.9953           591.065      10.523
  43.0953           534.253       9.931
  43.1953           518.281       9.784
  43.2953           514.334       9.801
  43.3953           549.399      10.059
  43.4953           605.104      10.601
  43.5953           620.388      10.720
  43.6953           636.452      10.826
  43.7953           576.336      10.335
  43.8953           522.550       9.858
  43.9953           495.012       9.546
  44.0953           464.468       9.269
  44.1953           476.056       9.444
  44.2953           502.808       9.632
  44.3953           513.366       9.797
  44.4953           570.857      10.296
  44.5953           665.943      11.076
  44.6953           772.092      12.052
  44.7953           796.353      12.200
  44.8953           720.631      11.613
  44.9953           595.083      10.618
  45.0953           520.489      10.079
  45.1953           475.203       9.583
  45.2953           451.089       9.198
  45.3953           445.756       9.107
  45.4953           446.907       9.088
  45.5953           454.529       9.192
  45.6953           452.615       9.139
  45.7953           468.007       9.284
  45.8953           525.412       9.870
  45.9953           606.469      10.549
  46.0953           744.297      11.681
  46.1953           889.748      12.795
  46.2953           934.260      13.118
  46.3953           850.278      12.477
  46.4953           684.758      11.223
  46.5953           551.246      10.063
  46.6953           462.178       9.209
  46.7953           457.047       9.176
  46.8953           453.577       9.119
  46.9953           470.231       9.265
  47.0953           466.460       9.270
  47.1953           477.346       9.365
  47.2953           524.830       9.829
  47.3953           586.538      10.375
  47.4953           606.897      10.578
  47.5953           644.395      10.858
  47.6953           586.163      10.417
  47.7953           547.529      10.038
  47.8953           482.537       9.449
  47.9953           473.516       9.386
  48.0953           521.486       9.798
  48.1953           635.078      10.976
  48.2953           880.606      13.038
  48.3953          1261.016      15.653
  48.4953          2036.536      19.511
  48.5953          2855.824      23.071
  48.6953          3499.374      25.456
  48.7953          3534.632      25.671
  48.8953          3091.660      23.856
  48.9953          2448.143      21.264
  49.0953          1732.161      17.969
  49.1953          1090.397      14.135
  49.2953           695.838      11.318
  49.3953           527.954       9.870
  49.4953           479.682       9.397
  49.5953           456.153       9.160
  49.6953           479.353       9.365
  49.7953           475.773       9.405
  49.8953           471.052       9.265
  49.9953           469.411       9.276
  50.0953           458.110       9.206
  50.1953           469.117       9.295
  50.2953           465.657       9.254
  50.3953           460.125       9.204
  50.4953           469.870       9.299
  50.5953           472.084       9.349
  50.6953           461.960       9.213
  50.7953           487.007       9.496
  50.8953           533.593       9.931
  50.9953           610.968      10.636
  51.0953           743.980      11.750
  51.1953           836.527      12.465
  51.2953           829.941      12.425
  51.3953           709.376      11.480
  51.4953           596.658      10.786
  51.5953           498.102       9.791
  51.6953           466.986       9.375
  51.7953           463.464       9.275
  51.8953           477.584       9.392
  51.9953           478.958       9.382
  52.0953           512.587       9.741
  52.1953           510.245       9.707
  52.2953           518.452       9.723
  52.3953           493.204       9.536
  52.4953           524.665       9.795
  52.5953           515.204       9.704
  52.6953           499.592       9.570
  52.7953           465.425       9.222
  52.8953           464.769       9.247
  52.9953           443.898       8.985
  53.0953           434.317       8.933
  53.1953           454.808       9.109
  53.2953           442.990       9.007
  53.3953           442.371       9.002
  53.4953           458.548       9.178
  53.5953           433.706       8.885
  53.6953           437.259       8.965
  53.7953           444.029       9.032
  53.8953           431.286       8.855
  53.9953           433.188       8.944
  54.0953           449.136       9.092
  54.1953           445.654       9.042
  54.2953           464.879       9.253
  54.3953           474.320       9.382
  54.4953           529.761       9.882
  54.5953           561.486      10.248
  54.6953           576.214      10.540
  54.7953           568.272      10.491
  54.8953           546.986      10.090
  54.9953           524.600       9.884
  55.0953           491.438       9.507
  55.1953           475.029       9.376
  55.2953           457.577       9.148
  55.3953           476.124       9.365
  55.4953           463.390       9.233
  55.5953           458.210       9.140
  55.6953           448.836       9.103
  55.7953           444.287       9.033
  55.8953           446.611       9.040
  55.9953           440.471       8.974
  56.0953           452.188       9.097
  56.1953           459.062       9.176
  56.2953           444.386       9.020
  56.3953           450.386       9.057
  56.4953           448.924       9.098
  56.5953           448.713       9.080
  56.6953           446.918       9.035
  56.7953           439.896       8.976
  56.8953           456.800       9.169
  56.9953           463.707       9.186
  57.0953           461.494       9.221
  57.1953           452.257       9.109
  57.2953           452.309       9.145
  57.3953           445.251       9.072
  57.4953           445.643       9.013
  57.5953           440.232       9.058
  57.6953           437.036       8.998
  57.7953           444.994       9.104
  57.8953           431.728       9.186
  57.9953           434.833       9.099
  58.0953           423.249       8.903
  58.1953           448.302       9.113
  58.2953           415.549       8.747
  58.3953           422.487       8.856
  58.4953           436.252       8.925
  58.5953           407.602       8.674
  58.6953           422.049       8.781
  58.7953           424.507       8.819
  58.8953           414.832       8.720
  58.9953           441.099       9.034
  59.0953           425.270       8.699
  59.1953           454.661       9.172
  59.2953           459.155       9.176
  59.3953           461.892       9.187
  59.4953           457.356       9.129
  59.5953           458.264       9.142
  59.6953           437.950       8.945
  59.7953           443.993       9.061
  59.8953           456.257       9.060
  59.9953           435.669       8.955
  60.0953           439.589       8.992
  60.1953           445.073       9.003
  60.2953           444.517       8.992
  60.3953           438.938       8.995
  60.4953           450.675       9.063
  60.5953           451.178       9.091
  60.6953           437.832       8.975
  60.7953           453.248       9.133
  60.8953           496.182       9.595
  60.9953           527.672       9.938
  61.0953           511.677       9.888
  61.1953           530.806      10.102
  61.2953           488.889       9.508
  61.3953           454.604       9.132
  61.4953           436.154       8.910
  61.5953           447.013       9.051
  61.6953           434.932       8.897
  61.7953           436.442       8.913
  61.8953           439.005       8.974
  61.9953           459.799       9.120
  62.0953           456.695       9.072
  62.1953           455.421       9.147
  62.2953           449.391       8.997
  62.3953           447.840       9.006
  62.4953           474.437       9.258
  62.5953           499.893       9.574
  62.6953           486.544       9.351
  62.7953           457.395       9.104
  62.8953           442.058       8.944
  62.9953           419.453       8.716
  63.0953           423.007       8.737
  63.1953           428.883       8.797
  63.2953           444.221       9.036
  63.3953           425.475       8.745
  63.4953           436.828       8.878
  63.5953           436.679       8.932
  63.6953           431.748       8.869
  63.7953           439.311       8.899
  63.8953           444.666       9.026
  63.9953           466.219       9.200
  64.0953           564.660      10.166
  64.1953           817.430      12.276
  64.2953          1304.519      15.519
  64.3953          2003.162      19.974
  64.4953          2253.201      20.155
  64.5953          2252.514      20.493
  64.6953           817.270      11.698
  64.7953           987.369      12.937
  64.8953           657.545      12.031
  64.9953           552.678      11.654
  65.0953           551.758      10.249
  65.1953           628.793       9.862
  65.2953           722.147      11.359
  65.3953           708.415      11.305
  65.4953           609.999      10.538
  65.5953           518.956       9.653
  65.6953           460.618       9.187
  65.7953           445.830       8.998
  65.8953           441.832       8.941
  65.9953           443.480       8.980
  66.0953           441.052       8.982
  66.1953           420.554       8.735
  66.2953           443.059       8.971
  66.3953           445.173       8.988
  66.4953           451.656       9.134
  66.5953           439.549       8.900
  66.6953           425.544       8.818
  66.7953           435.160       8.942
  66.8953           440.564       8.997
  66.9953           445.568       9.000
  67.0953           418.765       8.782
  67.1953           426.858       8.837
  67.2953           430.138       8.928
  67.3953           460.219       9.240
  67.4953           525.073      10.046
  67.5953           579.173      10.504
  67.6953           659.725      11.029
  67.7953           649.671      10.908
  67.8953           576.143      10.252
  67.9953           502.262       9.569
  68.0953           446.765       8.979
  68.1953           437.118       8.895
  68.2953           432.900       8.883
  68.3953           435.742       8.849
  68.4953           431.218       8.824
  68.5953           433.567       8.839
  68.6953           442.617       8.937
  68.7953           459.998       9.097
  68.8953           483.904       9.302
  68.9953           616.323      10.579
  69.0953           789.427      11.842
  69.1953           857.077      12.429
  69.2953           793.320      11.972
  69.3953           630.513      10.690
  69.4953           510.513       9.529
  69.5953           476.210       9.275
  69.6953           460.619       9.109
  69.7953           431.186       8.814
  69.8953           426.267       8.739
  69.9953           436.374       8.898
  70.0953           446.066       9.005
  70.1953           469.862       9.201
  70.2953           495.890       9.507
  70.3953           535.684       9.873
  70.4953           545.988       9.939
  70.5953           508.843       9.694
  70.6953           506.900       9.808
  70.7953           520.122       9.897
  70.8953           552.847      10.070
  70.9953           523.550       9.759
  71.0953           477.427       9.343
  71.1953           443.990       8.941
  71.2953           444.765       8.978
  71.3953           447.878       8.992
  71.4953           431.654       8.826
  71.5953           426.482       8.768
  71.6953           429.716       8.783
  71.7953           446.329       8.955
  71.8953           437.674       8.895
  71.9953           426.589       8.755
  72.0953           419.406       8.709
  72.1953           402.568       8.500
  72.2953           409.554       8.577
  72.3953           433.427       8.814
  72.4953           490.185       9.383
  72.5953           556.319      10.062
  72.6953           663.911      10.866
  72.7953           696.473      11.150
  72.8953           705.937      11.248
  72.9953           578.715      10.116
  73.0953           553.807       9.966
  73.1953           475.354       9.094
  73.2953           420.453       8.481
  73.3953           441.681       7.692
  73.4953           451.693      17.171
  73.5953           478.274       8.901
  73.6953           558.463       9.332
  73.7953           607.691       9.634
  73.8953           584.482      13.928
  73.9953           539.883       9.578
  74.0953           454.430       9.100
  74.1953           426.109       8.771
  74.2953           423.671       8.756
  74.3953           413.984       8.672
  74.4953           416.897       8.655
  74.5953           417.637       8.743
  74.6953           425.823       8.784
  74.7953           430.060       8.832
  74.8953           439.488       8.877
  74.9953           421.280       8.758
  75.0953           434.047       8.873
  75.1953           422.726       8.724
  75.2953           409.566       8.606
  75.3953           415.044       8.685
  75.4953           412.011       8.610
  75.5953           436.198       8.869
  75.6953           430.605       8.830
  75.7953           445.936       8.975
  75.8953           464.296       9.162
  75.9953           501.650       9.538
  76.0953           530.577       9.780
  76.1953           593.836      10.399
  76.2953           663.587      10.906
  76.3953           765.329      11.818
  76.4953           883.794      12.644
  76.5953           855.389      12.440
  76.6953           750.669      11.715
  76.7953           608.234      10.534
  76.8953           587.358      10.365
  76.9953           754.951      11.816
  77.0953          1129.726      14.674
  77.1953          1773.025      18.405
  77.2953          2035.530      19.446
  77.3953          1765.151      18.006
  77.4953          1153.447      14.525
  77.5953           876.824      12.728
  77.6953          1220.626      14.843
  77.7953          1925.547      18.747
  77.8953          2406.420      20.988
  77.9953          2165.957      19.851
  78.0953          1307.711      15.391
  78.1953           706.744      11.371
  78.2953           489.036       9.424
  78.3953           432.165       8.862
  78.4953           426.976       8.810
  78.5953           444.219       9.002
  78.6953           441.098       8.954
  78.7953           442.709       8.970
  78.8953           465.190       9.227
  78.9953           520.697       9.742
  79.0953           576.500      10.249
  79.1953           587.178      10.325
  79.2953           517.180       9.734
  79.3953           462.487       9.168
  79.4953           423.447       8.733
  79.5953           406.930       8.650
  79.6953           420.030       8.762
  79.7953           420.188       8.750
  79.8953           403.002       8.618
  79.9953           432.225       8.909
  80.0953           418.059       8.775
  80.1953           415.902       8.803
  80.2953           404.174       8.835
  80.3953           426.079       8.969
  80.4953           426.546       8.913
  80.5953           420.973       8.774
  80.6953           415.700       8.754
  80.7953           429.552       8.846
  80.8953           438.529       8.959
  80.9953           463.772       9.159
  81.0953           470.967       9.270
  81.1953           491.044       9.431
  81.2953           480.108       9.355
  81.3953           419.475       8.690
  81.4953           430.532       8.842
  81.5953           421.531       8.740
  81.6953           448.664       9.013
  81.7953           433.595       8.882
  81.8953           456.441       9.067
  81.9953           466.676       9.175
  82.0953           464.332       9.181
  82.1953           466.985       9.228
  82.2953           471.242       9.205
  82.3953           473.511       9.254
  82.4953           464.027       9.191
  82.5953           445.227       8.978
  82.6953           451.679       9.003
  82.7953           453.778       9.132
  82.8953           429.902       8.836
  82.9953           413.977       8.666
  83.0953           409.481       8.646
  83.1953           432.157       8.894
  83.2953           524.868       9.801
  83.3953           700.438      11.367
  83.4953           833.066      12.624
  83.5953           832.938      12.574
  83.6953           702.811      11.433
  83.7953           548.738      10.004
  83.8953           500.961       9.600
  83.9953           483.243       9.398
  84.0953           466.614       9.226
  84.1953           508.129       9.608
  84.2953           587.805      10.359
  84.3953           614.092      10.504
  84.4953           548.125       9.999
  84.5953           462.158       9.156
  84.6953           411.966       8.630
  84.7953           427.730       8.794
  84.8953           416.683       8.806
  84.9953           413.831       8.465
  85.0953           432.962       8.947
  85.1953           426.706       8.771
  85.2953           406.352       8.580
  85.3953           405.768       8.596
  85.4953           398.236       8.483
  85.5953           406.659       8.556
  85.6953           407.376       8.604
  85.7953           413.632       8.655
  85.8953           413.698       8.645
  85.9953           421.633       8.805
  86.0953           411.788       8.603
  86.1953           434.865       8.931
  86.2953           427.926       8.798
  86.3953           431.744       8.887
  86.4953           424.610       8.873
  86.5953           420.866       8.768
  86.6953           435.700       9.117
  86.7953           490.875       9.690
  86.8953           719.389      11.543
  86.9953          1346.149      15.687
  87.0953          2307.077      20.534
  87.1953          2967.876      23.264
  87.2953          2831.222      22.640
  87.3953          2150.185      19.787
  87.4953          1396.493      15.953
  87.5953           817.919      12.143
  87.6953           523.776       9.726
  87.7953           434.165       8.883
  87.8953           411.030       8.625
  87.9953           422.745       8.715
  88.0953           423.607       8.766
  88.1953           414.950       8.677
  88.2953           400.654       8.486
  88.3953           419.260       8.695
  88.4953           410.113       8.627
  88.5953           410.060       8.612
  88.6953           421.635       8.722
  88.7953           405.457       8.588
  88.8953           415.922       8.650
  88.9953           401.460       8.551
  89.0953           408.432       8.574
  89.1953           408.729       8.648
  89.2953           394.921       8.441
  89.3953           408.062       8.614
  89.4953           401.886       8.574
  89.5953           415.544       8.663
  89.6953           406.014       8.641
  89.7953           421.802       8.795
  89.8953           456.953       9.314
  89.9953           594.272      10.634
  90.0953           721.618      11.548
  90.1953           794.227      12.066
  90.2953           722.937      11.491
  90.3953           567.812      10.144
  90.4953           472.567       9.199
  90.5953           411.618       8.643
  90.6953           409.134       8.593
  90.7953           403.747       8.544
  90.8953           411.661       8.608
  90.9953           391.901       8.409
  91.0953           400.328       8.527
  91.1953           399.345       8.451
  91.2953           412.321       8.645
  91.3953           384.333       8.302
  91.4953           426.899       8.795
  91.5953           478.676       9.288
  91.6953           647.872      10.819
  91.7953           829.193      12.271
  91.8953           944.859      12.968
  91.9953           805.076      12.103
  92.0953           573.894      10.155
  92.1953           444.758       8.980
  92.2953           437.752       8.878
  92.3953           467.185       9.223
  92.4953           462.675       9.170
  92.5953           440.338       8.927
  92.6953           416.265       8.687
  92.7953           401.726       8.586
  92.8953           388.081       8.401
  92.9953           409.947       8.722
  93.0953           432.275       9.077
  93.1953           446.993       9.227
  93.2953           453.437       9.227
  93.3953           446.733       9.064
  93.4953           403.180       8.606
  93.5953           408.312       8.652
  93.6953           386.890       8.423
  93.7953           389.938       8.443
  93.8953           393.898       8.499
  93.9953           385.088       8.397
  94.0953           390.470       8.407
  94.1953           388.244       8.420
  94.2953           381.882       8.353
  94.3953           403.999       8.557
  94.4953           443.289       8.991
  94.5953           492.065       9.472
  94.6953           548.523      10.001
  94.7953           631.121      10.705
  94.8953           685.526      11.190
  94.9953           576.953      10.298
  95.0953           491.974       9.411
  95.1953           495.797       9.572
  95.2953           628.834      10.691
  95.3953           837.145      12.358
  95.4953           954.941      13.196
  95.5953           836.394      12.376
  95.6953           705.967      11.375
  95.7953           659.641      10.991
  95.8953           691.409      11.181
  95.9953           714.777      11.609
  96.0953           664.985      10.971
  96.1953           596.949      10.571
  96.2953           547.551      10.237
  96.3953           497.008       9.717
  96.4953           513.404       9.808
  96.5953           643.086      10.873
  96.6953           945.389      13.210
  96.7953          1321.990      15.637
  96.8953          1392.359      15.929
  96.9953          1086.998      14.129
  97.0953           719.032      11.495
  97.1953           650.169      10.845
  97.2953           682.716      11.188
  97.3953           678.714      11.144
  97.4953           673.979      11.100
  97.5953           683.791      11.153
  97.6953           683.562      11.170
  97.7953           557.893      10.085
  97.8953           469.539       9.240
  97.9953           414.278       8.674
  98.0953           421.272       8.769
  98.1953           466.448       9.244
  98.2953           513.611       9.626
  98.3953           551.597      10.061
  98.4953           623.539      10.701
  98.5953           621.286      10.593
  98.6953           572.666      10.212
  98.7953           525.864       9.831
  98.8953           533.872       9.898
  98.9953           545.725       9.974
  99.0953           559.392      10.152
  99.1953           495.836       9.509
  99.2953           447.138       9.118
  99.3953           441.259       9.041
  99.4953           437.276       9.178
  99.5953           416.677       8.900
  99.6953           400.010       8.631
  99.7953           392.398       8.449
  99.8953           388.308       8.420
  99.9953           386.155       8.395
 100.0953           408.468       8.611
 100.1953           433.768       8.867
 100.2953           457.151       9.125
 100.3953           498.254       9.474
 100.4953           535.580       9.851
 100.5953           481.643       9.332
 100.6953           411.250       8.624
 100.7953           394.122       8.426
 100.8953           406.991       8.578
 100.9953           395.946       8.447
 101.0953           403.128       8.535
 101.1953           400.657       8.492
 101.2953           386.719       8.364
 101.3953           385.152       8.341
 101.4953           378.727       8.268
 101.5953           391.302       8.437
 101.6953           373.407       8.209
 101.7953           364.687       8.106
 101.8953           377.001       8.282
 101.9953           373.647       8.224
 102.0953           399.782       8.521
 102.1953           382.531       8.316
 102.2953           393.365       8.474
 102.3953           378.562       8.305
 102.4953           391.759       8.416
 102.5953           391.633       8.516
 102.6953           441.888       9.153
 102.8953           763.853      11.945
 102.9953           899.600      12.845
 103.0953           822.746      12.284
 103.1953           629.921      10.753
 103.2953           475.444       9.296
 103.3953           435.141       8.918
 103.4953           417.787       8.721
 103.5953           408.492       8.583
 103.6953           396.361       8.481
 103.7953           402.944       8.558
 103.8953           415.943       8.684
 103.9953           432.495       8.858
 104.0953           413.376       8.653
 104.1953           410.183       8.649
 104.2953           408.163       8.586
 104.3953           386.466       8.374
 104.4953           407.131       8.589
 104.5953           406.512       8.593
 104.6953           378.037       8.269
 104.7953           385.582       8.374
 104.8953           373.902       8.242
 104.9953           382.827       8.358
 105.0953           372.644       8.190
 105.1953           380.758       8.367
 105.2953           392.164       8.436
 105.3953           417.311       8.738
 105.4953           411.256       8.668
 105.5953           410.055       8.652
 105.6953           446.959       9.004
 105.7953           524.295       9.871
 105.8953           627.815      11.050
 105.9953           637.303      10.769
 106.0953           669.648      11.281
 106.1953           677.408      11.113
 106.2953           726.473      11.575
 106.3953           755.800      11.699
 106.4953           658.023      10.949
 106.5953           516.535       9.682
 106.6953           511.317       9.651
 106.7953           551.569       9.968
 106.8953           642.480      10.617
 106.9953           692.968      11.639
 107.0953           646.100      10.612
 107.1953           543.572       9.886
 107.2953           456.671       9.126
 107.3953           412.085       8.604
 107.4953           394.510       8.449
 107.5953           377.106       8.249
 107.6953           424.293       8.764
 107.7953           493.830       9.470
 107.8953           631.825      10.684
 107.9953           684.628      11.161
 108.0953           603.913      10.442
 108.1953           510.587       9.647
 108.2953           409.123       8.604
 108.3953           375.369       8.270
 108.4953           372.469       8.208
 108.5953           387.345       8.403
 108.6953           422.330       8.785
 108.7953           489.979       9.458
 108.8953           568.113      10.140
 108.9953           694.390      11.396
 109.0953           738.589      11.827
 109.1953           753.027      11.956
 109.2953           753.050      11.855
 109.3953           671.000      11.069
 109.4953           585.013      10.359
 109.5953           476.694       9.385
 109.6953           444.403       8.962
 109.7953           397.343       8.530
 109.8953           404.308       8.558
 109.9953           411.891       8.653
 110.0953           438.865       8.906
 110.1953           535.721       9.850
 110.2953           624.063      10.632
 110.3953           633.229      10.697
 110.4953           544.555       9.903
 110.5953           445.521       9.030
 110.6953           387.840       8.353
 110.7953           363.251       8.110
 110.8953           402.995       8.534
 110.9953           491.029       9.445
 111.0953           593.745      10.347
 111.1953           611.943      10.521
 111.2953           571.407      10.173
 111.3953           486.789       9.408
 111.4953           419.824       8.697
 111.5953           370.914       8.241
 111.6953           372.237       8.193
 111.7953           384.178       8.405
 111.8953           385.618       8.326
 111.9953           363.821       8.212
 112.0953           363.850       8.120
 112.1953           344.789       8.016
 112.2953           341.500       8.051
 112.3953           349.902       8.139
 112.4953           359.442       8.134
 112.5953           394.708       8.456
 112.6953           469.239       9.245
 112.7953           619.958      10.578
 112.8953           739.013      11.544
 112.9953           779.340      11.835
 113.0953           659.260      10.945
 113.1953           499.693       9.477
 113.2953           392.944       8.391
 113.3953           357.510       8.047
 113.4953           357.815       8.023
 113.5953           358.754       8.054
 113.6953           343.539       7.834
 113.7953           366.279       8.112
 113.8953           376.877       8.232
 113.9953           423.978       8.709
 114.0953           455.309       9.022
 114.1953           490.693       9.477
 114.2953           461.187       9.060
 114.3953           431.908       8.818
 114.4953           382.112       8.297
 114.5953           380.474       8.259
 114.6953           363.299       8.128
 114.7953           352.044       7.894
 114.8953           348.923       8.007
 114.9953           353.953       7.973
 115.0953           340.216       7.863
 115.1953           344.992       7.902
 115.2953           351.278       8.019
 115.3953           382.795       8.361
 115.4953           403.033       8.760
 115.5953           499.633       9.682
 115.6953           591.842      10.444
 115.7953           643.252      10.790
 115.8953           610.690      10.531
 115.9953           568.924      10.179
 116.0953           457.230       9.079
 116.1953           428.023       8.805
 116.2953           409.119       8.604
 116.3953           396.991       8.458
 116.4953           393.462       8.478
 116.5953           416.480       8.575
 116.6953           396.070       8.473
 116.7953           369.103       8.140
 116.8953           352.253       7.969
 116.9953           346.659       7.909
 117.0953           336.487       7.763
 117.1953           352.097       7.975
 117.2953           351.937       7.954
 117.3953           349.804       7.940
 117.4953           355.481       8.003
 117.5953           350.784       7.940
 117.6953           363.808       8.097
 117.7953           335.383       7.779
 117.8953           336.127       7.756
 117.9953           352.310       8.059
 118.0953           324.125       7.534
 118.1953           351.460       8.042
 118.2953           369.170       8.162
 118.3953           356.613       8.053
 118.4953           394.698       8.455
 118.5953           421.474       8.809
 118.6953           453.182       9.210
 118.7953           455.409       9.333
 118.8953           474.042       9.275
 118.9953           466.933       9.241
 119.0953           455.669       9.045
 119.1953           474.025       9.279
 119.2953           567.193      10.112
 119.3953           694.291      11.184
 119.4953           774.133      11.803
 119.5953           816.753      12.144
 119.6953           682.054      11.021
 119.7953           568.362      10.133
 119.8953           470.833       9.191
 119.9953           404.097       8.500
 120.0953           345.884       7.847
 120.1953           335.372       7.905
 120.2953           325.545       7.376
 120.3953           336.491       7.892
 120.4953           308.419       7.430
 120.5953           319.780       7.607
 120.6953           332.569       7.662
 120.7953           324.730       7.652
 120.8953           326.016       7.627
 120.9953           307.625       7.435
 121.0953           323.627       7.603
 121.1953           325.542       7.660
 121.2953           313.647       7.521
 121.3953           323.035       7.614
 121.4953           307.699       7.443
 121.5953           333.805       7.842
 121.6953           340.816       7.730
 121.7953           362.846       8.296
 121.8953           385.880       8.449
 121.9953           439.157       9.106
 122.0953           441.696       9.014
 122.1953           481.748       9.334
 122.2953           502.773       9.582
 122.3953           511.152       9.619
 122.4953           508.347       9.633
 122.5953           468.390       9.200
 122.6953           425.421       8.808
 122.7953           362.086       8.076
 122.8953           332.832       7.734
 122.9953           335.481       7.821
 123.0953           324.469       7.650
 123.1953           365.846       8.104
 123.2953           388.930       8.392
 123.3953           378.391       8.255
 123.4953           393.232       8.411
 123.5953           359.402       8.045
 123.6953           348.301       7.951
 123.7953           330.494       7.721
 123.8953           329.271       7.697
 123.9953           326.260       7.667
 124.0953           333.858       7.770
 124.1953           338.118       7.817
 124.2953           381.848       8.309
 124.3953           389.638       8.405
 124.4953           394.346       8.475
 124.5953           381.268       8.294
 124.6953           368.585       8.219
 124.7953           335.768       7.732
 124.8953           314.712       7.593
 124.9953           326.615       7.763
 125.0953           319.311       7.717
 125.1953           310.828       7.661
 125.2953           330.525       7.812
 125.3953           341.163       7.940
 125.4953           355.853       7.993
 125.5953           378.863       8.271
 125.6953           434.923       8.858
 125.7953           480.343       9.267
 125.8953           486.759       9.357
 125.9953           486.506       9.335
 126.0953           419.778       8.637
 126.1953           369.339       8.138
 126.2953           337.779       7.782
 126.3953           313.766       7.464
 126.4953           313.667       7.526
 126.5953           304.460       7.360
 126.6953           326.737       7.638
 126.7953           330.367       7.673
 126.8953           345.819       7.864
 126.9953           374.380       8.209
 127.0953           417.606       8.607
 127.1953           452.072       8.973
 127.2953           445.359       8.929
 127.3953           452.114       9.044
 127.4953           389.786       8.320
 127.5953           366.554       8.114
 127.6953           327.327       7.650
 127.7953           320.649       7.613
 127.8953           321.454       7.587
 127.9953           310.284       7.508
 128.0953           298.364       7.299
 128.1953           320.310       7.683
 128.2953           313.541       7.663
 128.3953           307.510       7.603
 128.4953           307.700       7.512
 128.5953           305.420       7.443
 128.6953           313.073       7.523
 128.7953           305.599       7.440
 128.8953           319.311       7.568
 128.9953           339.177       7.833
 129.0953           353.727       8.006
 129.1953           425.026       8.710
 129.2953           452.832       9.006
 129.3953           486.851       9.380
 129.4953           508.575       9.537
 129.5953           466.358       9.144
 129.6953           425.630       8.743
 129.7953           385.769       8.343
 129.8953           361.814       8.042
 129.9953           335.584       7.769
 130.0953           330.047       7.673
 130.1953           322.881       7.621
 130.2953           325.226       7.638
 130.3953           320.035       7.571
 130.4953           320.989       7.600
 130.5953           318.420       7.564
 130.6953           327.154       7.658
 130.7953           333.925       7.766
 130.8953           324.492       7.648
 130.9953           351.165       7.950
 131.0953           364.954       8.120
 131.1953           369.808       8.192
 131.2953           404.203       8.527
 131.3953           403.097       8.610
 131.4953           394.857       8.596
 131.5953           365.651       8.325
 131.6953           348.069       7.983
 131.7953           354.153       8.004
 131.8953           325.987       7.654
 131.9953           333.008       7.778
 132.0953           335.410       7.748
 132.1953           314.479       7.550
 132.2953           307.056       7.436
 132.3953           298.456       7.295
 132.4953           307.451       7.437
 132.5953           322.525       7.581
 132.6953           311.110       7.495
 132.7953           314.453       7.478
 132.8953           319.430       7.558
 132.9953           321.854       7.590
 133.0953           317.010       7.524
 133.1953           317.631       7.415
 133.2953           320.857       7.814
 133.3953           345.004       7.746
 133.4953           352.426       7.928
 133.5953           330.602       7.691
 133.6953           354.399       7.961
 133.7953           356.249       7.998
 133.8953           351.354       7.888
 133.9953           360.244       8.063
 134.0953           368.336       8.131
 134.1953           365.828       8.078
 134.2953           349.517       7.944
 134.3953           343.914       7.878
 134.4953           337.981       7.797
 134.5953           336.002       7.848
 134.6953           320.853       7.791
 134.7953           321.873       7.734
 134.8953           306.034       7.493
 134.9953           303.926       7.378
 135.0953           308.066       7.426
 135.1953           299.541       7.343
 135.2953           294.646       7.267
 135.3953           289.645       7.196
 135.4953           302.526       7.374
 135.5953           296.643       7.257
 135.6953           299.758       7.324
 135.7953           300.361       7.300
 135.8953           303.552       7.380
 135.9953           325.451       7.616
 136.0953           364.478       8.060
 136.1953           423.668       8.712
 136.2953           497.640       9.396
 136.3953           613.173      10.462
 136.4953           733.756      11.457
 136.5953           803.918      12.001
 136.6953           798.920      11.896
 136.7953           775.686      11.773
 136.8953           735.609      11.472
 136.9953           632.033      10.580
 137.0953           521.049       9.657
 137.1953           441.905       8.911
 137.2953           392.530       8.376
 137.3953           386.262       8.301
 137.4953           425.959       8.737
 137.5953           463.738       9.128
 137.6953           505.854       9.544
 137.7953           537.692       9.873
 137.8953           550.323      10.153
 137.9953           548.205      10.124
 138.0953           542.514       9.956
 138.1953           502.379       9.462
 138.2953           459.593       9.116
 138.3953           423.873       8.696
 138.4953           377.123       8.206
 138.5953           367.605       8.097
 138.6953           338.703       7.762
 138.7953           327.265       7.609
 138.8953           310.743       7.413
 138.9953           291.554       7.204
 139.0953           290.305       7.169
 139.1953           295.021       7.198
 139.2953           304.173       7.375
 139.3953           284.368       7.065
 139.4953           288.493       7.170
 139.5953           306.462       7.317
 139.6953           286.454       7.144
 139.7953           308.241       7.409
 139.8953           324.134       7.554
 139.9953           350.238       7.875
 140.0953           381.339       8.217
 140.1953           415.045       8.606
 140.2953           432.119       8.725
 140.3953           457.145       9.044
 140.4953           473.313       9.175
 140.5953           475.082       9.201
 140.6953           460.613       9.091
 140.7953           448.135       8.943
 140.8953           449.413       8.972
 140.9953           451.159       9.083
 141.0953           465.464       9.307
 141.1953           487.259       9.530
 141.2953           512.575       9.625
 141.3953           518.699       9.597
 141.4953           516.848       9.619
 141.5953           523.716       9.634
 141.6953           518.038       9.613
 141.7953           453.229       8.993
 141.8953           470.920       9.124
 141.9953           438.611       8.776
 142.0953           401.659       8.441
 142.1953           419.140       8.630
 142.2953           460.683       9.031
 142.3953           524.858       9.584
 142.4953           549.255       9.886
 142.5953           589.055      10.211
 142.6953           610.795      10.375
 142.7953           604.879      10.316
 142.8953           598.011      10.285
 142.9953           566.572      10.011
 143.0953           547.968       9.805
 143.1953           499.656       9.407
 143.2953           489.928       9.302
 143.3953           492.712       9.333
 143.4953           486.822       9.260
 143.5953           479.998       9.214
 143.6953           495.227       9.421
 143.7953           497.566       9.500
 143.8953           475.092       8.868
 143.9953           470.502       9.316
 144.0953           458.033       9.000
 144.1953           404.648       8.580
 144.2953           369.087       8.237
 144.3953           367.276       8.287
 144.4953           341.420       7.883
 144.5953           319.711       7.559
 144.6953           302.141       7.332
 144.7953           316.022       7.509
 144.8953           314.611       7.468
 144.9953           307.174       7.385
 145.0953           299.173       7.275
 145.1953           298.044       7.282
 145.2953           290.609       7.141
 145.3953           300.213       7.296
 145.4953           291.497       7.183
 145.5953           288.437       6.591
 145.6953           348.077       9.552
 145.7953           293.466       6.670
 145.8953           321.488       7.525
 145.9953           333.776       7.663
 146.0953           321.520       7.537
 146.1953           346.861       7.837
 146.2953           356.014       7.933
 146.3953           346.563       7.765
 146.4953           356.744       7.987
 146.5953           378.954       8.173
 146.6953           386.875       8.261
 146.7953           382.829       8.264
 146.8953           397.697       8.395
 146.9953           401.330       8.448
 147.0953           387.633       8.302
 147.1953           388.144       8.309
 147.2953           394.237       8.379
 147.3953           385.815       8.344
 147.4953           368.238       8.288
 147.5953           351.289       8.059
 147.6953           342.920       7.900
 147.7953           321.599       7.559
 147.8953           305.805       7.413
 147.9953           301.598       7.298
 148.0953           281.407       7.095
 148.1953           290.039       7.145
 148.2953           291.207       7.224
 148.3953           279.489       7.025
 148.4953           276.349       7.088
 148.5953           281.753       6.842
 148.6953           274.851       7.104
 148.7953           279.707       7.227
 148.8953           287.225       6.746
 148.9953           301.343       7.311
 149.0953           304.211       7.473
 149.1953           318.048       7.331
 149.2953           322.308       7.475
 149.3953           319.999       7.493
 149.4953           346.078       7.715
 149.5953           324.482       7.432
 149.6953           327.700       7.743
 149.7953           325.445       7.564
 149.8953           339.955       7.490
 149.9953           327.631       7.991
 150.0953           325.484       7.099
 150.1953           312.872       8.197
 150.2953           306.428       6.995
 150.3953           299.148       7.338
 150.4953           311.485       7.442
 150.5953           309.886       7.459
 150.6953           289.666       6.638
 150.7953             0.000       0.000
 150.8953             0.000       0.000
