XYDATA  Co2SiO4 8mmV 1.87A HiRes FullBeam 500K CF ROC 
INTER        1       1       0     0.100000
TEMP       441.402      449.532      449.714
! d20 23-Apr-08 09:22:09 User Sazono   L.C.Hansen  Run 594842*d20_2008_04_5880
! d20 23-Apr-08 09:22:09 User Sazono   L.C.Hansen  Run 594842*d20_2008_04_5880
! Monitor/counts, Counting time/sec:       100000.      62.5111
   0.0953          4070.163      27.892
   0.1953          4254.699      28.983
   0.2953          4262.755      29.274
   0.3953          4154.898      28.716
   0.4953          3807.395      27.288
   0.5953          3427.240      25.682
   0.6953          3047.556      24.150
   0.7953          2643.302      22.550
   0.8953          2270.969      20.834
   0.9953          1930.564      19.258
   1.0953          1607.190      17.516
   1.1953          1341.871      15.974
   1.2953          1040.691      14.093
   1.3953           776.071      12.159
   1.4953           543.154      10.165
   1.5953           439.512       9.121
   1.6953           384.706       8.579
   1.7953           345.382       8.123
   1.8953           340.311       8.032
   1.9953           323.933       7.840
   2.0953           293.266       7.480
   2.1953           296.853       7.521
   2.2953           297.463       7.505
   2.3953           279.896       7.293
   2.4953           275.141       7.261
   2.5953           267.373       7.085
   2.6953           262.147       7.108
   2.7953           260.273       7.029
   2.8953           249.155       6.905
   2.9953           245.408       6.846
   3.0953           248.039       6.895
   3.1953           235.259       6.711
   3.2953           240.591       6.778
   3.3953           236.988       6.788
   3.4953           241.403       6.946
   3.5953           237.827       6.891
   3.6953           245.477       6.918
   3.7953           252.997       6.979
   3.8953           264.938       7.124
   3.9953           286.365       7.411
   4.0953           308.662       7.652
   4.1953           359.272       8.330
   4.2953           390.732       8.609
   4.3953           437.809       9.115
   4.4953           498.307       9.720
   4.5953           543.168      10.203
   4.6953           607.756      10.704
   4.7953           666.071      11.243
   4.8953           697.893      11.514
   4.9953           677.142      11.373
   5.0953           682.159      11.361
   5.1953           720.987      11.678
   5.2953           692.464      11.500
   5.3953           701.615      11.539
   5.4953           707.094      11.559
   5.5953           711.515      11.633
   5.6953           694.269      11.504
   5.7953           697.680      11.540
   5.8953           704.781      11.524
   5.9953           706.553      11.647
   6.0953           691.673      11.493
   6.1953           688.951      11.502
   6.2953           707.991      11.627
   6.3953           692.407      11.494
   6.4953           676.648      11.429
   6.5953           690.792      11.518
   6.6953           671.679      11.572
   6.7953           661.425      11.493
   6.8953           674.432      11.456
   6.9953           644.411      11.078
   7.0953           648.484      11.125
   7.1953           654.929      11.214
   7.2953           649.483      11.086
   7.3953           633.451      11.020
   7.4953           665.424      11.249
   7.5953           631.642      10.934
   7.6953           625.912      10.891
   7.7953           608.378      10.745
   7.8953           631.201      10.930
   7.9953           646.388      11.013
   8.0953           615.327      10.832
   8.1953           614.592      10.777
   8.2953           615.302      10.778
   8.3953           624.453      10.867
   8.4953           609.107      10.746
   8.5953           594.714      10.590
   8.6953           569.661      10.364
   8.7953           586.192      10.513
   8.8953           589.330      10.556
   8.9953           576.802      10.443
   9.0953           609.377      10.722
   9.1953           595.535      10.643
   9.2953           583.413      10.533
   9.3953           589.925      10.536
   9.4953           580.912      10.532
   9.5953           581.112      10.502
   9.6953           570.437      10.425
   9.7953           585.540      10.662
   9.8953           564.084      10.596
   9.9953           589.423      10.817
  10.0953           566.120      10.441
  10.1953           567.289      10.378
  10.2953           539.326      10.135
  10.3953           556.783      10.269
  10.4953           565.311      10.338
  10.5953           559.361      10.264
  10.6953           540.143      10.123
  10.7953           567.360      10.295
  10.8953           552.026      10.174
  10.9953           547.934      10.133
  11.0953           557.262      10.140
  11.1953           558.782      10.212
  11.2953           530.096      10.539
  11.3953           545.962       9.917
  11.4953           545.693      10.062
  11.5953           517.751       9.820
  11.6953           540.623      10.102
  11.7953           526.324       9.932
  11.8953           516.200       9.851
  11.9953           523.714       9.917
  12.0953           524.473       9.954
  12.1953           524.879       9.932
  12.2953           530.827       9.964
  12.3953           526.303      10.013
  12.4953           528.861       9.996
  12.5953           520.612       9.904
  12.6953           502.242       9.744
  12.7953           509.733       9.880
  12.8953           553.492      10.179
  12.9953           522.673      10.007
  13.0953           506.597      10.158
  13.1953           524.780       9.880
  13.2953           535.221      10.327
  13.3953           527.529      10.003
  13.4953           518.969       9.951
  13.5953           505.496       9.748
  13.6953           517.769       9.933
  13.7953           522.117       9.895
  13.8953           528.543      10.035
  13.9953           519.800       9.839
  14.0953           502.917       9.795
  14.1953           506.951       9.653
  14.2953           522.290       9.978
  14.3953           510.863       9.770
  14.4953           516.323       9.848
  14.5953           526.050      10.011
  14.6953           504.850       9.709
  14.7953           494.443       9.618
  14.8953           512.033       9.796
  14.9953           510.648       9.831
  15.0953           513.889       9.981
  15.1953           502.855       9.416
  15.2953           503.772       9.914
  15.3953           493.193       9.624
  15.4953           500.557       9.684
  15.5953           490.476       9.623
  15.6953           506.463       9.807
  15.7953           493.004       9.611
  15.8953           501.453       9.795
  15.9953           505.761       9.777
  16.0953           485.651       9.638
  16.1953           503.856       9.814
  16.2953           512.417      10.057
  16.3953           509.806      10.076
  16.4953           496.909       9.783
  16.5953           500.067       9.725
  16.6953           493.732       9.713
  16.7953           503.400       9.772
  16.8953           484.367       9.594
  16.9953           516.235       9.869
  17.0953           502.576       9.761
  17.1953           496.394       9.687
  17.2953           486.456       9.560
  17.3953           477.850       9.510
  17.4953           505.454       9.771
  17.5953           499.727       9.651
  17.6953           483.579       9.573
  17.7953           518.842       9.894
  17.8953           489.640       9.571
  17.9953           493.717       9.624
  18.0953           505.658       9.773
  18.1953           502.466       9.722
  18.2953           516.859       9.865
  18.3953           489.251       9.577
  18.4953           510.732       9.835
  18.5953           499.905       9.669
  18.6953           523.606       9.922
  18.7953           499.254       9.722
  18.8953           508.786       9.806
  18.9953           497.489       9.666
  19.0953           509.531       9.833
  19.1953           489.914       9.640
  19.2953           485.042       9.605
  19.3953           469.682       9.451
  19.4953           485.431       9.835
  19.5953           481.480       9.712
  19.6953           481.143       9.573
  19.7953           488.292       9.634
  19.8953           483.956       9.569
  19.9953           469.816       9.417
  20.0953           503.549       9.740
  20.1953           484.004       9.388
  20.2953           490.770       9.983
  20.3953           499.922       9.625
  20.4953           492.792       9.387
  20.5953           513.101       9.952
  20.6953           525.150       9.887
  20.7953           500.246       9.681
  20.8953           545.016      10.098
  20.9953           530.901      10.013
  21.0953           571.177      10.317
  21.1953           570.942      10.347
  21.2953           554.353      10.182
  21.3953           533.375      10.012
  21.4953           520.883       9.886
  21.5953           484.356       9.519
  21.6953           481.618       9.547
  21.7953           492.835       9.570
  21.8953           491.776       9.630
  21.9953           458.740       9.268
  22.0953           471.663       9.426
  22.1953           458.785       9.326
  22.2953           497.765       9.684
  22.3953           485.083       9.597
  22.4953           486.147       9.606
  22.5953           470.984       9.479
  22.6953           470.750       9.647
  22.7953           458.084       9.490
  22.8953           454.213       9.301
  22.9953           473.196       9.423
  23.0953           471.461       9.435
  23.1953           483.288       9.546
  23.2953           473.492       9.408
  23.3953           463.559       9.325
  23.4953           483.276       9.555
  23.5953           455.436       9.171
  23.6953           456.926       9.243
  23.7953           452.975       9.195
  23.8953           468.833       9.352
  23.9953           475.624       9.391
  24.0953           472.870       9.405
  24.1953           469.678       9.369
  24.2953           482.297       9.442
  24.3953           486.094       9.522
  24.4953           473.962       9.377
  24.5953           496.110       9.665
  24.6953           498.985       9.605
  24.7953           510.894       9.725
  24.8953           513.129       9.815
  24.9953           542.770      10.032
  25.0953           560.263      10.215
  25.1953           541.699      10.059
  25.2953           541.283      10.067
  25.3953           502.850       9.694
  25.4953           475.280       9.442
  25.5953           474.008       9.437
  25.6953           456.208       9.243
  25.7953           463.211       9.408
  25.8953           466.269       9.540
  25.9953           469.378       9.591
  26.0953           460.973       9.342
  26.1953           469.187       9.384
  26.2953           475.825       9.425
  26.3953           483.898       9.556
  26.4953           512.044       9.759
  26.5953           503.499       9.668
  26.6953           503.129       9.715
  26.7953           530.698       9.941
  26.8953           521.631       9.863
  26.9953           523.150       9.834
  27.0953           491.969       9.595
  27.1953           504.482       9.673
  27.2953           510.982       9.753
  27.3953           570.437      10.312
  27.4953           598.395      10.544
  27.5953           703.846      11.431
  27.6953           819.124      12.384
  27.7953           922.633      13.082
  27.8953           965.083      13.429
  27.9953           909.581      12.943
  28.0953           774.521      12.051
  28.1953           645.328      10.979
  28.2953           521.624       9.826
  28.3953           483.161       9.523
  28.4953           481.215       9.461
  28.5953           489.776       9.569
  28.6953           487.697       9.577
  28.7953           503.668       9.740
  28.8953           534.261      10.041
  28.9953           567.013      10.325
  29.0953           603.995      10.850
  29.1953           620.855      10.977
  29.2953           589.790      10.638
  29.3953           550.987      10.195
  29.4953           519.353       9.895
  29.5953           481.622       9.491
  29.6953           461.554       9.279
  29.7953           473.527       9.435
  29.8953           445.734       9.156
  29.9953           468.799       9.341
  30.0953           462.761       9.309
  30.1953           457.273       9.250
  30.2953           458.537       9.264
  30.3953           462.348       9.264
  30.4953           468.949       9.388
  30.5953           475.913       9.441
  30.6953           471.689       9.383
  30.7953           490.887       9.556
  30.8953           510.766       9.765
  30.9953           529.489       9.978
  31.0953           557.999      10.179
  31.1953           555.054      10.181
  31.2953           523.751       9.921
  31.3953           513.458       9.786
  31.4953           480.744       9.483
  31.5953           484.284       9.520
  31.6953           458.810       9.307
  31.7953           472.122       9.396
  31.8953           452.811       9.239
  31.9953           440.784       9.085
  32.0953           456.064       9.282
  32.1953           447.589       9.241
  32.2953           452.081       9.418
  32.3953           438.139       9.222
  32.4953           444.784       9.175
  32.5953           437.477       9.051
  32.6953           448.130       9.165
  32.7953           450.771       9.156
  32.8953           466.773       9.358
  32.9953           443.190       9.054
  33.0953           429.648       8.984
  33.1953           444.235       9.060
  33.2953           440.774       9.071
  33.3953           444.144       9.053
  33.4953           441.915       9.062
  33.5953           433.878       8.950
  33.6953           445.333       9.073
  33.7953           441.629       9.093
  33.8953           433.884       8.931
  33.9953           454.965       9.173
  34.0953           442.873       9.067
  34.1953           445.517       9.094
  34.2953           458.727       9.241
  34.3953           450.887       9.056
  34.4953           442.622       9.131
  34.5953           458.957       9.174
  34.6953           453.353       9.216
  34.7953           453.980       9.187
  34.8953           465.996       9.301
  34.9953           449.741       9.131
  35.0953           470.510       9.393
  35.1953           468.679       9.351
  35.2953           457.147       9.268
  35.3953           465.136       9.424
  35.4953           482.253       9.676
  35.5953           459.490       9.452
  35.6953           470.259       9.458
  35.7953           477.787       9.441
  35.8953           486.759       9.555
  35.9953           515.251       9.781
  36.0953           520.896       9.863
  36.1953           546.593      10.072
  36.2953           541.814      10.084
  36.3953           581.828      10.383
  36.4953           542.719      10.069
  36.5953           549.061      10.053
  36.6953           504.139       9.691
  36.7953           504.676       9.647
  36.8953           461.259       9.259
  36.9953           443.500       9.078
  37.0953           467.174       9.299
  37.1953           447.521       9.075
  37.2953           444.727       9.106
  37.3953           464.969       9.272
  37.4953           463.295       9.244
  37.5953           458.654       9.240
  37.6953           430.200       8.928
  37.7953           448.146       9.133
  37.8953           459.231       9.209
  37.9953           466.901       9.319
  38.0953           456.301       9.219
  38.1953           466.619       9.332
  38.2953           447.019       9.102
  38.3953           474.238       9.432
  38.4953           451.210       9.148
  38.5953           458.877       9.345
  38.6953           455.223       9.411
  38.7953           461.358       9.485
  38.8953           482.735       9.558
  38.9953           517.970       9.886
  39.0953           571.735      10.351
  39.1953           628.171      10.802
  39.2953           686.782      11.324
  39.3953           712.261      11.499
  39.4953           650.797      11.029
  39.5953           597.490      10.513
  39.6953           533.750       9.963
  39.7953           483.862       9.460
  39.8953           472.034       9.373
  39.9953           465.720       9.266
  40.0953           470.660       9.341
  40.1953           469.466       9.369
  40.2953           474.422       9.357
  40.3953           495.347       9.568
  40.4953           476.303       9.423
  40.5953           481.364       9.453
  40.6953           454.326       9.171
  40.7953           453.205       9.184
  40.8953           458.359       9.243
  40.9953           467.314       9.311
  41.0953           456.115       9.179
  41.1953           480.386       9.494
  41.2953           467.952       9.331
  41.3953           464.007       9.295
  41.4953           466.100       9.361
  41.5953           487.970       9.546
  41.6953           467.695       9.350
  41.7953           486.916       9.652
  41.8953           508.393      10.119
  41.9953           533.429       9.895
  42.0953           593.446      10.792
  42.1953           701.837      11.453
  42.2953           855.966      12.756
  42.3953           969.188      13.448
  42.4953           949.108      13.362
  42.5953           880.176      12.743
  42.6953           782.985      12.163
  42.7953           672.619      11.192
  42.8953           601.514      10.550
  42.9953           541.911      10.091
  43.0953           543.277      10.030
  43.1953           525.778       9.870
  43.2953           556.365      10.209
  43.3953           601.878      10.545
  43.4953           663.210      11.115
  43.5953           678.951      11.232
  43.6953           603.454      10.558
  43.7953           550.931      10.119
  43.8953           505.097       9.706
  43.9953           488.196       9.494
  44.0953           514.314       9.769
  44.1953           509.829       9.788
  44.2953           520.250       9.813
  44.3953           614.899      10.738
  44.4953           705.620      11.465
  44.5953           803.062      12.182
  44.6953           825.763      12.483
  44.7953           748.134      11.842
  44.8953           638.700      10.949
  44.9953           540.615      10.136
  45.0953           481.723       9.710
  45.1953           474.699       9.592
  45.2953           452.641       9.228
  45.3953           456.997       9.235
  45.4953           457.715       9.212
  45.5953           468.587       9.347
  45.6953           474.349       9.370
  45.7953           511.004       9.716
  45.8953           591.550      10.488
  45.9953           726.316      11.562
  46.0953           868.119      12.635
  46.1953           938.212      13.158
  46.2953           886.080      12.795
  46.3953           757.698      11.796
  46.4953           614.860      10.650
  46.5953           514.023       9.732
  46.6953           471.859       9.319
  46.7953           481.535       9.433
  46.8953           475.920       9.355
  46.9953           472.567       9.302
  47.0953           500.774       9.620
  47.1953           536.863       9.947
  47.2953           597.159      10.501
  47.3953           653.126      10.965
  47.4953           653.124      10.990
  47.5953           645.240      10.882
  47.6953           592.764      10.492
  47.7953           524.069       9.836
  47.8953           516.485       9.790
  47.9953           543.649      10.073
  48.0953           667.125      11.099
  48.1953           935.987      13.345
  48.2953          1467.140      16.855
  48.3953          2152.096      20.480
  48.4953          3031.783      23.842
  48.5953          3440.298      25.361
  48.6953          3447.910      25.306
  48.7953          3090.881      24.041
  48.8953          2519.945      21.570
  48.9953          1844.898      18.487
  49.0953          1242.599      15.242
  49.1953           779.554      11.969
  49.2953           557.577      10.146
  49.3953           491.221       9.535
  49.4953           496.830       9.577
  49.5953           488.538       9.494
  49.6953           482.454       9.409
  49.7953           480.568       9.467
  49.8953           493.319       9.496
  49.9953           474.508       9.340
  50.0953           485.857       9.496
  50.1953           470.719       9.325
  50.2953           495.668       9.562
  50.3953           480.545       9.421
  50.4953           458.548       9.200
  50.5953           478.526       9.426
  50.6953           489.538       9.499
  50.7953           536.601       9.983
  50.8953           648.330      10.963
  50.9953           746.003      11.770
  51.0953           870.040      12.726
  51.1953           876.135      12.776
  51.2953           770.869      11.992
  51.3953           610.859      10.669
  51.4953           529.400      10.175
  51.5953           483.964       9.666
  51.6953           475.008       9.470
  51.7953           501.182       9.660
  51.8953           510.901       9.728
  51.9953           531.488       9.899
  52.0953           502.620       9.660
  52.1953           525.128       9.863
  52.2953           540.878       9.947
  52.3953           550.565      10.091
  52.4953           530.287       9.863
  52.5953           501.357       9.587
  52.6953           468.357       9.280
  52.7953           471.782       9.299
  52.8953           461.558       9.229
  52.9953           449.254       9.052
  53.0953           469.550       9.302
  53.1953           454.168       9.116
  53.2953           457.376       9.166
  53.3953           450.509       9.098
  53.4953           445.002       9.055
  53.5953           446.887       9.032
  53.6953           460.712       9.216
  53.7953           470.072       9.307
  53.8953           449.922       9.058
  53.9953           462.845       9.259
  54.0953           448.091       9.096
  54.1953           458.599       9.187
  54.2953           480.330       9.420
  54.3953           534.222       9.972
  54.4953           589.621      10.441
  54.5953           598.276      10.594
  54.6953           617.414      10.926
  54.7953           551.332      10.349
  54.8953           526.417       9.913
  54.9953           488.253       9.550
  55.0953           479.636       9.406
  55.1953           480.178       9.441
  55.2953           494.010       9.520
  55.3953           491.608       9.530
  55.4953           473.096       9.343
  55.5953           474.597       9.317
  55.6953           481.502       9.443
  55.7953           462.769       9.233
  55.8953           471.828       9.305
  55.9953           467.304       9.258
  56.0953           467.326       9.262
  56.1953           457.873       9.178
  56.2953           456.569       9.157
  56.3953           475.686       9.322
  56.4953           477.475       9.397
  56.5953           465.372       9.261
  56.6953           454.133       9.121
  56.7953           466.585       9.258
  56.8953           481.449       9.428
  56.9953           477.161       9.333
  57.0953           456.973       9.189
  57.1953           462.277       9.223
  57.2953           456.274       9.199
  57.3953           472.747       9.362
  57.4953           446.807       9.038
  57.5953           445.864       9.130
  57.6953           469.216       9.338
  57.7953           456.992       9.240
  57.8953           450.291       9.395
  57.9953           444.744       9.216
  58.0953           445.388       9.147
  58.1953           448.727       9.131
  58.2953           454.679       9.163
  58.3953           433.822       8.987
  58.4953           442.151       8.999
  58.5953           437.175       8.997
  58.6953           451.741       9.099
  58.7953           445.461       9.048
  58.8953           438.343       8.978
  58.9953           447.444       9.113
  59.0953           452.623       8.988
  59.1953           471.818       9.358
  59.2953           484.830       9.443
  59.3953           475.205       9.332
  59.4953           476.473       9.332
  59.5953           457.270       9.145
  59.6953           450.824       9.089
  59.7953           469.086       9.328
  59.8953           458.719       9.098
  59.9953           467.460       9.290
  60.0953           466.018       9.272
  60.1953           464.874       9.215
  60.2953           451.335       9.074
  60.3953           460.983       9.233
  60.4953           441.065       8.979
  60.5953           486.914       9.459
  60.6953           492.503       9.533
  60.7953           549.160      10.068
  60.8953           556.144      10.174
  60.9953           570.398      10.349
  61.0953           521.659       9.999
  61.1953           512.156       9.938
  61.2953           460.124       9.238
  61.3953           455.426       9.154
  61.4953           457.564       9.140
  61.5953           456.823       9.164
  61.6953           461.081       9.174
  61.7953           480.495       9.366
  61.8953           486.905       9.466
  61.9953           485.872       9.389
  62.0953           482.489       9.339
  62.1953           468.042       9.287
  62.2953           472.979       9.244
  62.3953           486.444       9.400
  62.4953           497.081       9.491
  62.5953           498.828       9.579
  62.6953           475.390       9.258
  62.7953           441.684       8.960
  62.8953           440.126       8.938
  62.9953           433.260       8.872
  63.0953           435.513       8.879
  63.1953           449.008       9.014
  63.2953           453.862       9.147
  63.3953           453.997       9.047
  63.4953           437.605       8.899
  63.5953           447.165       9.053
  63.6953           466.322       9.231
  63.7953           460.536       9.125
  63.8953           520.467       9.780
  63.9953           668.742      11.036
  64.0953          1024.013      13.712
  64.1953          1647.753      17.456
  64.2953          2164.285      20.020
  64.3953          2238.565      21.147
  64.4953          1865.769      18.368
  64.5953          1445.621      16.441
  64.6953           521.240       9.356
  64.7953           715.387      11.028
  64.8953           618.891      11.690
  64.9953           676.414      12.913
  65.0953           733.379      11.835
  65.1953           766.950      10.909
  65.2953           667.150      10.934
  65.3953           551.468       9.989
  65.4953           478.332       9.345
  65.5953           470.615       9.207
  65.6953           456.678       9.161
  65.7953           463.942       9.193
  65.8953           467.858       9.215
  65.9953           465.072       9.210
  66.0953           456.152       9.149
  66.1953           469.705       9.246
  66.2953           457.522       9.130
  66.3953           462.544       9.176
  66.4953           466.366       9.296
  66.5953           457.695       9.096
  66.6953           470.283       9.284
  66.7953           467.823       9.286
  66.8953           462.175       9.229
  66.9953           454.758       9.106
  67.0953           462.163       9.240
  67.1953           455.137       9.139
  67.2953           483.880       9.484
  67.3953           549.278      10.110
  67.4953           653.745      11.226
  67.5953           707.086      11.624
  67.6953           672.263      11.150
  67.7953           589.521      10.407
  67.8953           498.441       9.550
  67.9953           456.036       9.132
  68.0953           462.962       9.154
  68.1953           447.338       9.012
  68.2953           436.769       8.936
  68.3953           441.567       8.921
  68.4953           439.407       8.921
  68.5953           453.863       9.057
  68.6953           485.054       9.370
  68.7953           566.626      10.112
  68.8953           692.432      11.145
  68.9953           859.228      12.511
  69.0953           876.822      12.499
  69.1953           751.711      11.658
  69.2953           602.679      10.450
  69.3953           494.407       9.480
  69.4953           467.614       9.134
  69.5953           466.772       9.197
  69.6953           445.743       8.974
  69.7953           423.991       8.754
  69.8953           452.007       9.013
  69.9953           462.454       9.174
  70.0953           523.290       9.768
  70.1953           562.393      10.081
  70.2953           561.757      10.134
  70.3953           543.875       9.963
  70.4953           486.829       9.399
  70.5953           518.905       9.805
  70.6953           523.856       9.986
  70.7953           564.964      10.330
  70.8953           514.212       9.726
  70.9953           488.444       9.440
  71.0953           452.082       9.106
  71.1953           455.449       9.069
  71.2953           456.838       9.113
  71.3953           459.376       9.120
  71.4953           441.288       8.937
  71.5953           440.251       8.922
  71.6953           462.355       9.124
  71.7953           464.805       9.153
  71.8953           437.183       8.904
  71.9953           443.385       8.939
  72.0953           456.063       9.096
  72.1953           469.340       9.192
  72.2953           506.685       9.555
  72.3953           607.588      10.452
  72.4953           687.216      11.128
  72.5953           723.976      11.496
  72.6953           698.392      11.162
  72.7953           629.275      10.614
  72.8953           587.601      10.277
  72.9953           527.597       9.673
  73.0953           503.657       9.518
  73.1953           462.125       8.981
  73.2953           456.223       8.847
  73.3953           506.457       8.250
  73.4953           569.764      19.317
  73.5953           593.748       9.933
  73.6953           634.160       9.960
  73.7953           576.737       9.399
  73.8953           483.988      12.693
  73.9953           473.484       8.983
  74.0953           445.930       9.028
  74.1953           438.992       8.916
  74.2953           429.310       8.828
  74.3953           444.400       8.998
  74.4953           437.271       8.878
  74.5953           451.772       9.107
  74.6953           450.019       9.044
  74.7953           462.301       9.171
  74.8953           449.633       8.993
  74.9953           472.427       9.288
  75.0953           441.183       8.959
  75.1953           443.515       8.949
  75.2953           449.815       9.032
  75.3953           433.803       8.892
  75.4953           431.130       8.821
  75.5953           456.695       9.089
  75.6953           472.971       9.269
  75.7953           510.352       9.616
  75.8953           554.230      10.026
  75.9953           614.717      10.575
  76.0953           670.199      11.009
  76.1953           713.477      11.416
  76.2953           851.188      12.371
  76.3953           885.360      12.730
  76.4953           789.380      11.967
  76.5953           702.787      11.293
  76.6953           703.964      11.362
  76.7953           951.624      13.197
  76.8953          1496.139      16.570
  76.9953          2064.993      19.574
  77.0953          2002.403      19.567
  77.1953          1404.460      16.405
  77.2953           850.141      12.585
  77.3953           730.746      11.602
  77.4953          1037.661      13.798
  77.5953          1758.390      18.052
  77.6953          2395.035      20.823
  77.7953          2304.858      20.541
  77.8953          1483.286      16.502
  77.9953           829.106      12.300
  78.0953           532.443       9.835
  78.1953           473.565       9.322
  78.2953           483.954       9.389
  78.3953           459.731       9.154
  78.4953           449.424       9.052
  78.5953           471.190       9.286
  78.6953           501.154       9.558
  78.7953           531.944       9.847
  78.8953           606.703      10.553
  78.9953           602.915      10.499
  79.0953           529.248       9.835
  79.1953           459.066       9.143
  79.2953           435.840       8.949
  79.3953           447.656       9.033
  79.4953           419.666       8.707
  79.5953           433.439       8.941
  79.6953           416.530       8.739
  79.7953           434.988       8.916
  79.8953           456.365       9.184
  79.9953           439.612       8.998
  80.0953           423.388       8.844
  80.1953           434.174       9.008
  80.2953           436.789       9.198
  80.3953           437.785       9.105
  80.4953           434.563       9.010
  80.5953           455.092       9.137
  80.6953           470.417       9.327
  80.7953           506.894       9.624
  80.8953           510.194       9.678
  80.9953           475.882       9.292
  81.0953           453.897       9.114
  81.1953           452.363       9.065
  81.2953           440.408       8.973
  81.3953           446.757       8.982
  81.4953           451.875       9.072
  81.5953           466.085       9.205
  81.6953           486.901       9.404
  81.7953           478.359       9.344
  81.8953           461.073       9.127
  81.9953           497.229       9.485
  82.0953           504.349       9.583
  82.1953           499.500       9.558
  82.2953           497.562       9.473
  82.3953           475.667       9.289
  82.4953           475.659       9.319
  82.5953           440.941       8.949
  82.6953           430.535       8.803
  82.7953           452.383       9.132
  82.8953           430.472       8.856
  82.9953           441.077       8.959
  83.0953           522.282       9.780
  83.1953           641.929      10.857
  83.2953           851.471      12.503
  83.3953           887.262      12.813
  83.4953           796.817      12.365
  83.5953           636.256      11.006
  83.6953           544.281      10.076
  83.7953           495.137       9.517
  83.8953           484.569       9.456
  83.9953           518.080       9.746
  84.0953           591.757      10.406
  84.1953           621.586      10.643
  84.2953           580.607      10.311
  84.3953           483.096       9.330
  84.4953           441.253       8.985
  84.5953           434.798       8.894
  84.6953           428.085       8.810
  84.7953           443.172       8.964
  84.8953           456.413       9.230
  84.9953           449.657       8.837
  85.0953           445.586       9.090
  85.1953           427.453       8.792
  85.2953           439.575       8.937
  85.3953           445.555       9.022
  85.4953           438.604       8.916
  85.5953           429.926       8.811
  85.6953           440.150       8.957
  85.7953           425.058       8.787
  85.8953           437.789       8.907
  85.9953           453.721       9.148
  86.0953           463.895       9.145
  86.1953           445.749       9.056
  86.2953           459.709       9.132
  86.3953           435.435       8.939
  86.4953           438.917       9.035
  86.5953           499.306       9.565
  86.6953           756.882      12.035
  86.7953          1254.985      15.520
  86.8953          2208.728      20.258
  86.9953          2879.044      22.977
  87.0953          2824.411      22.754
  87.1953          2184.068      19.987
  87.2953          1509.778      16.557
  87.3953           952.762      13.191
  87.4953           582.259      10.316
  87.5953           456.496       9.085
  87.6953           434.930       8.876
  87.7953           444.960       9.006
  87.8953           449.141       9.030
  87.9953           429.972       8.802
  88.0953           421.429       8.757
  88.1953           438.962       8.938
  88.2953           438.661       8.893
  88.3953           449.841       9.020
  88.4953           435.571       8.904
  88.5953           435.258       8.887
  88.6953           421.099       8.729
  88.7953           437.530       8.935
  88.8953           435.411       8.864
  88.9953           428.080       8.844
  89.0953           408.763       8.591
  89.1953           424.652       8.828
  89.2953           427.615       8.797
  89.3953           416.777       8.719
  89.4953           449.908       9.086
  89.5953           444.163       8.970
  89.6953           520.722       9.801
  89.7953           641.516      10.864
  89.8953           809.608      12.417
  89.9953           868.326      12.874
  90.0953           729.360      11.627
  90.1953           541.015       9.973
  90.2953           443.099       9.009
  90.3953           420.236       8.740
  90.4953           411.466       8.596
  90.5953           422.514       8.770
  90.6953           419.425       8.713
  90.7953           433.452       8.866
  90.8953           440.179       8.915
  90.9953           419.339       8.712
  91.0953           420.858       8.756
  91.1953           421.549       8.696
  91.2953           451.396       9.059
  91.3953           544.588       9.898
  91.4953           712.921      11.384
  91.5953           917.387      12.879
  91.6953           944.745      13.085
  91.7953           769.207      11.837
  91.8953           559.022       9.989
  91.9953           488.630       9.442
  92.0953           481.163       9.312
  92.1953           490.858       9.448
  92.2953           461.119       9.126
  92.3953           449.232       9.057
  92.4953           424.321       8.794
  92.5953           412.248       8.651
  92.6953           406.789       8.601
  92.7953           422.645       8.820
  92.8953           442.723       8.987
  92.9953           482.882       9.481
  93.0953           471.258       9.492
  93.1953           471.085       9.486
  93.2953           435.402       9.055
  93.3953           416.156       8.762
  93.4953           427.254       8.872
  93.5953           417.825       8.766
  93.6953           415.659       8.743
  93.7953           407.077       8.640
  93.8953           410.545       8.690
  93.9953           406.280       8.638
  94.0953           423.258       8.767
  94.1953           445.127       9.030
  94.2953           491.583       9.492
  94.3953           602.555      10.467
  94.4953           653.768      10.936
  94.5953           698.254      11.300
  94.6953           611.108      10.573
  94.7953           478.005       9.330
  94.8953           454.489       9.125
  94.9953           508.065       9.678
  95.0953           700.453      11.247
  95.1953           945.639      13.240
  95.2953           994.332      13.464
  95.3953           821.190      12.258
  95.4953           660.198      10.988
  95.5953           666.948      11.068
  95.6953           698.170      11.329
  95.7953           715.285      11.463
  95.8953           714.903      11.386
  95.9953           631.245      10.926
  96.0953           540.968       9.910
  96.1953           525.693       9.935
  96.2953           700.909      11.600
  96.3953          1077.849      14.333
  96.4953          1394.460      16.191
  96.5953          1350.927      15.784
  96.6953           921.581      13.062
  96.7953           617.160      10.700
  96.8953           587.508      10.362
  96.9953           668.392      11.095
  97.0953           693.182      11.303
  97.1953           632.894      10.716
  97.2953           612.125      10.609
  97.3953           694.167      11.288
  97.4953           678.583      11.154
  97.5953           544.780       9.970
  97.6953           467.157       9.247
  97.7953           448.175       9.053
  97.8953           469.498       9.254
  97.9953           524.333       9.774
  98.0953           557.533      10.104
  98.1953           604.630      10.541
  98.2953           643.139      10.788
  98.3953           601.686      10.524
  98.4953           557.611      10.135
  98.5953           576.232      10.217
  98.6953           609.474      10.551
  98.7953           599.932      10.517
  98.8953           531.803       9.894
  98.9953           459.589       9.166
  99.0953           459.218       9.212
  99.1953           455.067       9.123
  99.2953           456.885       9.230
  99.3953           435.529       8.996
  99.4953           412.501       8.927
  99.5953           402.103       8.756
  99.6953           413.178       8.785
  99.7953           416.950       8.722
  99.8953           407.802       8.641
  99.9953           438.598       8.960
 100.0953           518.823       9.720
 100.1953           550.397      10.004
 100.2953           535.106       9.887
 100.3953           497.409       9.480
 100.4953           420.851       8.745
 100.5953           428.313       8.813
 100.6953           443.888       8.973
 100.7953           424.595       8.759
 100.8953           422.191       8.750
 100.9953           434.036       8.858
 101.0953           414.681       8.669
 101.1953           400.784       8.506
 101.2953           409.124       8.616
 101.3953           397.918       8.491
 101.4953           401.066       8.522
 101.5953           403.802       8.584
 101.6953           397.899       8.487
 101.7953           410.269       8.611
 101.8953           424.153       8.798
 101.9953           417.830       8.710
 102.0953           410.650       8.650
 102.1953           410.899       8.632
 102.2953           402.796       8.588
 102.3953           417.731       8.737
 102.4953           464.239       9.175
 102.5953           620.814      10.739
 102.6953           825.954      12.533
 102.8953           823.511      12.422
 102.9953           612.340      10.613
 103.0953           497.715       9.568
 103.1953           450.435       9.106
 103.2953           440.408       8.960
 103.3953           433.521       8.914
 103.4953           410.647       8.659
 103.5953           426.195       8.781
 103.6953           454.015       9.091
 103.7953           442.098       8.978
 103.8953           428.481       8.828
 103.9953           414.506       8.685
 104.0953           406.809       8.597
 104.1953           426.612       8.834
 104.2953           426.975       8.795
 104.3953           418.404       8.726
 104.4953           403.634       8.565
 104.5953           411.203       8.655
 104.6953           404.773       8.570
 104.7953           395.508       8.494
 104.8953           406.937       8.612
 104.9953           423.353       8.803
 105.0953           438.263       8.896
 105.1953           463.457       9.245
 105.2953           460.911       9.160
 105.3953           463.000       9.218
 105.4953           549.998      10.040
 105.5953           675.474      11.123
 105.6953           761.381      11.771
 105.7953           839.169      12.508
 105.8953           855.682      12.920
 105.9953           721.574      11.477
 106.0953           616.572      10.840
 106.1953           487.598       9.442
 106.2953           471.099       9.335
 106.3953           561.705      10.100
 106.4953           672.075      11.082
 106.5953           704.028      11.321
 106.6953           625.085      10.687
 106.7953           534.800       9.830
 106.8953           488.641       9.273
 106.9953           452.653       9.420
 107.0953           435.241       8.722
 107.1953           392.763       8.416
 107.2953           392.902       8.477
 107.3953           418.919       8.688
 107.4953           496.670       9.495
 107.5953           610.190      10.510
 107.6953           712.380      11.374
 107.7953           664.256      11.001
 107.8953           539.471       9.887
 107.9953           433.521       8.894
 108.0953           398.331       8.492
 108.1953           391.231       8.457
 108.2953           422.524       8.757
 108.3953           450.560       9.075
 108.4953           490.320       9.433
 108.5953           599.236      10.468
 108.6953           670.618      11.088
 108.7953           736.915      11.617
 108.8953           732.353      11.531
 108.9953           729.324      11.697
 109.0953           751.460      11.948
 109.1953           630.752      10.958
 109.2953           548.800      10.135
 109.3953           461.081       9.189
 109.4953           448.736       9.086
 109.5953           422.516       8.849
 109.6953           464.424       9.175
 109.7953           535.985       9.922
 109.8953           644.375      10.821
 109.9953           678.162      11.120
 110.0953           593.996      10.378
 110.1953           464.653       9.187
 110.2953           396.034       8.482
 110.3953           385.110       8.354
 110.4953           404.727       8.550
 110.5953           400.766       8.578
 110.6953           464.829       9.158
 110.7953           558.062      10.069
 110.8953           619.466      10.597
 110.9953           609.534      10.539
 111.0953           520.283       9.700
 111.1953           429.038       8.822
 111.2953           402.502       8.550
 111.3953           407.613       8.622
 111.4953           408.798       8.595
 111.5953           414.107       8.720
 111.6953           395.080       8.454
 111.7953           372.051       8.284
 111.8953           376.681       8.241
 111.9953           388.170       8.495
 112.0953           402.045       8.548
 112.1953           387.914       8.516
 112.2953           447.692       9.233
 112.3953           533.374      10.065
 112.4953           704.250      11.403
 112.5953           810.160      12.134
 112.6953           758.534      11.773
 112.7953           593.764      10.368
 112.8953           461.357       9.134
 112.9953           383.003       8.309
 113.0953           377.572       8.295
 113.1953           373.152       8.202
 113.2953           361.047       8.055
 113.3953           382.399       8.335
 113.4953           379.297       8.273
 113.5953           401.211       8.531
 113.6953           411.807       8.591
 113.7953           477.169       9.273
 113.8953           496.744       9.466
 113.9953           479.292       9.274
 114.0953           443.769       8.920
 114.1953           405.310       8.626
 114.2953           381.138       8.249
 114.3953           379.919       8.283
 114.4953           376.759       8.251
 114.5953           374.607       8.208
 114.6953           389.031       8.423
 114.7953           366.606       8.068
 114.8953           384.090       8.414
 114.9953           365.294       8.112
 115.0953           399.790       8.537
 115.1953           449.028       9.029
 115.2953           550.920      10.058
 115.3953           672.786      11.103
 115.4953           716.992      11.702
 115.5953           668.504      11.217
 115.6953           560.527      10.180
 115.7953           456.340       9.101
 115.8953           419.956       8.745
 115.9953           434.149       8.905
 116.0953           446.852       8.989
 116.1953           440.586       8.947
 116.2953           431.963       8.854
 116.3953           379.565       8.283
 116.4953           346.626       7.969
 116.5953           358.391       7.966
 116.6953           357.431       8.061
 116.7953           346.618       7.900
 116.8953           359.649       8.064
 116.9953           376.682       8.257
 117.0953           388.363       8.352
 117.1953           372.378       8.214
 117.2953           366.168       8.125
 117.3953           357.191       8.035
 117.4953           361.979       8.088
 117.5953           354.549       7.994
 117.6953           365.811       8.131
 117.7953           361.381       8.087
 117.8953           375.760       8.213
 117.9953           397.778       8.577
 118.0953           415.782       8.546
 118.1953           448.362       9.097
 118.2953           453.215       9.057
 118.3953           471.202       9.271
 118.4953           459.146       9.134
 118.5953           451.756       9.134
 118.6953           450.419       9.196
 118.7953           490.756       9.703
 118.8953           592.932      10.390
 118.9953           719.584      11.490
 119.0953           799.335      11.999
 119.1953           785.078      11.960
 119.2953           693.360      11.198
 119.3953           590.295      10.327
 119.4953           485.272       9.358
 119.5953           445.843       8.985
 119.6953           377.880       8.215
 119.7953           361.080       8.088
 119.8953           340.284       7.825
 119.9953           347.185       7.891
 120.0953           339.426       7.785
 120.1953           348.540       8.071
 120.2953           355.039       7.715
 120.3953           339.737       7.942
 120.4953           336.298       7.771
 120.5953           341.089       7.869
 120.6953           340.483       7.764
 120.7953           336.025       7.796
 120.8953           324.852       7.625
 120.9953           337.769       7.803
 121.0953           320.662       7.579
 121.1953           344.615       7.894
 121.2953           367.450       8.153
 121.3953           404.338       8.532
 121.4953           453.548       9.051
 121.5953           466.632       9.286
 121.6953           510.217       9.473
 121.7953           545.723      10.190
 121.8953           542.051      10.029
 121.9953           532.749      10.045
 122.0953           462.598       9.239
 122.1953           394.293       8.456
 122.2953           370.889       8.242
 122.3953           351.424       7.987
 122.4953           351.094       8.017
 122.5953           337.078       7.816
 122.6953           363.396       8.152
 122.7953           360.829       8.074
 122.8953           406.521       8.561
 122.9953           419.566       8.760
 123.0953           426.270       8.782
 123.1953           363.169       8.086
 123.2953           362.850       8.118
 123.3953           346.100       7.907
 123.4953           344.779       7.887
 123.5953           332.661       7.751
 123.6953           332.960       7.785
 123.7953           357.925       8.048
 123.8953           387.688       8.365
 123.9953           412.583       8.635
 124.0953           397.122       8.488
 124.1953           409.870       8.620
 124.2953           386.812       8.375
 124.3953           378.443       8.296
 124.4953           351.304       8.011
 124.5953           348.198       7.938
 124.6953           344.868       7.962
 124.7953           349.646       7.902
 124.8953           359.050       8.123
 124.9953           399.826       8.603
 125.0953           458.980       9.267
 125.1953           508.493       9.815
 125.2953           528.696       9.896
 125.3953           519.876       9.818
 125.4953           480.529       9.303
 125.5953           403.203       8.546
 125.6953           360.936       8.081
 125.7953           349.956       7.921
 125.8953           342.031       7.855
 125.9953           334.304       7.749
 126.0953           343.115       7.820
 126.1953           338.790       7.805
 126.2953           349.415       7.927
 126.3953           349.286       7.888
 126.4953           373.333       8.224
 126.5953           406.459       8.518
 126.6953           450.644       8.984
 126.7953           454.756       9.016
 126.8953           463.681       9.120
 126.9953           450.288       9.017
 127.0953           410.323       8.545
 127.1953           379.980       8.239
 127.2953           356.537       8.000
 127.3953           337.841       7.829
 127.4953           347.840       7.871
 127.5953           318.280       7.572
 127.6953           333.160       7.729
 127.7953           319.804       7.614
 127.8953           322.965       7.617
 127.9953           325.807       7.705
 128.0953           336.360       7.762
 128.1953           317.948       7.666
 128.2953           315.617       7.700
 128.3953           339.566       8.001
 128.4953           327.402       7.760
 128.5953           347.661       7.953
 128.6953           377.330       8.272
 128.7953           422.332       8.761
 128.8953           466.642       9.164
 128.9953           490.515       9.435
 129.0953           521.737       9.739
 129.1953           490.078       9.368
 129.2953           451.144       9.003
 129.3953           393.486       8.445
 129.4953           372.491       8.173
 129.5953           368.277       8.138
 129.6953           347.263       7.909
 129.7953           352.714       7.989
 129.8953           337.254       7.776
 129.9953           350.135       7.947
 130.0953           338.206       7.779
 130.1953           349.491       7.941
 130.2953           355.914       8.003
 130.3953           345.266       7.875
 130.4953           370.172       8.174
 130.5953           399.453       8.486
 130.6953           419.713       8.688
 130.7953           427.005       8.795
 130.8953           428.597       8.804
 130.9953           417.794       8.685
 131.0953           406.306       8.581
 131.1953           382.580       8.345
 131.2953           372.752       8.201
 131.3953           353.015       8.069
 131.4953           351.168       8.119
 131.5953           332.325       7.949
 131.6953           351.877       8.039
 131.7953           331.807       7.759
 131.8953           332.563       7.742
 131.9953           341.672       7.891
 132.0953           319.001       7.567
 132.1953           325.253       7.690
 132.2953           351.181       7.965
 132.3953           342.481       7.826
 132.4953           356.768       8.024
 132.5953           338.342       7.776
 132.6953           352.279       7.988
 132.7953           361.455       8.030
 132.8953           374.603       8.198
 132.9953           361.810       8.060
 133.0953           366.182       8.099
 133.1953           371.573       8.032
 133.2953           390.776       8.637
 133.3953           385.484       8.200
 133.4953           379.443       8.239
 133.5953           391.207       8.379
 133.6953           403.740       8.510
 133.7953           400.211       8.490
 133.8953           380.851       8.225
 133.9953           358.616       8.057
 134.0953           340.808       7.833
 134.1953           335.610       7.749
 134.2953           313.795       7.538
 134.3953           310.730       7.499
 134.4953           321.853       7.620
 134.5953           302.249       7.454
 134.6953           315.367       7.736
 134.7953           313.706       7.647
 134.8953           306.958       7.516
 134.9953           326.234       7.655
 135.0953           315.464       7.526
 135.1953           316.887       7.564
 135.2953           322.518       7.615
 135.3953           337.893       7.785
 135.4953           354.674       7.997
 135.5953           408.538       8.530
 135.6953           503.800       9.511
 135.7953           616.425      10.475
 135.8953           701.845      11.240
 135.9953           773.606      11.762
 136.0953           803.596      11.987
 136.1953           780.509      11.844
 136.2953           689.081      11.074
 136.3953           597.295      10.341
 136.4953           492.802       9.402
 136.5953           403.893       8.519
 136.6953           378.008       8.194
 136.7953           345.094       7.863
 136.8953           362.186       8.061
 136.9953           408.829       8.521
 137.0953           472.696       9.212
 137.1953           519.879       9.681
 137.2953           565.552      10.070
 137.3953           597.436      10.341
 137.4953           584.407      10.250
 137.5953           564.837      10.090
 137.6953           515.695       9.651
 137.7953           461.466       9.160
 137.8953           402.384       8.694
 137.9953           351.379       8.117
 138.0953           332.029       7.800
 138.1953           316.679       7.523
 138.2953           321.109       7.630
 138.3953           298.771       7.311
 138.4953           314.831       7.509
 138.5953           313.588       7.490
 138.6953           314.555       7.492
 138.7953           306.062       7.369
 138.8953           312.392       7.444
 138.9953           312.800       7.473
 139.0953           309.304       7.411
 139.1953           302.609       7.301
 139.2953           333.269       7.732
 139.3953           324.514       7.559
 139.4953           353.747       7.952
 139.5953           397.342       8.345
 139.6953           416.587       8.628
 139.7953           448.568       8.952
 139.8953           488.376       9.288
 139.9953           497.714       9.403
 140.0953           504.007       9.461
 140.1953           521.583       9.662
 140.2953           516.150       9.550
 140.3953           532.853       9.779
 140.4953           547.204       9.881
 140.5953           527.656       9.712
 140.6953           531.504       9.781
 140.7953           525.419       9.698
 140.8953           517.092       9.639
 140.9953           483.534       9.418
 141.0953           435.870       9.020
 141.1953           401.384       8.663
 141.2953           385.548       8.360
 141.3953           374.164       8.163
 141.4953           387.280       8.339
 141.5953           429.806       8.741
 141.6953           464.475       9.116
 141.7953           540.899       9.839
 141.8953           568.478      10.040
 141.9953           607.137      10.341
 142.0953           596.565      10.304
 142.1953           609.036      10.419
 142.2953           570.443      10.065
 142.3953           613.541      10.378
 142.4953           563.233      10.026
 142.5953           519.800       9.606
 142.6953           510.799       9.502
 142.7953           488.967       9.289
 142.8953           496.713       9.387
 142.9953           475.995       9.190
 143.0953           497.865       9.360
 143.1953           470.065       9.138
 143.2953           436.119       8.789
 143.3953           428.745       8.719
 143.4953           406.292       8.472
 143.5953           368.939       8.090
 143.6953           329.291       7.693
 143.7953           335.443       7.812
 143.8953           314.252       7.223
 143.9953           321.093       7.706
 144.0953           299.890       7.293
 144.1953           306.914       7.483
 144.2953           298.449       7.417
 144.3953           314.714       7.683
 144.4953           284.737       7.209
 144.5953           298.079       7.309
 144.6953           321.269       7.572
 144.7953           309.456       7.442
 144.8953           316.985       7.507
 144.9953           321.823       7.571
 145.0953           328.309       7.633
 145.1953           328.054       7.652
 145.2953           346.790       7.813
 145.3953           356.112       7.959
 145.4953           366.272       8.064
 145.5953           367.607       7.453
 145.6953           447.789      10.851
 145.7953           376.345       7.565
 145.8953           401.484       8.423
 145.9953           396.409       8.364
 146.0953           409.896       8.523
 146.1953           410.810       8.542
 146.2953           386.537       8.279
 146.3953           383.925       8.185
 146.4953           365.897       8.101
 146.5953           373.732       8.128
 146.6953           369.810       8.089
 146.7953           344.602       7.852
 146.8953           347.502       7.859
 146.9953           333.489       7.712
 147.0953           319.930       7.553
 147.1953           319.522       7.550
 147.2953           303.942       7.367
 147.3953           318.168       7.588
 147.4953           306.077       7.567
 147.5953           299.470       7.452
 147.6953           293.724       7.323
 147.7953           298.676       7.296
 147.8953           297.893       7.327
 147.9953           297.370       7.257
 148.0953           295.005       7.276
 148.1953           292.329       7.184
 148.2953           318.346       7.565
 148.3953           315.951       7.480
 148.4953           320.614       7.647
 148.5953           345.461       7.588
 148.6953           334.835       7.853
 148.7953           348.395       8.078
 148.8953           347.079       7.427
 148.9953           355.299       7.951
 149.0953           344.193       7.962
 149.1953           337.834       7.567
 149.2953           340.507       7.695
 149.3953           335.755       7.687
 149.4953           352.647       7.800
 149.5953           328.708       7.492
 149.6953           342.095       7.924
 149.7953           333.310       7.667
 149.8953           339.989       7.502
 149.9953           350.334       8.276
 150.0953           370.753       7.589
 150.1953           400.462       9.288
 150.2953           416.482       8.168
 150.3953           434.091       8.853
 150.4953           458.915       9.047
 150.5953           452.089       9.024
 150.6953           468.408       8.455
 150.7953             0.000       0.000
 150.8953             0.000       0.000
