XYDATA  Co2SiO4 8mmV 1.87A HiRes FullBeam 500K CF ROC 
INTER        1       1       0     0.100000
TEMP       358.414      366.144      365.909
! d20 23-Apr-08 09:22:09 User Sazono   L.C.Hansen  Run 594842*d20_2008_04_5880
! d20 23-Apr-08 09:22:09 User Sazono   L.C.Hansen  Run 594842*d20_2008_04_5880
! Monitor/counts, Counting time/sec:       100000.      62.5111
   0.0953          4111.149      28.022
   0.1953          4296.603      29.115
   0.2953          4290.005      29.357
   0.3953          4124.520      28.600
   0.4953          3859.361      27.463
   0.5953          3437.451      25.711
   0.6953          3048.601      24.145
   0.7953          2585.058      22.292
   0.8953          2257.865      20.766
   0.9953          1941.836      19.307
   1.0953          1617.473      17.566
   1.1953          1321.326      15.845
   1.2953          1035.168      14.050
   1.3953           770.749      12.113
   1.4953           564.631      10.361
   1.5953           425.570       8.972
   1.6953           370.083       8.411
   1.7953           346.851       8.137
   1.8953           326.038       7.859
   1.9953           314.212       7.719
   2.0953           314.041       7.738
   2.1953           283.111       7.342
   2.2953           287.592       7.377
   2.3953           279.693       7.288
   2.4953           278.583       7.303
   2.5953           267.367       7.083
   2.6953           250.777       6.950
   2.7953           250.213       6.889
   2.8953           251.271       6.932
   2.9953           249.242       6.897
   3.0953           237.316       6.742
   3.1953           242.172       6.806
   3.2953           231.251       6.642
   3.3953           224.567       6.605
   3.4953           240.829       6.935
   3.5953           238.054       6.892
   3.6953           233.015       6.738
   3.7953           241.838       6.821
   3.8953           270.302       7.193
   3.9953           281.555       7.346
   4.0953           322.096       7.814
   4.1953           338.348       8.081
   4.2953           394.052       8.642
   4.3953           446.409       9.201
   4.4953           499.083       9.724
   4.5953           560.401      10.360
   4.6953           608.447      10.706
   4.7953           649.845      11.101
   4.8953           665.870      11.242
   4.9953           686.389      11.446
   5.0953           712.873      11.610
   5.1953           707.610      11.564
   5.2953           684.518      11.429
   5.3953           713.057      11.629
   5.4953           699.216      11.490
   5.5953           690.659      11.457
   5.6953           726.159      11.761
   5.7953           694.313      11.508
   5.8953           696.360      11.451
   5.9953           699.709      11.586
   6.0953           678.766      11.381
   6.1953           678.664      11.411
   6.2953           666.828      11.280
   6.3953           668.830      11.292
   6.4953           680.404      11.457
   6.5953           687.605      11.487
   6.6953           659.036      11.458
   6.7953           658.152      11.460
   6.8953           656.244      11.296
   6.9953           657.078      11.182
   7.0953           651.639      11.148
   7.1953           628.162      10.978
   7.2953           626.124      10.881
   7.3953           666.146      11.297
   7.4953           613.998      10.802
   7.5953           643.104      11.029
   7.6953           643.832      11.042
   7.7953           627.096      10.905
   7.8953           626.393      10.884
   7.9953           617.225      10.758
   8.0953           611.451      10.794
   8.1953           624.349      10.859
   8.2953           607.873      10.709
   8.3953           627.404      10.889
   8.4953           574.178      10.429
   8.5953           591.456      10.557
   8.6953           611.094      10.731
   8.7953           612.530      10.743
   8.8953           576.619      10.438
   8.9953           584.889      10.512
   9.0953           601.770      10.651
   9.1953           580.274      10.502
   9.2953           578.238      10.482
   9.3953           580.846      10.451
   9.4953           563.693      10.371
   9.5953           583.347      10.518
   9.6953           569.833      10.416
   9.7953           567.456      10.492
   9.8953           572.430      10.670
   9.9953           555.656      10.499
  10.0953           557.240      10.355
  10.1953           550.747      10.222
  10.2953           562.922      10.350
  10.3953           560.166      10.296
  10.4953           564.334      10.326
  10.5953           536.364      10.047
  10.6953           531.407      10.037
  10.7953           563.588      10.257
  10.8953           547.690      10.130
  10.9953           547.163      10.122
  11.0953           546.898      10.042
  11.1953           529.647       9.939
  11.2953           551.077      10.742
  11.3953           540.165       9.860
  11.4953           522.113       9.839
  11.5953           520.355       9.841
  11.6953           534.382      10.040
  11.7953           532.126       9.983
  11.8953           529.356       9.972
  11.9953           534.223      10.012
  12.0953           511.628       9.828
  12.1953           514.167       9.826
  12.2953           514.550       9.807
  12.3953           539.822      10.137
  12.4953           525.456       9.960
  12.5953           519.670       9.892
  12.6953           512.838       9.842
  12.7953           513.575       9.913
  12.8953           507.998       9.748
  12.9953           519.422       9.972
  13.0953           501.751      10.106
  13.1953           519.751       9.829
  13.2953           514.117      10.118
  13.3953           505.151       9.785
  13.4953           524.124       9.996
  13.5953           507.949       9.768
  13.6953           516.251       9.915
  13.7953           508.991       9.767
  13.8953           516.351       9.915
  13.9953           508.812       9.731
  14.0953           514.377       9.903
  14.1953           508.605       9.665
  14.2953           504.572       9.804
  14.3953           516.096       9.817
  14.4953           509.565       9.779
  14.5953           516.717       9.919
  14.6953           508.404       9.739
  14.7953           517.462       9.835
  14.8953           507.166       9.746
  14.9953           522.009       9.936
  15.0953           479.025       9.633
  15.1953           515.886       9.534
  15.2953           507.308       9.945
  15.3953           512.737       9.810
  15.4953           500.382       9.678
  15.5953           478.420       9.500
  15.6953           515.968       9.895
  15.7953           503.699       9.712
  15.8953           504.724       9.823
  15.9953           494.814       9.667
  16.0953           491.227       9.690
  16.1953           508.077       9.851
  16.2953           487.381       9.805
  16.3953           479.974       9.773
  16.4953           501.362       9.823
  16.5953           493.088       9.654
  16.6953           498.913       9.760
  16.7953           517.257       9.902
  16.8953           491.045       9.656
  16.9953           496.623       9.677
  17.0953           481.177       9.547
  17.1953           468.824       9.410
  17.2953           506.202       9.749
  17.3953           498.504       9.709
  17.4953           500.368       9.718
  17.5953           489.117       9.545
  17.6953           509.749       9.825
  17.7953           489.045       9.602
  17.8953           481.243       9.486
  17.9953           487.547       9.560
  18.0953           489.053       9.608
  18.1953           501.539       9.710
  18.2953           483.546       9.538
  18.3953           479.153       9.474
  18.4953           494.083       9.669
  18.5953           489.073       9.560
  18.6953           503.681       9.728
  18.7953           486.023       9.589
  18.8953           493.681       9.656
  18.9953           490.558       9.595
  19.0953           499.866       9.736
  19.1953           492.593       9.662
  19.2953           494.579       9.696
  19.3953           483.980       9.590
  19.4953           490.259       9.881
  19.5953           463.312       9.523
  19.6953           494.314       9.700
  19.7953           469.318       9.441
  19.8953           484.930       9.575
  19.9953           480.986       9.525
  20.0953           482.658       9.532
  20.1953           488.569       9.429
  20.2953           473.770       9.804
  20.3953           487.890       9.505
  20.4953           493.687       9.392
  20.5953           502.502       9.845
  20.6953           514.163       9.780
  20.7953           520.486       9.872
  20.8953           517.877       9.840
  20.9953           534.859      10.047
  21.0953           544.684      10.071
  21.1953           563.407      10.274
  21.2953           561.430      10.243
  21.3953           539.001      10.061
  21.4953           508.501       9.764
  21.5953           476.712       9.440
  21.6953           486.944       9.596
  21.7953           475.016       9.392
  21.8953           471.439       9.425
  21.9953           476.565       9.443
  22.0953           473.958       9.445
  22.1953           478.353       9.520
  22.2953           481.961       9.526
  22.3953           465.752       9.400
  22.4953           472.132       9.463
  22.5953           481.894       9.584
  22.6953           469.619       9.632
  22.7953           459.915       9.506
  22.8953           461.500       9.372
  22.9953           482.982       9.516
  23.0953           460.927       9.325
  23.1953           461.072       9.321
  23.2953           474.457       9.414
  23.3953           456.472       9.250
  23.4953           472.916       9.449
  23.5953           464.337       9.257
  23.6953           477.341       9.443
  23.7953           460.670       9.269
  23.8953           462.712       9.288
  23.9953           449.699       9.128
  24.0953           472.715       9.400
  24.1953           462.425       9.293
  24.2953           456.076       9.179
  24.3953           469.147       9.351
  24.4953           478.812       9.421
  24.5953           469.025       9.394
  24.6953           467.206       9.290
  24.7953           484.434       9.466
  24.8953           517.262       9.851
  24.9953           549.606      10.092
  25.0953           545.148      10.073
  25.1953           583.319      10.435
  25.2953           534.341       9.999
  25.3953           497.255       9.636
  25.4953           506.998       9.748
  25.5953           467.092       9.364
  25.6953           459.622       9.274
  25.7953           444.536       9.213
  25.8953           461.053       9.483
  25.9953           459.438       9.486
  26.0953           457.801       9.306
  26.1953           446.896       9.155
  26.2953           470.069       9.364
  26.3953           467.888       9.394
  26.4953           478.206       9.427
  26.5953           491.628       9.550
  26.6953           493.764       9.621
  26.7953           526.218       9.895
  26.8953           515.661       9.803
  26.9953           521.478       9.815
  27.0953           496.289       9.634
  27.1953           506.342       9.687
  27.2953           533.686       9.964
  27.3953           552.135      10.142
  27.4953           578.278      10.361
  27.5953           671.789      11.164
  27.6953           780.355      12.083
  27.7953           901.757      12.929
  27.8953           952.433      13.335
  27.9953           918.494      13.001
  28.0953           776.959      12.065
  28.1953           666.331      11.152
  28.2953           557.698      10.157
  28.3953           493.320       9.619
  28.4953           472.685       9.373
  28.5953           477.275       9.442
  28.6953           468.730       9.386
  28.7953           484.663       9.551
  28.8953           524.819       9.948
  28.9953           553.635      10.198
  29.0953           586.413      10.687
  29.1953           602.364      10.808
  29.2953           604.131      10.762
  29.3953           553.417      10.213
  29.4953           515.962       9.859
  29.5953           468.933       9.362
  29.6953           478.005       9.440
  29.7953           458.150       9.277
  29.8953           466.845       9.367
  29.9953           460.087       9.250
  30.0953           461.677       9.295
  30.1953           453.575       9.209
  30.2953           466.437       9.340
  30.3953           459.044       9.227
  30.4953           466.918       9.365
  30.5953           476.317       9.442
  30.6953           478.251       9.445
  30.7953           479.374       9.440
  30.8953           508.344       9.738
  30.9953           525.346       9.935
  31.0953           536.806       9.980
  31.1953           543.824      10.074
  31.2953           519.239       9.875
  31.3953           499.103       9.645
  31.4953           478.339       9.456
  31.5953           451.946       9.193
  31.6953           441.301       9.125
  31.7953           456.266       9.233
  31.8953           435.522       9.058
  31.9953           460.120       9.279
  32.0953           439.113       9.105
  32.1953           412.170       8.864
  32.2953           454.696       9.442
  32.3953           435.493       9.191
  32.4953           444.462       9.169
  32.5953           454.946       9.227
  32.6953           447.618       9.156
  32.7953           458.439       9.230
  32.8953           446.367       9.148
  32.9953           435.287       8.970
  33.0953           449.621       9.187
  33.1953           428.026       8.890
  33.2953           444.560       9.107
  33.3953           436.444       8.971
  33.4953           420.230       8.834
  33.5953           433.195       8.940
  33.6953           425.976       8.871
  33.7953           416.231       8.824
  33.8953           447.354       9.066
  33.9953           440.029       9.018
  34.0953           454.243       9.179
  34.1953           447.422       9.110
  34.2953           450.206       9.152
  34.3953           454.924       9.093
  34.4953           461.884       9.324
  34.5953           468.523       9.265
  34.6953           448.905       9.167
  34.7953           470.935       9.353
  34.8953           452.853       9.166
  34.9953           460.905       9.240
  35.0953           461.171       9.296
  35.1953           475.054       9.411
  35.2953           464.517       9.339
  35.3953           457.164       9.340
  35.4953           446.775       9.310
  35.5953           450.604       9.357
  35.6953           473.912       9.492
  35.7953           470.167       9.362
  35.8953           477.969       9.465
  35.9953           483.695       9.473
  36.0953           514.731       9.801
  36.1953           508.906       9.715
  36.2953           536.919      10.035
  36.3953           578.814      10.352
  36.4953           580.797      10.413
  36.5953           537.256       9.941
  36.6953           518.487       9.825
  36.7953           478.137       9.386
  36.8953           475.788       9.400
  36.9953           448.565       9.126
  37.0953           455.549       9.179
  37.1953           451.244       9.109
  37.2953           451.489       9.172
  37.3953           437.094       8.986
  37.4953           448.394       9.091
  37.5953           473.209       9.382
  37.6953           458.412       9.213
  37.7953           448.008       9.128
  37.8953           452.068       9.133
  37.9953           452.616       9.172
  38.0953           451.502       9.167
  38.1953           463.482       9.298
  38.2953           454.848       9.178
  38.3953           472.020       9.407
  38.4953           468.681       9.320
  38.5953           476.811       9.523
  38.6953           459.366       9.450
  38.7953           469.601       9.566
  38.8953           484.088       9.568
  38.9953           501.373       9.723
  39.0953           532.359       9.984
  39.1953           600.053      10.553
  39.2953           669.300      11.175
  39.3953           702.654      11.417
  39.4953           667.887      11.169
  39.5953           589.291      10.437
  39.6953           518.119       9.813
  39.7953           496.639       9.581
  39.8953           463.877       9.289
  39.9953           465.935       9.265
  40.0953           470.319       9.334
  40.1953           443.147       9.099
  40.2953           472.419       9.333
  40.3953           471.154       9.328
  40.4953           469.063       9.348
  40.5953           458.932       9.227
  40.6953           462.141       9.247
  40.7953           454.179       9.191
  40.8953           463.245       9.289
  40.9953           473.096       9.365
  41.0953           467.788       9.293
  41.1953           456.402       9.251
  41.2953           450.315       9.150
  41.3953           469.999       9.351
  41.4953           465.575       9.353
  41.5953           479.029       9.455
  41.6953           480.437       9.473
  41.7953           490.198       9.681
  41.8953           493.124       9.963
  41.9953           513.960       9.709
  42.0953           557.313      10.454
  42.1953           644.535      10.972
  42.2953           777.259      12.151
  42.3953           894.260      12.913
  42.4953           941.839      13.306
  42.5953           893.921      12.837
  42.6953           810.369      12.370
  42.7953           721.458      11.587
  42.8953           632.519      10.814
  42.9953           566.313      10.312
  43.0953           516.045       9.772
  43.1953           513.545       9.750
  43.2953           522.818       9.893
  43.3953           595.164      10.482
  43.4953           639.639      10.912
  43.5953           671.401      11.165
  43.6953           623.881      10.731
  43.7953           574.686      10.332
  43.8953           528.411       9.924
  43.9953           487.658       9.486
  44.0953           490.573       9.537
  44.1953           490.487       9.597
  44.2953           533.749       9.935
  44.3953           568.154      10.318
  44.4953           645.714      10.963
  44.5953           769.421      11.919
  44.6953           816.112      12.405
  44.7953           758.272      11.918
  44.8953           653.996      11.075
  44.9953           574.604      10.446
  45.0953           493.310       9.823
  45.1953           459.823       9.437
  45.2953           463.409       9.334
  45.3953           456.106       9.222
  45.4953           444.041       9.070
  45.5953           452.962       9.187
  45.6953           493.617       9.555
  45.7953           506.940       9.674
  45.8953           569.001      10.283
  45.9953           670.229      11.103
  46.0953           808.310      12.187
  46.1953           921.855      13.038
  46.2953           924.771      13.066
  46.3953           811.665      12.204
  46.4953           641.890      10.878
  46.5953           537.041       9.943
  46.6953           477.956       9.375
  46.7953           462.530       9.241
  46.8953           457.008       9.164
  46.9953           458.132       9.155
  47.0953           503.367       9.641
  47.1953           511.787       9.708
  47.2953           544.492      10.023
  47.3953           623.581      10.710
  47.4953           642.855      10.899
  47.5953           656.513      10.972
  47.6953           598.090      10.535
  47.7953           549.155      10.065
  47.8953           496.075       9.591
  47.9953           517.884       9.828
  48.0953           589.864      10.432
  48.1953           785.257      12.219
  48.2953          1207.347      15.284
  48.3953          1761.957      18.524
  48.4953          2664.778      22.344
  48.5953          3335.800      24.964
  48.6953          3502.951      25.498
  48.7953          3260.940      24.685
  48.8953          2713.511      22.375
  48.9953          2076.275      19.605
  49.0953          1418.845      16.282
  49.1953           878.912      12.705
  49.2953           592.792      10.458
  49.3953           502.707       9.643
  49.4953           484.474       9.454
  49.5953           492.057       9.524
  49.6953           484.123       9.422
  49.7953           502.591       9.678
  49.8953           467.748       9.243
  49.9953           454.315       9.136
  50.0953           465.469       9.291
  50.1953           452.649       9.141
  50.2953           461.010       9.218
  50.3953           469.120       9.305
  50.4953           468.181       9.293
  50.5953           474.653       9.385
  50.6953           481.814       9.420
  50.7953           497.037       9.605
  50.8953           597.455      10.521
  50.9953           699.799      11.396
  51.0953           816.386      12.323
  51.1953           874.383      12.758
  51.2953           798.654      12.202
  51.3953           675.240      11.214
  51.4953           571.049      10.564
  51.5953           460.842       9.429
  51.6953           464.850       9.365
  51.7953           478.858       9.438
  51.8953           494.606       9.568
  51.9953           512.491       9.716
  52.0953           512.650       9.753
  52.1953           520.859       9.819
  52.2953           525.127       9.797
  52.3953           536.117       9.954
  52.4953           557.040      10.105
  52.5953           512.355       9.688
  52.6953           475.922       9.352
  52.7953           457.881       9.158
  52.8953           455.873       9.169
  52.9953           448.564       9.042
  53.0953           466.263       9.266
  53.1953           458.595       9.157
  53.2953           451.352       9.102
  53.3953           452.754       9.117
  53.4953           442.653       9.028
  53.5953           451.491       9.075
  53.6953           434.392       8.946
  53.7953           447.627       9.079
  53.8953           437.928       8.934
  53.9953           463.621       9.263
  54.0953           459.026       9.203
  54.1953           451.276       9.110
  54.2953           489.585       9.507
  54.3953           514.112       9.779
  54.4953           552.970      10.108
  54.5953           610.219      10.696
  54.6953           597.251      10.743
  54.7953           579.092      10.603
  54.8953           540.778      10.044
  54.9953           505.451       9.713
  55.0953           480.026       9.407
  55.1953           487.067       9.505
  55.2953           500.071       9.574
  55.3953           475.924       9.373
  55.4953           492.306       9.528
  55.5953           452.862       9.097
  55.6953           459.863       9.225
  55.7953           468.327       9.285
  55.8953           455.158       9.136
  55.9953           454.132       9.123
  56.0953           470.107       9.286
  56.1953           457.358       9.169
  56.2953           455.871       9.147
  56.3953           456.168       9.125
  56.4953           444.224       9.060
  56.5953           442.189       9.024
  56.6953           466.623       9.242
  56.7953           442.375       9.011
  56.8953           458.956       9.201
  56.9953           468.421       9.244
  57.0953           461.260       9.229
  57.1953           461.942       9.217
  57.2953           464.472       9.278
  57.3953           453.316       9.164
  57.4953           445.204       9.018
  57.5953           438.253       9.048
  57.6953           457.359       9.216
  57.7953           449.377       9.160
  57.8953           447.417       9.362
  57.9953           452.058       9.288
  58.0953           448.821       9.179
  58.1953           452.674       9.168
  58.2953           425.180       8.858
  58.3953           444.117       9.090
  58.4953           438.535       8.959
  58.5953           441.116       9.034
  58.6953           423.567       8.807
  58.7953           449.731       9.088
  58.8953           443.724       9.029
  58.9953           436.916       9.001
  59.0953           434.097       8.799
  59.1953           452.365       9.160
  59.2953           474.918       9.343
  59.3953           470.464       9.282
  59.4953           473.387       9.298
  59.5953           445.968       9.028
  59.6953           436.940       8.945
  59.7953           442.973       9.061
  59.8953           448.826       8.996
  59.9953           461.215       9.224
  60.0953           453.139       9.140
  60.1953           452.668       9.090
  60.2953           475.811       9.314
  60.3953           443.458       9.052
  60.4953           432.157       8.885
  60.5953           460.112       9.191
  60.6953           463.555       9.245
  60.7953           504.477       9.646
  60.8953           540.857      10.030
  60.9953           539.393      10.060
  61.0953           530.477      10.079
  61.1953           503.689       9.852
  61.2953           466.466       9.298
  61.3953           462.454       9.221
  61.4953           442.996       8.990
  61.5953           439.585       8.986
  61.6953           441.952       8.978
  61.7953           454.781       9.108
  61.8953           469.629       9.293
  61.9953           495.858       9.482
  62.0953           460.815       9.124
  62.1953           455.361       9.157
  62.2953           453.131       9.045
  62.3953           488.634       9.418
  62.4953           498.714       9.503
  62.5953           499.754       9.584
  62.6953           471.622       9.217
  62.7953           457.900       9.120
  62.8953           446.883       9.003
  62.9953           442.390       8.961
  63.0953           435.017       8.871
  63.1953           441.446       8.935
  63.2953           439.343       8.996
  63.3953           438.168       8.885
  63.4953           434.574       8.865
  63.5953           425.773       8.830
  63.6953           441.872       8.982
  63.7953           453.695       9.054
  63.8953           470.671       9.297
  63.9953           576.694      10.244
  64.0953           792.779      12.060
  64.1953          1295.217      15.471
  64.2953          1897.328      18.738
  64.3953          2306.219      21.456
  64.4953          2119.224      19.569
  64.5953          1768.809      18.180
  64.6953           853.725      11.970
  64.7953           774.172      11.468
  64.8953           620.430      11.700
  64.9953           599.042      12.147
  65.0953           650.763      11.144
  65.1953           752.748      10.803
  65.2953           713.058      11.300
  65.3953           621.603      10.601
  65.4953           518.138       9.723
  65.5953           454.791       9.047
  65.6953           457.082       9.162
  65.7953           442.483       8.974
  65.8953           457.179       9.105
  65.9953           455.437       9.111
  66.0953           455.822       9.142
  66.1953           444.260       8.988
  66.2953           445.898       9.010
  66.3953           453.110       9.079
  66.4953           466.399       9.293
  66.5953           460.436       9.120
  66.6953           453.087       9.109
  66.7953           453.848       9.143
  66.8953           456.682       9.170
  66.9953           450.601       9.061
  67.0953           454.811       9.162
  67.1953           454.807       9.133
  67.2953           456.956       9.213
  67.3953           496.243       9.605
  67.4953           587.559      10.639
  67.5953           660.920      11.234
  67.6953           695.068      11.334
  67.7953           641.246      10.850
  67.8953           529.359       9.838
  67.9953           476.361       9.330
  68.0953           443.087       8.952
  68.1953           448.285       9.018
  68.2953           462.406       9.191
  68.3953           427.193       8.771
  68.4953           447.961       9.004
  68.5953           426.792       8.780
  68.6953           463.354       9.154
  68.7953           513.725       9.625
  68.8953           627.382      10.605
  68.9953           757.197      11.740
  69.0953           863.365      12.398
  69.1953           829.771      12.244
  69.2953           687.190      11.155
  69.3953           546.924       9.967
  69.4953           481.008       9.260
  69.5953           452.487       9.052
  69.6953           452.284       9.037
  69.7953           427.117       8.783
  69.8953           460.483       9.094
  69.9953           461.937       9.166
  70.0953           505.414       9.596
  70.1953           522.063       9.710
  70.2953           540.884       9.940
  70.3953           554.063      10.052
  70.4953           504.797       9.567
  70.5953           515.752       9.771
  70.6953           529.947      10.040
  70.7953           548.128      10.171
  70.8953           530.576       9.876
  70.9953           493.745       9.488
  71.0953           484.206       9.420
  71.1953           438.330       8.894
  71.2953           449.238       9.034
  71.3953           439.856       8.921
  71.4953           448.206       9.004
  71.5953           462.887       9.145
  71.6953           450.321       9.001
  71.7953           444.110       8.943
  71.8953           439.041       8.919
  71.9953           436.577       8.867
  72.0953           431.613       8.845
  72.1953           451.903       9.016
  72.2953           455.885       9.060
  72.3953           504.519       9.521
  72.4953           622.963      10.591
  72.5953           683.676      11.167
  72.6953           719.105      11.322
  72.7953           679.104      11.022
  72.8953           627.782      10.619
  72.9953           526.329       9.658
  73.0953           513.902       9.611
  73.1953           442.251       8.782
  73.2953           445.945       8.744
  73.3953           463.916       7.893
  73.4953           532.662      18.670
  73.5953           553.288       9.585
  73.6953           630.417       9.927
  73.7953           611.995       9.679
  73.8953           534.897      13.339
  73.9953           483.364       9.073
  74.0953           448.531       9.051
  74.1953           431.976       8.842
  74.2953           427.729       8.808
  74.3953           418.577       8.730
  74.4953           436.414       8.866
  74.5953           428.506       8.866
  74.6953           432.251       8.860
  74.7953           454.692       9.092
  74.8953           457.218       9.065
  74.9953           442.694       8.988
  75.0953           419.584       8.734
  75.1953           426.404       8.772
  75.2953           428.094       8.808
  75.3953           438.773       8.940
  75.4953           431.359       8.820
  75.5953           434.848       8.865
  75.6953           472.810       9.264
  75.7953           488.431       9.403
  75.8953           522.829       9.734
  75.9953           552.263      10.020
  76.0953           622.897      10.610
  76.1953           677.541      11.121
  76.2953           749.934      11.608
  76.3953           864.961      12.578
  76.4953           848.649      12.404
  76.5953           740.367      11.587
  76.6953           639.854      10.828
  76.7953           685.537      11.196
  76.8953           968.889      13.329
  76.9953          1536.730      16.879
  77.0953          2030.762      19.698
  77.1953          1930.501      19.227
  77.2953          1417.490      16.246
  77.3953           862.415      12.600
  77.4953           788.272      12.021
  77.5953          1236.668      15.133
  77.6953          1994.357      18.995
  77.7953          2491.448      21.349
  77.8953          2080.749      19.539
  77.9953          1255.068      15.128
  78.0953           672.063      11.046
  78.1953           490.097       9.479
  78.2953           446.823       9.018
  78.3953           445.366       9.007
  78.4953           433.606       8.888
  78.5953           444.507       9.015
  78.6953           460.152       9.156
  78.7953           499.304       9.537
  78.8953           573.235      10.254
  78.9953           590.966      10.390
  79.0953           580.746      10.298
  79.1953           505.517       9.591
  79.2953           445.260       9.042
  79.3953           431.479       8.865
  79.4953           451.690       9.030
  79.5953           427.041       8.872
  79.6953           425.026       8.824
  79.7953           423.162       8.791
  79.8953           446.242       9.079
  79.9953           442.791       9.027
  80.0953           417.541       8.779
  80.1953           413.307       8.786
  80.2953           433.955       9.165
  80.3953           428.950       9.009
  80.4953           430.140       8.961
  80.5953           430.191       8.880
  80.6953           436.064       8.976
  80.7953           474.743       9.310
  80.8953           500.281       9.580
  80.9953           505.644       9.575
  81.0953           480.830       9.378
  81.1953           444.589       8.984
  81.2953           445.937       9.026
  81.3953           425.312       8.760
  81.4953           452.459       9.075
  81.5953           469.201       9.232
  81.6953           470.572       9.241
  81.7953           473.999       9.298
  81.8953           468.144       9.193
  81.9953           452.735       9.047
  82.0953           476.682       9.313
  82.1953           502.429       9.583
  82.2953           491.973       9.416
  82.3953           487.836       9.404
  82.4953           472.029       9.280
  82.5953           456.598       9.103
  82.6953           450.916       9.006
  82.7953           455.373       9.159
  82.8953           424.697       8.793
  82.9953           431.299       8.856
  83.0953           461.494       9.190
  83.1953           534.829       9.906
  83.2953           706.630      11.385
  83.3953           849.815      12.535
  83.4953           866.046      12.886
  83.5953           701.640      11.554
  83.6953           565.702      10.269
  83.7953           483.808       9.404
  83.8953           478.315       9.391
  83.9953           483.069       9.407
  84.0953           534.628       9.887
  84.1953           618.039      10.609
  84.2953           623.197      10.678
  84.3953           536.785       9.831
  84.4953           466.903       9.239
  84.5953           416.479       8.701
  84.6953           421.068       8.734
  84.7953           421.099       8.735
  84.8953           450.111       9.163
  84.9953           446.727       8.805
  85.0953           451.381       9.145
  85.1953           432.386       8.839
  85.2953           417.639       8.708
  85.3953           433.910       8.900
  85.4953           405.492       8.569
  85.5953           415.715       8.661
  85.6953           417.421       8.719
  85.7953           426.021       8.794
  85.8953           425.878       8.781
  85.9953           430.344       8.906
  86.0953           468.426       9.187
  86.1953           449.657       9.092
  86.2953           435.619       8.886
  86.3953           436.037       8.942
  86.4953           440.459       9.048
  86.5953           452.421       9.101
  86.6953           538.080      10.143
  86.7953           798.711      12.376
  86.8953          1492.402      16.646
  86.9953          2446.332      21.172
  87.0953          2953.528      23.260
  87.1953          2690.271      22.175
  87.2953          1968.331      18.898
  87.3953          1292.854      15.361
  87.4953           774.200      11.891
  87.5953           504.601       9.548
  87.6953           444.032       8.965
  87.7953           439.353       8.946
  87.8953           437.382       8.908
  87.9953           434.525       8.846
  88.0953           428.582       8.828
  88.1953           423.907       8.780
  88.2953           415.452       8.652
  88.3953           424.201       8.756
  88.4953           408.143       8.616
  88.5953           428.414       8.813
  88.6953           432.553       8.844
  88.7953           433.201       8.887
  88.8953           427.700       8.782
  88.9953           434.163       8.903
  89.0953           406.121       8.560
  89.1953           428.931       8.869
  89.2953           418.441       8.699
  89.3953           415.199       8.699
  89.4953           431.790       8.898
  89.5953           423.379       8.754
  89.6953           451.753       9.125
  89.7953           509.016       9.673
  89.8953           639.794      11.034
  89.9953           840.033      12.658
  90.0953           846.846      12.524
  90.1953           675.135      11.137
  90.2953           531.591       9.865
  90.3953           453.548       9.076
  90.4953           434.869       8.834
  90.5953           420.388       8.745
  90.6953           398.310       8.488
  90.7953           406.124       8.579
  90.8953           411.523       8.617
  90.9953           400.038       8.506
  91.0953           414.907       8.691
  91.1953           402.593       8.495
  91.2953           417.084       8.704
  91.3953           453.195       9.026
  91.4953           566.145      10.140
  91.5953           751.196      11.650
  91.6953           946.416      13.092
  91.7953           912.477      12.888
  91.8953           719.905      11.332
  91.9953           517.460       9.713
  92.0953           469.645       9.196
  92.1953           486.866       9.406
  92.2953           492.022       9.424
  92.3953           470.631       9.267
  92.4953           403.424       8.572
  92.5953           422.838       8.758
  92.6953           393.769       8.459
  92.7953           422.523       8.816
  92.8953           423.984       8.791
  92.9953           458.154       9.232
  93.0953           458.686       9.361
  93.1953           478.956       9.562
  93.2953           448.642       9.189
  93.3953           431.345       8.917
  93.4953           419.945       8.793
  93.5953           415.133       8.734
  93.6953           404.878       8.626
  93.7953           414.298       8.713
  93.8953           392.227       8.491
  93.9953           412.597       8.702
  94.0953           416.417       8.692
  94.1953           407.631       8.638
  94.2953           423.617       8.808
  94.3953           493.254       9.466
  94.4953           575.038      10.252
  94.5953           647.296      10.876
  94.6953           683.982      11.181
  94.7953           619.282      10.616
  94.8953           514.409       9.704
  94.9953           472.131       9.326
  95.0953           557.539      10.030
  95.1953           757.075      11.842
  95.2953           936.033      13.059
  95.3953           952.454      13.197
  95.4953           779.087      11.932
  95.5953           673.075      11.115
  95.6953           694.541      11.295
  95.7953           693.836      11.285
  95.8953           685.383      11.145
  95.9953           678.423      11.323
  96.0953           600.459      10.437
  96.1953           539.764      10.063
  96.2953           515.995       9.949
  96.3953           655.880      11.176
  96.4953           981.258      13.576
  96.5953          1325.988      15.632
  96.6953          1413.845      16.173
  96.7953          1009.807      13.682
  96.8953           659.783      10.977
  96.9953           600.713      10.515
  97.0953           665.415      11.070
  97.1953           706.979      11.322
  97.2953           654.507      10.966
  97.3953           622.298      10.683
  97.4953           695.869      11.291
  97.5953           649.251      10.880
  97.6953           523.730       9.788
  97.7953           424.087       8.803
  97.8953           458.036       9.137
  97.9953           462.761       9.178
  98.0953           506.614       9.628
  98.1953           534.202       9.905
  98.2953           600.166      10.418
  98.3953           620.752      10.685
  98.4953           600.296      10.512
  98.5953           540.143       9.888
  98.6953           567.043      10.173
  98.7953           600.972      10.522
  98.8953           583.492      10.360
  98.9953           506.590       9.620
  99.0953           471.079       9.327
  99.1953           445.046       9.019
  99.2953           440.149       9.056
  99.3953           445.058       9.090
  99.4953           408.726       8.883
  99.5953           413.440       8.875
  99.6953           404.102       8.685
  99.7953           413.182       8.680
  99.8953           412.449       8.687
  99.9953           422.360       8.790
 100.0953           435.801       8.905
 100.1953           500.015       9.531
 100.2953           548.416      10.006
 100.3953           521.613       9.705
 100.4953           463.419       9.173
 100.5953           420.570       8.730
 100.6953           417.453       8.699
 100.7953           412.908       8.634
 100.8953           412.458       8.646
 100.9953           413.843       8.646
 101.0953           412.388       8.642
 101.1953           403.201       8.529
 101.2953           401.935       8.536
 101.3953           401.253       8.524
 101.4953           406.568       8.577
 101.5953           394.571       8.482
 101.6953           409.736       8.609
 101.7953           412.321       8.629
 101.8953           402.133       8.564
 101.9953           394.473       8.460
 102.0953           386.129       8.384
 102.1953           411.145       8.631
 102.2953           394.634       8.497
 102.3953           399.708       8.543
 102.4953           420.757       8.732
 102.5953           491.315       9.550
 102.6953           631.278      10.953
 102.8953           894.082      12.939
 102.9953           773.880      11.927
 103.0953           549.573      10.051
 103.1953           469.983       9.298
 103.2953           440.453       8.957
 103.3953           437.056       8.947
 103.4953           407.064       8.618
 103.5953           416.302       8.675
 103.6953           412.376       8.661
 103.7953           438.133       8.934
 103.8953           430.170       8.842
 103.9953           429.850       8.841
 104.0953           400.157       8.524
 104.1953           426.486       8.830
 104.2953           420.871       8.728
 104.3953           421.013       8.750
 104.4953           396.619       8.487
 104.5953           389.959       8.426
 104.6953           396.317       8.477
 104.7953           400.328       8.543
 104.8953           390.428       8.432
 104.9953           401.089       8.565
 105.0953           411.048       8.612
 105.1953           421.455       8.813
 105.2953           434.737       8.893
 105.3953           425.240       8.830
 105.4953           438.764       8.964
 105.5953           513.882       9.698
 105.6953           652.971      10.896
 105.7953           713.150      11.526
 105.8953           768.679      12.241
 105.9953           742.946      11.641
 106.0953           800.354      12.347
 106.1953           701.260      11.319
 106.2953           549.711      10.080
 106.3953           479.246       9.326
 106.4953           513.965       9.687
 106.5953           625.632      10.668
 106.6953           681.434      11.155
 106.7953           678.717      11.070
 106.8953           565.506       9.972
 106.9953           486.230       9.760
 107.0953           452.225       8.888
 107.1953           425.651       8.758
 107.2953           400.116       8.552
 107.3953           394.118       8.424
 107.4953           410.477       8.629
 107.5953           475.857       9.277
 107.6953           600.965      10.442
 107.7953           692.366      11.227
 107.8953           665.337      10.977
 107.9953           536.265       9.889
 108.0953           437.321       8.895
 108.1953           392.593       8.469
 108.2953           376.313       8.261
 108.3953           406.928       8.621
 108.4953           442.438       8.957
 108.5953           499.916       9.557
 108.6953           568.614      10.206
 108.7953           657.124      10.966
 108.8953           737.629      11.568
 108.9953           767.233      11.992
 109.0953           753.195      11.957
 109.1953           728.874      11.776
 109.2953           618.754      10.758
 109.3953           534.151       9.887
 109.4953           456.320       9.159
 109.5953           438.698       9.013
 109.6953           431.651       8.842
 109.7953           432.590       8.910
 109.8953           488.971       9.422
 109.9953           598.202      10.440
 110.0953           662.800      10.959
 110.1953           623.568      10.639
 110.2953           508.351       9.607
 110.3953           420.887       8.731
 110.4953           383.129       8.315
 110.5953           392.768       8.488
 110.6953           417.051       8.672
 110.7953           449.794       9.036
 110.8953           547.439       9.958
 110.9953           635.140      10.754
 111.0953           630.720      10.676
 111.1953           510.519       9.620
 111.2953           416.919       8.699
 111.3953           405.859       8.600
 111.4953           404.166       8.543
 111.5953           393.429       8.497
 111.6953           408.900       8.597
 111.7953           411.616       8.711
 111.8953           392.632       8.411
 111.9953           357.965       8.155
 112.0953           361.415       8.102
 112.1953           366.139       8.270
 112.2953           363.605       8.318
 112.3953           416.213       8.888
 112.4953           497.213       9.578
 112.5953           647.731      10.845
 112.6953           773.875      11.887
 112.7953           772.656      11.823
 112.8953           634.584      10.710
 112.9953           477.687       9.276
 113.0953           404.626       8.584
 113.1953           355.039       7.997
 113.2953           352.161       7.952
 113.3953           370.862       8.205
 113.4953           362.786       8.088
 113.5953           381.155       8.312
 113.6953           391.623       8.374
 113.7953           414.316       8.637
 113.8953           451.848       9.024
 113.9953           485.402       9.329
 114.0953           490.231       9.372
 114.1953           453.832       9.124
 114.2953           407.098       8.522
 114.3953           375.131       8.227
 114.4953           357.698       8.037
 114.5953           359.952       8.043
 114.6953           375.073       8.268
 114.7953           380.718       8.218
 114.8953           367.229       8.224
 114.9953           373.674       8.201
 115.0953           373.438       8.248
 115.1953           379.183       8.294
 115.2953           429.733       8.880
 115.3953           517.364       9.732
 115.4953           616.247      10.845
 115.5953           706.021      11.523
 115.6953           671.370      11.137
 115.7953           582.488      10.279
 115.8953           490.838       9.451
 115.9953           414.845       8.701
 116.0953           409.649       8.604
 116.1953           430.459       8.840
 116.2953           429.473       8.826
 116.3953           424.285       8.754
 116.4953           407.188       8.634
 116.5953           390.173       8.309
 116.6953           358.263       8.068
 116.7953           352.668       7.966
 116.8953           361.558       8.083
 116.9953           355.055       8.014
 117.0953           367.609       8.123
 117.1953           373.195       8.220
 117.2953           383.748       8.315
 117.3953           368.499       8.159
 117.4953           351.960       7.972
 117.5953           362.222       8.077
 117.6953           349.826       7.949
 117.7953           342.666       7.872
 117.8953           359.334       8.029
 117.9953           363.842       8.200
 118.0953           390.721       8.281
 118.1953           397.477       8.562
 118.2953           419.956       8.715
 118.3953           450.801       9.065
 118.4953           466.806       9.206
 118.5953           467.861       9.292
 118.6953           461.918       9.309
 118.7953           438.618       9.170
 118.8953           458.935       9.137
 118.9953           519.721       9.761
 119.0953           651.499      10.828
 119.1953           788.334      11.980
 119.2953           813.065      12.122
 119.3953           735.618      11.525
 119.4953           649.628      10.824
 119.5953           538.571       9.872
 119.6953           427.061       8.730
 119.7953           384.910       8.348
 119.8953           347.954       7.910
 119.9953           350.161       7.921
 120.0953           338.823       7.775
 120.1953           337.263       7.936
 120.2953           342.046       7.569
 120.3953           325.570       7.772
 120.4953           328.336       7.675
 120.5953           335.034       7.796
 120.6953           328.730       7.626
 120.7953           330.719       7.731
 120.8953           325.870       7.634
 120.9953           330.316       7.713
 121.0953           316.847       7.531
 121.1953           330.627       7.729
 121.2953           331.189       7.738
 121.3953           341.234       7.835
 121.4953           363.117       8.095
 121.5953           390.364       8.490
 121.6953           436.184       8.755
 121.7953           491.119       9.663
 121.8953           487.492       9.508
 121.9953           530.660      10.021
 122.0953           520.185       9.794
 122.1953           523.289       9.739
 122.2953           443.683       9.012
 122.3953           415.233       8.679
 122.4953           373.534       8.266
 122.5953           346.437       7.921
 122.6953           328.026       7.742
 122.7953           332.388       7.747
 122.8953           366.397       8.124
 122.9953           382.693       8.363
 123.0953           398.106       8.484
 123.1953           399.808       8.482
 123.2953           394.725       8.464
 123.3953           353.615       7.989
 123.4953           355.533       8.006
 123.5953           327.184       7.684
 123.6953           344.914       7.921
 123.7953           318.770       7.592
 123.8953           349.154       7.935
 123.9953           363.323       8.100
 124.0953           380.692       8.307
 124.1953           387.282       8.376
 124.2953           411.733       8.638
 124.3953           389.078       8.409
 124.4953           362.557       8.136
 124.5953           345.956       7.910
 124.6953           329.364       7.778
 124.7953           319.399       7.549
 124.8953           336.929       7.865
 124.9953           338.098       7.908
 125.0953           368.116       8.296
 125.1953           387.864       8.569
 125.2953           436.280       8.986
 125.3953           484.656       9.476
 125.4953           488.643       9.378
 125.5953           475.345       9.276
 125.6953           444.603       8.966
 125.7953           411.900       8.591
 125.8953           360.181       8.058
 125.9953           329.752       7.694
 126.0953           331.105       7.679
 126.1953           342.320       7.843
 126.2953           323.272       7.622
 126.3953           327.129       7.630
 126.4953           345.717       7.911
 126.5953           342.277       7.813
 126.6953           366.521       8.099
 126.7953           413.505       8.594
 126.8953           440.035       8.881
 126.9953           458.986       9.100
 127.0953           447.737       8.923
 127.1953           444.715       8.910
 127.2953           390.202       8.367
 127.3953           359.002       8.068
 127.4953           331.384       7.680
 127.5953           334.978       7.765
 127.6953           331.126       7.703
 127.7953           340.600       7.855
 127.8953           321.474       7.596
 127.9953           311.725       7.534
 128.0953           316.060       7.521
 128.1953           311.434       7.585
 128.2953           307.875       7.602
 128.3953           308.593       7.625
 128.4953           313.556       7.591
 128.5953           313.942       7.554
 128.6953           333.369       7.772
 128.7953           354.444       8.022
 128.8953           381.750       8.285
 128.9953           418.686       8.713
 129.0953           496.281       9.495
 129.1953           495.988       9.421
 129.2953           487.458       9.355
 129.3953           460.245       9.130
 129.4953           421.169       8.688
 129.5953           387.067       8.340
 129.6953           361.058       8.061
 129.7953           355.172       8.014
 129.8953           339.878       7.803
 129.9953           324.452       7.647
 130.0953           319.534       7.559
 130.1953           336.069       7.784
 130.2953           322.195       7.611
 130.3953           335.677       7.762
 130.4953           326.057       7.668
 130.5953           349.967       7.939
 130.6953           366.016       8.110
 130.7953           391.560       8.419
 130.8953           420.874       8.721
 130.9953           430.668       8.815
 131.0953           418.694       8.708
 131.1953           383.213       8.348
 131.2953           383.846       8.319
 131.3953           361.057       8.158
 131.4953           355.042       8.160
 131.5953           340.449       8.042
 131.6953           338.769       7.885
 131.7953           337.190       7.818
 131.8953           318.986       7.580
 131.9953           343.793       7.912
 132.0953           323.616       7.619
 132.1953           317.383       7.593
 132.2953           317.514       7.571
 132.3953           337.763       7.769
 132.4953           327.462       7.684
 132.5953           323.086       7.596
 132.6953           338.262       7.824
 132.7953           344.248       7.834
 132.8953           332.181       7.717
 132.9953           335.877       7.763
 133.0953           344.603       7.854
 133.1953           361.236       7.917
 133.2953           344.306       8.104
 133.3953           359.397       7.915
 133.4953           377.738       8.218
 133.5953           377.289       8.225
 133.6953           397.709       8.443
 133.7953           386.417       8.339
 133.8953           379.865       8.211
 133.9953           382.790       8.322
 134.0953           353.341       7.973
 134.1953           352.001       7.933
 134.2953           327.146       7.694
 134.3953           338.190       7.821
 134.4953           323.424       7.636
 134.5953           314.347       7.599
 134.6953           310.775       7.676
 134.7953           302.297       7.504
 134.8953           300.664       7.436
 134.9953           309.473       7.453
 135.0953           294.771       7.272
 135.1953           302.575       7.389
 135.2953           308.983       7.450
 135.3953           297.841       7.306
 135.4953           330.441       7.716
 135.5953           329.371       7.656
 135.6953           352.854       7.956
 135.7953           396.596       8.398
 135.8953           482.192       9.313
 135.9953           568.926      10.083
 136.0953           700.425      11.187
 136.1953           783.537      11.862
 136.2953           803.672      11.955
 136.3953           779.590      11.811
 136.4953           746.379      11.568
 136.5953           633.690      10.667
 136.6953           531.705       9.716
 136.7953           424.024       8.714
 136.8953           362.641       8.063
 136.9953           338.047       7.745
 137.0953           364.315       8.084
 137.1953           415.530       8.651
 137.2953           466.382       9.141
 137.3953           505.225       9.506
 137.4953           550.921       9.948
 137.5953           586.948      10.282
 137.6953           572.017      10.161
 137.7953           541.107       9.916
 137.8953           502.193       9.710
 137.9953           448.419       9.167
 138.0953           405.804       8.620
 138.1953           362.372       8.045
 138.2953           327.584       7.704
 138.3953           328.428       7.663
 138.4953           295.265       7.269
 138.5953           311.751       7.465
 138.6953           305.229       7.377
 138.7953           294.664       7.228
 138.8953           319.083       7.521
 138.9953           288.832       7.178
 139.0953           311.743       7.437
 139.1953           301.686       7.287
 139.2953           305.410       7.399
 139.3953           298.929       7.252
 139.4953           319.715       7.557
 139.5953           329.944       7.602
 139.6953           353.753       7.948
 139.7953           400.204       8.452
 139.8953           430.463       8.716
 139.9953           453.673       8.974
 140.0953           463.876       9.073
 140.1953           479.516       9.261
 140.2953           489.281       9.295
 140.3953           498.380       9.454
 140.4953           500.616       9.447
 140.5953           525.130       9.685
 140.6953           495.675       9.442
 140.7953           517.881       9.625
 140.8953           533.780       9.790
 140.9953           532.694       9.882
 141.0953           527.555       9.920
 141.1953           502.208       9.687
 141.2953           465.185       9.180
 141.3953           432.648       8.775
 141.4953           405.847       8.533
 141.5953           399.464       8.423
 141.6953           380.254       8.245
 141.7953           421.707       8.684
 141.8953           449.136       8.920
 141.9953           501.766       9.397
 142.0953           546.677       9.860
 142.1953           572.251      10.096
 142.2953           580.149      10.147
 142.3953           650.823      10.685
 142.4953           587.800      10.238
 142.5953           581.357      10.156
 142.6953           557.603       9.924
 142.7953           544.530       9.799
 142.8953           511.072       9.518
 142.9953           494.272       9.361
 143.0953           484.839       9.234
 143.1953           490.503       9.331
 143.2953           475.470       9.174
 143.3953           485.512       9.275
 143.4953           466.395       9.074
 143.5953           463.012       9.060
 143.6953           423.401       8.721
 143.7953           387.944       8.398
 143.8953           365.311       7.785
 143.9953           346.567       8.004
 144.0953           336.910       7.727
 144.1953           319.645       7.634
 144.2953           312.979       7.593
 144.3953           306.047       7.573
 144.4953           287.086       7.236
 144.5953           309.154       7.441
 144.6953           296.945       7.277
 144.7953           292.947       7.238
 144.8953           289.026       7.165
 144.9953           302.537       7.338
 145.0953           291.521       7.190
 145.1953           303.011       7.351
 145.2953           311.163       7.398
 145.3953           315.841       7.492
 145.4953           342.044       7.790
 145.5953           332.751       7.088
 145.6953           392.781      10.159
 145.7953           347.647       7.268
 145.8953           369.041       8.072
 145.9953           379.359       8.180
 146.0953           394.186       8.355
 146.1953           392.047       8.341
 146.2953           401.324       8.433
 146.3953           398.302       8.334
 146.4953           411.896       8.592
 146.5953           386.717       8.266
 146.6953           392.716       8.333
 146.7953           394.440       8.398
 146.8953           376.218       8.175
 146.9953           376.754       8.194
 147.0953           360.529       8.016
 147.1953           333.382       7.709
 147.2953           312.471       7.467
 147.3953           321.195       7.622
 147.4953           306.790       7.573
 147.5953           307.596       7.550
 147.6953           292.051       7.299
 147.7953           301.133       7.323
 147.8953           301.642       7.370
 147.9953           291.488       7.182
 148.0953           296.765       7.295
 148.1953           292.117       7.178
 148.2953           290.977       7.229
 148.3953           288.453       7.145
 148.4953           300.142       7.396
 148.5953           303.392       7.108
 148.6953           301.262       7.446
 148.7953           330.539       7.866
 148.8953           328.557       7.223
 148.9953           327.471       7.630
 149.0953           347.074       7.992
 149.1953           340.979       7.600
 149.2953           363.907       7.952
 149.3953           339.207       7.723
 149.4953           343.250       7.693
 149.5953           346.226       7.686
 149.6953           337.810       7.871
 149.7953           337.476       7.712
 149.8953           319.057       7.264
 149.9953           320.956       7.918
 150.0953           324.678       7.099
 150.1953           326.082       8.378
 150.2953           336.595       7.340
 150.3953           356.516       8.020
 150.4953           346.968       7.863
 150.5953           387.121       8.347
 150.6953           385.989       7.672
 150.7953             0.000       0.000
 150.8953             0.000       0.000
