XYDATA  Co2SiO4 8mmV 1.87A HiRes FullBeam 500K CF ROC 
INTER        1       1       0     0.100000
TEMP       133.745      139.774      139.801
! d20 23-Apr-08 09:22:09 User Sazono   L.C.Hansen  Run 594842*d20_2008_04_5880
! d20 23-Apr-08 09:22:09 User Sazono   L.C.Hansen  Run 594842*d20_2008_04_5880
! Monitor/counts, Counting time/sec:       100000.      62.5111
   0.0953          4130.068      28.099
   0.1953          4271.956      29.044
   0.2953          4240.502      29.200
   0.3953          4137.685      28.659
   0.4953          3867.459      27.504
   0.5953          3475.514      25.864
   0.6953          3074.450      24.258
   0.7953          2654.300      22.599
   0.8953          2281.075      20.882
   0.9953          1958.152      19.396
   1.0953          1654.990      17.776
   1.1953          1335.425      15.936
   1.2953          1049.063      14.151
   1.3953           782.482      12.210
   1.4953           555.231      10.279
   1.5953           432.384       9.047
   1.6953           376.535       8.488
   1.7953           341.804       8.081
   1.8953           317.598       7.760
   1.9953           313.159       7.709
   2.0953           300.951       7.578
   2.1953           293.086       7.473
   2.2953           275.717       7.226
   2.3953           275.756       7.239
   2.4953           274.609       7.254
   2.5953           278.691       7.234
   2.6953           258.136       7.054
   2.7953           256.704       6.981
   2.8953           254.175       6.975
   2.9953           246.021       6.855
   3.0953           260.933       7.073
   3.1953           241.428       6.799
   3.2953           227.823       6.596
   3.3953           232.160       6.719
   3.4953           240.841       6.938
   3.5953           252.656       7.104
   3.6953           245.906       6.925
   3.7953           256.505       7.028
   3.8953           261.529       7.079
   3.9953           273.933       7.249
   4.0953           308.900       7.656
   4.1953           349.857       8.221
   4.2953           382.063       8.513
   4.3953           422.497       8.955
   4.4953           479.034       9.531
   4.5953           515.256       9.938
   4.6953           572.207      10.387
   4.7953           634.281      10.972
   4.8953           674.248      11.318
   4.9953           691.198      11.491
   5.0953           696.842      11.484
   5.1953           690.258      11.427
   5.2953           699.833      11.562
   5.3953           682.739      11.384
   5.4953           685.655      11.383
   5.5953           677.948      11.356
   5.6953           695.904      11.519
   5.7953           705.428      11.605
   5.8953           678.310      11.307
   5.9953           688.609      11.499
   6.0953           695.603      11.526
   6.1953           685.025      11.470
   6.2953           674.865      11.352
   6.3953           690.416      11.478
   6.4953           667.484      11.352
   6.5953           675.530      11.391
   6.6953           660.016      11.472
   6.7953           655.935      11.446
   6.8953           677.653      11.484
   6.9953           659.182      11.205
   7.0953           614.791      10.833
   7.1953           650.422      11.176
   7.2953           624.026      10.868
   7.3953           619.740      10.901
   7.4953           623.482      10.890
   7.5953           628.143      10.905
   7.6953           612.739      10.776
   7.7953           625.940      10.900
   7.8953           629.596      10.917
   7.9953           614.202      10.736
   8.0953           600.353      10.700
   8.1953           599.752      10.647
   8.2953           623.520      10.851
   8.3953           583.495      10.505
   8.4953           600.478      10.670
   8.5953           593.109      10.576
   8.6953           603.332      10.667
   8.7953           574.966      10.413
   8.8953           598.124      10.635
   8.9953           588.998      10.553
   9.0953           593.618      10.583
   9.1953           566.704      10.383
   9.2953           574.753      10.455
   9.3953           580.040      10.448
   9.4953           556.548      10.310
   9.5953           570.190      10.403
   9.6953           559.280      10.323
   9.7953           560.769      10.435
   9.8953           551.228      10.475
   9.9953           555.153      10.499
  10.0953           562.933      10.412
  10.1953           570.418      10.407
  10.2953           568.372      10.405
  10.3953           558.576      10.286
  10.4953           562.940      10.317
  10.5953           539.287      10.079
  10.6953           543.075      10.151
  10.7953           549.693      10.134
  10.8953           540.106      10.064
  10.9953           565.081      10.291
  11.0953           519.319       9.790
  11.1953           526.567       9.914
  11.2953           517.182      10.410
  11.3953           543.345       9.894
  11.4953           536.311       9.976
  11.5953           530.876       9.944
  11.6953           525.599       9.961
  11.7953           500.339       9.685
  11.8953           527.002       9.954
  11.9953           522.106       9.902
  12.0953           514.726       9.862
  12.1953           492.809       9.624
  12.2953           510.138       9.769
  12.3953           519.716       9.950
  12.4953           530.456      10.012
  12.5953           516.923       9.870
  12.6953           522.746       9.941
  12.7953           521.691       9.996
  12.8953           523.615       9.901
  12.9953           535.215      10.127
  13.0953           502.804      10.121
  13.1953           515.370       9.792
  13.2953           498.421       9.966
  13.3953           522.678       9.958
  13.4953           506.833       9.834
  13.5953           520.434       9.892
  13.6953           529.481      10.046
  13.7953           518.446       9.861
  13.8953           494.884       9.711
  13.9953           521.745       9.858
  14.0953           514.067       9.904
  14.1953           516.962       9.749
  14.2953           515.888       9.917
  14.3953           506.456       9.729
  14.4953           510.202       9.790
  14.5953           506.116       9.821
  14.6953           511.094       9.769
  14.7953           512.303       9.791
  14.8953           525.240       9.923
  14.9953           519.628       9.918
  15.0953           500.782       9.853
  15.1953           500.111       9.391
  15.2953           518.687      10.061
  15.3953           513.001       9.817
  15.4953           504.571       9.723
  15.5953           494.519       9.663
  15.6953           497.803       9.724
  15.7953           505.268       9.731
  15.8953           497.320       9.755
  15.9953           521.346       9.927
  16.0953           518.071       9.956
  16.1953           522.104       9.991
  16.2953           510.128      10.035
  16.3953           495.341       9.933
  16.4953           494.096       9.756
  16.5953           496.361       9.690
  16.6953           489.603       9.673
  16.7953           515.625       9.890
  16.8953           508.399       9.830
  16.9953           493.474       9.650
  17.0953           485.394       9.593
  17.1953           480.018       9.526
  17.2953           494.428       9.639
  17.3953           488.340       9.614
  17.4953           479.832       9.521
  17.5953           491.041       9.568
  17.6953           485.551       9.593
  17.7953           490.042       9.616
  17.8953           479.983       9.477
  17.9953           478.217       9.472
  18.0953           494.398       9.664
  18.1953           484.853       9.551
  18.2953           499.043       9.694
  18.3953           489.703       9.582
  18.4953           497.360       9.706
  18.5953           496.054       9.633
  18.6953           486.631       9.566
  18.7953           500.280       9.733
  18.8953           490.712       9.631
  18.9953           488.924       9.583
  19.0953           506.003       9.800
  19.1953           488.663       9.628
  19.2953           467.609       9.432
  19.3953           484.216       9.596
  19.4953           482.118       9.802
  19.5953           474.108       9.638
  19.6953           478.931       9.552
  19.7953           479.431       9.547
  19.8953           484.979       9.580
  19.9953           492.364       9.641
  20.0953           490.057       9.609
  20.1953           475.882       9.310
  20.2953           497.551      10.052
  20.3953           489.247       9.522
  20.4953           483.746       9.301
  20.5953           511.443       9.937
  20.6953           492.638       9.577
  20.7953           504.636       9.724
  20.8953           520.205       9.866
  20.9953           529.472      10.001
  21.0953           544.792      10.077
  21.1953           552.836      10.182
  21.2953           534.418       9.998
  21.3953           530.450       9.985
  21.4953           509.700       9.780
  21.5953           502.215       9.694
  21.6953           496.652       9.695
  21.7953           473.762       9.384
  21.8953           472.610       9.441
  21.9953           491.223       9.591
  22.0953           491.338       9.621
  22.1953           498.692       9.724
  22.2953           492.754       9.636
  22.3953           487.058       9.617
  22.4953           483.374       9.580
  22.5953           462.469       9.393
  22.6953           457.768       9.514
  22.7953           469.763       9.611
  22.8953           477.151       9.533
  22.9953           453.371       9.224
  23.0953           479.091       9.512
  23.1953           471.855       9.433
  23.2953           457.856       9.252
  23.3953           459.878       9.289
  23.4953           454.619       9.268
  23.5953           458.464       9.202
  23.6953           459.616       9.271
  23.7953           454.913       9.215
  23.8953           462.747       9.292
  23.9953           449.353       9.129
  24.0953           453.480       9.211
  24.1953           460.401       9.277
  24.2953           473.679       9.358
  24.3953           461.722       9.281
  24.4953           471.624       9.354
  24.5953           471.322       9.421
  24.6953           471.687       9.339
  24.7953           478.564       9.413
  24.8953           521.663       9.897
  24.9953           529.497       9.910
  25.0953           537.616      10.007
  25.1953           546.269      10.102
  25.2953           525.071       9.916
  25.3953           511.155       9.774
  25.4953           483.987       9.528
  25.5953           459.609       9.293
  25.6953           459.840       9.281
  25.7953           463.666       9.414
  25.8953           448.961       9.361
  25.9953           458.274       9.478
  26.0953           450.059       9.231
  26.1953           463.064       9.323
  26.2953           460.211       9.269
  26.3953           458.104       9.299
  26.4953           470.626       9.357
  26.5953           476.086       9.402
  26.6953           481.248       9.502
  26.7953           502.835       9.677
  26.8953           500.255       9.660
  26.9953           491.791       9.535
  27.0953           496.540       9.640
  27.1953           513.840       9.763
  27.2953           506.033       9.706
  27.3953           534.344       9.981
  27.4953           568.007      10.273
  27.5953           629.846      10.815
  27.6953           684.209      11.319
  27.7953           812.557      12.278
  27.8953           889.534      12.893
  27.9953           883.379      12.756
  28.0953           821.722      12.413
  28.1953           664.677      11.143
  28.2953           568.746      10.261
  28.3953           506.526       9.752
  28.4953           459.329       9.244
  28.5953           464.790       9.322
  28.6953           475.918       9.462
  28.7953           486.221       9.571
  28.8953           507.722       9.789
  28.9953           520.831       9.896
  29.0953           563.726      10.483
  29.1953           586.197      10.667
  29.2953           587.387      10.617
  29.3953           572.588      10.394
  29.4953           513.211       9.837
  29.5953           477.768       9.454
  29.6953           441.280       9.074
  29.7953           459.495       9.295
  29.8953           443.546       9.134
  29.9953           442.803       9.078
  30.0953           468.080       9.363
  30.1953           461.651       9.295
  30.2953           447.935       9.157
  30.3953           446.264       9.102
  30.4953           452.285       9.221
  30.5953           459.122       9.274
  30.6953           471.763       9.385
  30.7953           488.358       9.532
  30.8953           494.410       9.608
  30.9953           494.392       9.642
  31.0953           530.591       9.927
  31.1953           523.937       9.893
  31.2953           531.542       9.995
  31.3953           506.448       9.720
  31.4953           477.637       9.453
  31.5953           450.472       9.182
  31.6953           459.637       9.317
  31.7953           441.141       9.083
  31.8953           435.717       9.064
  31.9953           431.111       8.985
  32.0953           418.707       8.895
  32.1953           431.814       9.077
  32.2953           433.893       9.228
  32.3953           424.223       9.075
  32.4953           432.544       9.049
  32.5953           424.054       8.912
  32.6953           420.258       8.876
  32.7953           450.284       9.151
  32.8953           419.542       8.872
  32.9953           421.791       8.833
  33.0953           424.640       8.932
  33.1953           429.698       8.912
  33.2953           418.240       8.837
  33.3953           422.982       8.835
  33.4953           416.696       8.800
  33.5953           431.360       8.925
  33.6953           427.276       8.888
  33.7953           434.018       9.015
  33.8953           431.377       8.906
  33.9953           444.303       9.066
  34.0953           423.814       8.870
  34.1953           449.116       9.131
  34.2953           431.230       8.961
  34.3953           436.217       8.908
  34.4953           439.488       9.099
  34.5953           439.765       8.980
  34.6953           423.246       8.905
  34.7953           447.541       9.122
  34.8953           454.367       9.185
  34.9953           440.908       9.042
  35.0953           446.943       9.156
  35.1953           452.325       9.187
  35.2953           448.383       9.179
  35.3953           452.982       9.301
  35.4953           455.716       9.407
  35.5953           454.503       9.402
  35.6953           445.208       9.204
  35.7953           452.662       9.190
  35.8953           469.194       9.382
  35.9953           470.560       9.348
  36.0953           488.837       9.556
  36.1953           498.584       9.620
  36.2953           518.053       9.861
  36.3953           526.861       9.881
  36.4953           537.758      10.024
  36.5953           551.909      10.080
  36.6953           493.966       9.594
  36.7953           478.374       9.393
  36.8953           467.840       9.325
  36.9953           456.397       9.209
  37.0953           443.543       9.061
  37.1953           442.252       9.022
  37.2953           432.483       8.981
  37.3953           435.445       8.973
  37.4953           450.451       9.115
  37.5953           449.600       9.149
  37.6953           434.160       8.969
  37.7953           458.272       9.236
  37.8953           442.490       9.040
  37.9953           445.756       9.107
  38.0953           437.737       9.030
  38.1953           452.312       9.189
  38.2953           460.070       9.235
  38.3953           472.624       9.417
  38.4953           444.415       9.079
  38.5953           438.573       9.137
  38.6953           449.455       9.351
  38.7953           446.407       9.331
  38.8953           457.250       9.303
  38.9953           472.174       9.440
  39.0953           510.893       9.785
  39.1953           535.172       9.971
  39.2953           617.024      10.735
  39.3953           647.561      10.965
  39.4953           670.907      11.199
  39.5953           629.416      10.791
  39.6953           525.461       9.886
  39.7953           486.899       9.491
  39.8953           458.327       9.237
  39.9953           448.637       9.095
  40.0953           454.598       9.181
  40.1953           456.445       9.239
  40.2953           478.928       9.402
  40.3953           454.371       9.165
  40.4953           454.369       9.204
  40.5953           458.408       9.226
  40.6953           454.953       9.178
  40.7953           442.475       9.076
  40.8953           456.193       9.222
  40.9953           451.053       9.148
  41.0953           451.011       9.129
  41.1953           434.086       9.026
  41.2953           471.190       9.364
  41.3953           444.704       9.100
  41.4953           462.976       9.331
  41.5953           476.835       9.437
  41.6953           459.913       9.273
  41.7953           477.996       9.564
  41.8953           483.281       9.867
  41.9953           483.743       9.424
  42.0953           498.902       9.895
  42.1953           556.845      10.202
  42.2953           660.426      11.205
  42.3953           777.078      12.042
  42.4953           926.861      13.206
  42.5953           939.740      13.168
  42.6953           910.129      13.115
  42.7953           809.468      12.279
  42.8953           664.916      11.093
  42.9953           592.192      10.550
  43.0953           517.241       9.787
  43.1953           524.192       9.855
  43.2953           496.103       9.641
  43.3953           534.696       9.939
  43.4953           607.401      10.638
  43.5953           649.129      10.983
  43.6953           649.379      10.953
  43.7953           595.649      10.523
  43.8953           517.120       9.822
  43.9953           479.774       9.413
  44.0953           470.028       9.339
  44.1953           482.646       9.524
  44.2953           495.333       9.575
  44.3953           531.320       9.982
  44.4953           574.722      10.347
  44.5953           676.933      11.185
  44.6953           735.659      11.783
  44.7953           774.318      12.049
  44.8953           720.857      11.633
  44.9953           620.550      10.860
  45.0953           527.432      10.162
  45.1953           476.713       9.613
  45.2953           460.618       9.310
  45.3953           453.521       9.200
  45.4953           461.497       9.250
  45.5953           432.653       8.982
  45.6953           465.720       9.285
  45.7953           486.870       9.485
  45.8953           522.059       9.854
  45.9953           600.663      10.515
  46.0953           725.141      11.548
  46.1953           847.717      12.508
  46.2953           943.514      13.204
  46.3953           840.672      12.426
  46.4953           707.237      11.423
  46.5953           554.841      10.111
  46.6953           462.174       9.223
  46.7953           454.988       9.170
  46.8953           445.267       9.049
  46.9953           452.307       9.101
  47.0953           472.381       9.344
  47.1953           484.764       9.453
  47.2953           513.937       9.742
  47.3953           568.145      10.227
  47.4953           612.342      10.642
  47.5953           653.420      10.951
  47.6953           596.202      10.523
  47.7953           556.842      10.139
  47.8953           501.340       9.647
  47.9953           473.527       9.401
  48.0953           538.476       9.972
  48.1953           614.826      10.816
  48.2953           852.222      12.846
  48.3953          1153.514      14.995
  48.4953          1907.610      18.913
  48.5953          2775.147      22.779
  48.6953          3374.700      25.038
  48.7953          3554.285      25.783
  48.8953          3239.067      24.456
  48.9953          2552.281      21.746
  49.0953          1828.563      18.492
  49.1953          1165.379      14.636
  49.2953           733.516      11.639
  49.3953           549.817      10.089
  49.4953           471.786       9.334
  49.5953           494.337       9.551
  49.6953           465.454       9.243
  49.7953           482.883       9.490
  49.8953           470.172       9.271
  49.9953           471.455       9.311
  50.0953           467.922       9.319
  50.1953           473.381       9.352
  50.2953           475.074       9.362
  50.3953           473.230       9.349
  50.4953           457.696       9.193
  50.5953           455.749       9.200
  50.6953           459.556       9.204
  50.7953           478.334       9.426
  50.8953           531.766       9.930
  50.9953           623.129      10.758
  51.0953           741.876      11.752
  51.1953           837.696      12.493
  51.2953           821.195      12.379
  51.3953           730.835      11.671
  51.4953           603.251      10.863
  51.5953           513.786       9.960
  51.6953           476.782       9.488
  51.7953           482.633       9.480
  51.8953           477.435       9.405
  51.9953           502.983       9.630
  52.0953           509.015       9.722
  52.1953           497.041       9.596
  52.2953           526.688       9.816
  52.3953           513.831       9.749
  52.4953           501.558       9.592
  52.5953           516.658       9.733
  52.6953           491.797       9.511
  52.7953           460.853       9.191
  52.8953           478.988       9.403
  52.9953           454.070       9.101
  53.0953           451.923       9.127
  53.1953           453.324       9.108
  53.2953           428.225       8.870
  53.3953           438.998       8.982
  53.4953           443.228       9.038
  53.5953           438.190       8.945
  53.6953           447.688       9.086
  53.7953           441.937       9.025
  53.8953           441.782       8.977
  53.9953           440.680       9.035
  54.0953           442.989       9.044
  54.1953           469.719       9.298
  54.2953           454.342       9.162
  54.3953           468.751       9.341
  54.4953           500.368       9.619
  54.5953           544.126      10.104
  54.6953           576.885      10.562
  54.7953           582.712      10.641
  54.8953           555.636      10.185
  54.9953           508.326       9.745
  55.0953           492.447       9.532
  55.1953           469.296       9.334
  55.2953           467.658       9.263
  55.3953           480.595       9.423
  55.4953           459.878       9.212
  55.5953           483.089       9.400
  55.6953           462.307       9.254
  55.7953           446.805       9.073
  55.8953           441.237       8.999
  55.9953           455.634       9.142
  56.0953           465.746       9.247
  56.1953           451.687       9.116
  56.2953           428.342       8.870
  56.3953           440.851       8.975
  56.4953           451.092       9.134
  56.5953           448.664       9.094
  56.6953           438.807       8.966
  56.7953           442.397       9.015
  56.8953           450.125       9.116
  56.9953           468.104       9.244
  57.0953           472.760       9.347
  57.1953           462.349       9.225
  57.2953           453.190       9.169
  57.3953           452.232       9.157
  57.4953           446.877       9.039
  57.5953           448.553       9.158
  57.6953           442.144       9.065
  57.7953           442.857       9.097
  57.8953           435.258       9.238
  57.9953           438.318       9.150
  58.0953           437.187       9.063
  58.1953           432.623       8.966
  58.2953           436.273       8.977
  58.3953           432.958       8.979
  58.4953           435.073       8.928
  58.5953           427.054       8.893
  58.6953           415.139       8.723
  58.7953           420.524       8.791
  58.8953           431.237       8.905
  58.9953           419.847       8.828
  59.0953           424.122       8.701
  59.1953           443.478       9.073
  59.2953           442.764       9.025
  59.3953           446.308       9.045
  59.4953           473.988       9.308
  59.5953           452.401       9.097
  59.6953           454.745       9.130
  59.7953           437.796       9.012
  59.8953           441.819       8.930
  59.9953           462.730       9.244
  60.0953           455.939       9.172
  60.1953           449.412       9.061
  60.2953           440.636       8.966
  60.3953           445.514       9.077
  60.4953           449.730       9.067
  60.5953           425.772       8.845
  60.6953           437.193       8.982
  60.7953           451.734       9.132
  60.8953           462.006       9.274
  60.9953           521.836       9.899
  61.0953           529.027      10.070
  61.1953           506.834       9.887
  61.2953           504.546       9.674
  61.3953           479.800       9.397
  61.4953           456.357       9.129
  61.5953           443.651       9.032
  61.6953           421.339       8.770
  61.7953           437.099       8.933
  61.8953           433.957       8.937
  61.9953           450.006       9.036
  62.0953           466.467       9.184
  62.1953           449.310       9.100
  62.2953           480.103       9.314
  62.3953           480.160       9.340
  62.4953           464.342       9.174
  62.5953           488.416       9.479
  62.6953           475.465       9.259
  62.7953           473.035       9.273
  62.8953           456.902       9.107
  62.9953           434.237       8.882
  63.0953           422.541       8.746
  63.1953           418.838       8.707
  63.2953           434.013       8.945
  63.3953           427.369       8.779
  63.4953           432.603       8.849
  63.5953           421.014       8.784
  63.6953           422.882       8.791
  63.7953           428.044       8.798
  63.8953           440.563       8.999
  63.9953           468.612       9.238
  64.0953           541.108       9.968
  64.1953           775.633      11.977
  64.2953          1204.380      14.935
  64.3953          1855.473      19.254
  64.4953          2260.726      20.221
  64.5953          2328.320      20.868
  64.6953           902.864      12.315
  64.7953          1066.020      13.464
  64.8953           711.108      12.532
  64.9953           588.964      12.050
  65.0953           564.021      10.379
  65.1953           606.268       9.699
  65.2953           703.289      11.227
  65.3953           722.071      11.431
  65.4953           642.992      10.836
  65.5953           529.796       9.769
  65.6953           460.795       9.203
  65.7953           451.621       9.071
  65.8953           451.408       9.052
  65.9953           435.948       8.917
  66.0953           443.556       9.022
  66.1953           433.544       8.883
  66.2953           438.269       8.937
  66.3953           453.328       9.085
  66.4953           437.519       9.004
  66.5953           443.298       8.952
  66.6953           447.985       9.062
  66.7953           449.822       9.106
  66.8953           444.546       9.052
  66.9953           431.112       8.867
  67.0953           428.413       8.896
  67.1953           436.295       8.949
  67.2953           427.972       8.920
  67.3953           464.102       9.293
  67.4953           519.799      10.011
  67.5953           583.499      10.560
  67.6953           653.311      10.993
  67.7953           662.029      11.029
  67.8953           588.593      10.379
  67.9953           512.092       9.678
  68.0953           441.667       8.941
  68.1953           429.062       8.826
  68.2953           425.313       8.819
  68.3953           439.652       8.902
  68.4953           429.871       8.824
  68.5953           423.552       8.750
  68.6953           443.843       8.963
  68.7953           454.239       9.054
  68.8953           487.417       9.351
  68.9953           581.473      10.292
  69.0953           733.117      11.430
  69.1953           831.046      12.258
  69.2953           806.901      12.093
  69.3953           689.805      11.199
  69.4953           533.378       9.756
  69.5953           490.415       9.428
  69.6953           441.836       8.936
  69.7953           438.163       8.900
  69.8953           428.341       8.775
  69.9953           434.484       8.893
  70.0953           455.693       9.116
  70.1953           452.010       9.038
  70.2953           499.113       9.553
  70.3953           552.177      10.040
  70.4953           549.357       9.985
  70.5953           516.206       9.780
  70.6953           493.276       9.691
  70.7953           514.028       9.854
  70.8953           538.775       9.957
  70.9953           514.444       9.689
  71.0953           502.984       9.606
  71.1953           450.822       9.024
  71.2953           431.264       8.855
  71.3953           427.743       8.801
  71.4953           440.089       8.926
  71.5953           418.612       8.700
  71.6953           430.002       8.799
  71.7953           435.666       8.862
  71.8953           413.484       8.659
  71.9953           409.911       8.596
  72.0953           428.182       8.814
  72.1953           420.779       8.704
  72.2953           414.822       8.646
  72.3953           430.847       8.802
  72.4953           478.224       9.283
  72.5953           522.112       9.763
  72.6953           642.465      10.706
  72.7953           712.479      11.295
  72.8953           706.562      11.271
  72.9953           597.233      10.293
  73.0953           562.227      10.057
  73.1953           484.199       9.193
  73.2953           432.605       8.616
  73.3953           441.875       7.706
  73.4953           476.736      17.669
  73.5953           465.996       8.800
  73.6953           556.639       9.332
  73.7953           606.711       9.641
  73.8953           612.992      14.287
  73.9953           528.639       9.493
  74.0953           473.612       9.304
  74.1953           441.598       8.944
  74.2953           418.116       8.713
  74.3953           411.654       8.661
  74.4953           415.878       8.658
  74.5953           420.618       8.788
  74.6953           415.720       8.693
  74.7953           431.792       8.864
  74.8953           430.448       8.799
  74.9953           427.188       8.833
  75.0953           424.869       8.792
  75.1953           422.805       8.739
  75.2953           424.478       8.775
  75.3953           424.388       8.796
  75.4953           417.474       8.680
  75.5953           409.534       8.607
  75.6953           410.348       8.634
  75.7953           434.121       8.869
  75.8953           477.384       9.305
  75.9953           489.412       9.436
  76.0953           520.142       9.699
  76.1953           573.247      10.233
  76.2953           627.744      10.624
  76.3953           715.211      11.442
  76.4953           845.767      12.388
  76.5953           879.711      12.636
  76.6953           788.461      12.025
  76.7953           640.008      10.823
  76.8953           557.836      10.117
  76.9953           660.850      11.073
  77.0953           958.329      13.537
  77.1953          1526.785      17.106
  77.2953          2018.703      19.396
  77.3953          1974.394      19.074
  77.4953          1410.009      16.085
  77.5953           930.590      13.133
  77.6953          1050.301      13.790
  77.7953          1692.155      17.602
  77.8953          2350.895      20.778
  77.9953          2350.993      20.715
  78.0953          1593.944      17.020
  78.1953           884.128      12.739
  78.2953           543.622       9.952
  78.3953           454.696       9.105
  78.4953           423.955       8.792
  78.5953           432.083       8.892
  78.6953           445.783       9.015
  78.7953           433.902       8.894
  78.8953           468.873       9.278
  78.9953           494.369       9.507
  79.0953           552.552      10.050
  79.1953           569.550      10.185
  79.2953           541.806       9.979
  79.3953           450.097       9.058
  79.4953           424.431       8.757
  79.5953           408.962       8.686
  79.6953           417.329       8.748
  79.7953           411.648       8.674
  79.8953           413.161       8.739
  79.9953           435.811       8.960
  80.0953           425.673       8.868
  80.1953           403.572       8.686
  80.2953           410.886       8.922
  80.3953           428.380       9.007
  80.4953           414.629       8.802
  80.5953           412.768       8.702
  80.6953           419.797       8.811
  80.7953           431.466       8.880
  80.8953           440.658       8.995
  80.9953           450.906       9.045
  81.0953           479.057       9.365
  81.1953           497.513       9.508
  81.2953           473.403       9.304
  81.3953           452.428       9.040
  81.4953           420.784       8.755
  81.5953           451.063       9.056
  81.6953           460.993       9.151
  81.7953           448.121       9.044
  81.8953           452.649       9.044
  81.9953           442.634       8.950
  82.0953           446.498       9.017
  82.1953           466.273       9.235
  82.2953           474.364       9.250
  82.3953           480.461       9.337
  82.4953           465.503       9.220
  82.5953           454.638       9.087
  82.6953           452.935       9.030
  82.7953           451.532       9.124
  82.8953           418.692       8.734
  82.9953           423.486       8.779
  83.0953           412.431       8.691
  83.1953           433.714       8.924
  83.2953           490.724       9.492
  83.3953           657.684      11.032
  83.4953           827.461      12.601
  83.5953           863.395      12.822
  83.6953           731.918      11.686
  83.7953           581.411      10.314
  83.8953           495.722       9.565
  83.9953           471.206       9.295
  84.0953           493.544       9.504
  84.1953           505.186       9.595
  84.2953           583.445      10.337
  84.3953           626.501      10.626
  84.4953           564.146      10.160
  84.5953           468.724       9.235
  84.6953           418.355       8.710
  84.7953           408.225       8.604
  84.8953           416.327       8.816
  84.9953           429.917       8.642
  85.0953           446.584       9.101
  85.1953           435.481       8.874
  85.2953           414.553       8.680
  85.3953           412.724       8.684
  85.4953           411.652       8.638
  85.5953           417.166       8.680
  85.6953           414.871       8.696
  85.7953           423.853       8.775
  85.8953           399.783       8.512
  85.9953           422.604       8.829
  86.0953           420.494       8.708
  86.1953           426.308       8.856
  86.2953           441.448       8.950
  86.3953           439.542       8.981
  86.4953           419.074       8.829
  86.5953           422.020       8.794
  86.6953           433.830       9.112
  86.7953           473.621       9.534
  86.8953           651.794      11.005
  86.9953          1110.715      14.272
  87.0953          2010.603      19.199
  87.1953          2859.859      22.873
  87.2953          2973.534      23.239
  87.3953          2400.182      20.939
  87.4953          1597.487      17.090
  87.5953           933.395      12.993
  87.6953           550.635       9.988
  87.7953           457.432       9.132
  87.8953           444.852       8.987
  87.9953           413.631       8.634
  88.0953           418.218       8.724
  88.1953           420.093       8.744
  88.2953           415.638       8.657
  88.3953           411.001       8.623
  88.4953           412.874       8.670
  88.5953           413.542       8.663
  88.6953           418.087       8.699
  88.7953           399.809       8.541
  88.8953           411.648       8.619
  88.9953           414.985       8.708
  89.0953           400.517       8.504
  89.1953           422.699       8.808
  89.2953           399.435       8.502
  89.3953           393.664       8.474
  89.4953           407.753       8.650
  89.5953           404.903       8.565
  89.6953           407.674       8.672
  89.7953           408.235       8.666
  89.8953           436.876       9.121
  89.9953           532.000      10.077
  90.0953           675.886      11.193
  90.1953           779.831      11.975
  90.2953           743.563      11.672
  90.3953           613.993      10.566
  90.4953           486.648       9.350
  90.5953           430.777       8.856
  90.6953           412.246       8.639
  90.7953           409.385       8.617
  90.8953           399.421       8.493
  90.9953           393.328       8.438
  91.0953           403.059       8.570
  91.1953           394.692       8.415
  91.2953           387.075       8.389
  91.3953           405.355       8.540
  91.4953           394.250       8.465
  91.5953           465.005       9.169
  91.6953           547.139       9.958
  91.7953           778.986      11.913
  91.8953           925.362      12.853
  91.9953           862.950      12.550
  92.0953           650.546      10.829
  92.1953           486.932       9.411
  92.2953           459.204       9.108
  92.3953           443.456       9.000
  92.4953           458.674       9.144
  92.5953           456.269       9.102
  92.6953           413.949       8.677
  92.7953           407.976       8.667
  92.8953           390.227       8.437
  92.9953           406.966       8.704
  93.0953           433.649       9.106
  93.1953           439.048       9.159
  93.2953           455.633       9.264
  93.3953           436.709       8.976
  93.4953           426.399       8.864
  93.5953           425.619       8.848
  93.6953           409.283       8.677
  93.7953           403.104       8.598
  93.8953           394.598       8.520
  93.9953           388.885       8.452
  94.0953           390.621       8.422
  94.1953           399.926       8.560
  94.2953           391.531       8.472
  94.3953           419.836       8.737
  94.4953           432.437       8.894
  94.5953           465.088       9.223
  94.6953           509.825       9.657
  94.7953           600.879      10.462
  94.8953           671.943      11.096
  94.9953           651.274      10.959
  95.0953           535.087       9.830
  95.1953           492.366       9.554
  95.2953           578.857      10.273
  95.3953           805.578      12.142
  95.4953           975.724      13.360
  95.5953           911.088      12.938
  95.6953           711.705      11.439
  95.7953           647.404      10.906
  95.8953           685.080      11.147
  95.9953           718.753      11.660
  96.0953           673.456      11.058
  96.1953           613.311      10.732
  96.2953           568.114      10.444
  96.3953           524.328       9.997
  96.4953           517.857       9.866
  96.5953           539.054       9.971
  96.6953           780.606      12.022
  96.7953          1143.762      14.568
  96.8953          1425.672      16.144
  96.9953          1270.661      15.300
  97.0953           879.705      12.735
  97.1953           637.895      10.759
  97.2953           668.697      11.090
  97.3953           696.480      11.307
  97.4953           664.566      11.039
  97.5953           676.838      11.114
  97.6953           704.600      11.359
  97.7953           623.153      10.676
  97.8953           485.815       9.414
  97.9953           425.802       8.808
  98.0953           421.879       8.789
  98.1953           444.396       9.037
  98.2953           491.889       9.435
  98.3953           522.230       9.805
  98.4953           596.218      10.481
  98.5953           647.909      10.835
  98.6953           606.829      10.529
  98.7953           533.439       9.918
  98.8953           532.255       9.899
  98.9953           560.081      10.120
  99.0953           557.842      10.154
  99.1953           518.824       9.742
  99.2953           476.921       9.432
  99.3953           448.239       9.127
  99.4953           444.466       9.268
  99.5953           434.218       9.100
  99.6953           396.982       8.612
  99.7953           386.524       8.399
  99.8953           386.794       8.417
  99.9953           401.852       8.577
 100.0953           399.746       8.532
 100.1953           395.307       8.478
 100.2953           427.896       8.842
 100.3953           478.506       9.299
 100.4953           501.464       9.547
 100.5953           504.585       9.567
 100.6953           443.957       8.975
 100.7953           405.679       8.562
 100.8953           394.857       8.463
 100.9953           397.929       8.482
 101.0953           390.083       8.409
 101.1953           406.086       8.563
 101.2953           393.757       8.453
 101.3953           383.657       8.338
 101.4953           388.628       8.389
 101.5953           383.599       8.367
 101.6953           391.259       8.417
 101.7953           393.334       8.432
 101.8953           379.296       8.321
 101.9953           378.469       8.291
 102.0953           385.922       8.386
 102.1953           379.756       8.299
 102.2953           378.311       8.323
 102.3953           379.399       8.327
 102.4953           391.734       8.429
 102.5953           398.082       8.599
 102.6953           406.954       8.797
 102.8953           702.362      11.473
 102.9953           883.690      12.751
 103.0953           887.195      12.776
 103.1953           694.177      11.306
 103.2953           524.924       9.783
 103.3953           417.816       8.752
 103.4953           423.683       8.796
 103.5953           415.221       8.667
 103.6953           414.379       8.686
 103.7953           398.936       8.529
 103.8953           418.357       8.723
 103.9953           436.966       8.918
 104.0953           411.600       8.649
 104.1953           392.816       8.478
 104.2953           404.385       8.559
 104.3953           384.235       8.363
 104.4953           404.425       8.574
 104.5953           400.877       8.547
 104.6953           390.131       8.414
 104.7953           386.990       8.403
 104.8953           396.790       8.504
 104.9953           387.157       8.418
 105.0953           376.178       8.242
 105.1953           384.368       8.420
 105.2953           388.129       8.406
 105.3953           388.158       8.440
 105.4953           405.412       8.620
 105.5953           416.489       8.734
 105.6953           440.552       8.954
 105.7953           478.961       9.450
 105.8953           595.656      10.780
 105.9953           632.389      10.745
 106.0953           684.171      11.420
 106.1953           645.172      10.862
 106.2953           661.789      11.065
 106.3953           751.844      11.686
 106.4953           747.496      11.688
 106.5953           604.328      10.490
 106.6953           503.802       9.595
 106.7953           516.446       9.660
 106.8953           588.363      10.176
 106.9953           675.948      11.513
 107.0953           679.110      10.897
 107.1953           622.349      10.596
 107.2953           498.755       9.553
 107.3953           421.689       8.717
 107.4953           392.676       8.443
 107.5953           375.951       8.249
 107.6953           395.849       8.478
 107.7953           460.769       9.162
 107.8953           564.213      10.112
 107.9953           646.824      10.865
 108.0953           669.424      11.011
 108.1953           558.675      10.108
 108.2953           440.206       8.939
 108.3953           381.134       8.347
 108.4953           376.013       8.261
 108.5953           368.087       8.204
 108.6953           408.450       8.653
 108.7953           461.858       9.197
 108.8953           522.698       9.742
 108.9953           630.166      10.873
 109.0953           718.513      11.684
 109.1953           759.230      12.024
 109.2953           778.291      12.071
 109.3953           748.251      11.707
 109.4953           630.501      10.772
 109.5953           508.805       9.711
 109.6953           462.502       9.157
 109.7953           436.280       8.952
 109.8953           411.047       8.643
 109.9953           398.971       8.529
 110.0953           414.683       8.671
 110.1953           480.538       9.344
 110.2953           562.061      10.106
 110.3953           634.879      10.728
 110.4953           607.005      10.472
 110.5953           512.518       9.701
 110.6953           418.683       8.692
 110.7953           388.215       8.398
 110.8953           390.129       8.410
 110.9953           449.930       9.055
 111.0953           533.934       9.827
 111.1953           637.486      10.756
 111.2953           623.204      10.641
 111.3953           522.827       9.766
 111.4953           435.264       8.870
 111.5953           383.486       8.392
 111.6953           375.412       8.241
 111.7953           376.540       8.335
 111.8953           401.459       8.509
 111.9953           380.046       8.406
 112.0953           363.734       8.131
 112.1953           344.575       8.026
 112.2953           350.969       8.175
 112.3953           337.141       8.002
 112.4953           350.610       8.046
 112.5953           355.239       8.034
 112.6953           419.361       8.754
 112.7953           553.108      10.007
 112.8953           702.096      11.270
 112.9953           782.899      11.881
 113.0953           738.304      11.601
 113.1953           580.469      10.231
 113.2953           446.524       8.959
 113.3953           382.459       8.336
 113.4953           354.258       7.996
 113.5953           352.816       8.000
 113.6953           364.893       8.087
 113.7953           361.854       8.075
 113.8953           352.630       7.975
 113.9953           392.471       8.392
 114.0953           430.922       8.791
 114.1953           480.130       9.389
 114.2953           485.161       9.308
 114.3953           465.262       9.167
 114.4953           395.080       8.450
 114.5953           366.208       8.116
 114.6953           356.607       8.065
 114.7953           354.939       7.939
 114.8953           362.758       8.177
 114.9953           374.724       8.216
 115.0953           355.526       8.051
 115.1953           342.819       7.890
 115.2953           350.373       8.021
 115.3953           352.851       8.040
 115.4953           390.557       8.637
 115.5953           470.531       9.411
 115.6953           545.079      10.039
 115.7953           644.752      10.820
 115.8953           651.809      10.897
 115.9953           569.088      10.196
 116.0953           493.062       9.444
 116.1953           433.202       8.872
 116.2953           398.797       8.508
 116.3953           407.658       8.585
 116.4953           406.813       8.634
 116.5953           408.590       8.507
 116.6953           424.800       8.789
 116.7953           380.367       8.277
 116.8953           366.039       8.136
 116.9953           358.628       8.058
 117.0953           347.623       7.903
 117.1953           342.155       7.874
 117.2953           348.365       7.926
 117.3953           365.387       8.128
 117.4953           370.897       8.188
 117.5953           351.358       7.959
 117.6953           350.858       7.964
 117.7953           349.668       7.955
 117.8953           340.070       7.814
 117.9953           345.843       7.998
 118.0953           341.325       7.743
 118.1953           331.153       7.818
 118.2953           347.888       7.935
 118.3953           372.348       8.242
 118.4953           367.593       8.173
 118.5953           405.997       8.660
 118.6953           417.802       8.857
 118.7953           457.817       9.373
 118.8953           479.010       9.339
 118.9953           469.886       9.285
 119.0953           450.451       9.007
 119.1953           431.605       8.868
 119.2953           529.374       9.785
 119.3953           629.976      10.670
 119.4953           739.037      11.550
 119.5953           856.132      12.454
 119.6953           756.058      11.622
 119.7953           664.986      10.978
 119.8953           540.038       9.860
 119.9953           432.479       8.808
 120.0953           382.004       8.260
 120.1953           350.464       8.094
 120.2953           345.702       7.613
 120.3953           312.667       7.619
 120.4953           318.384       7.561
 120.5953           303.359       7.421
 120.6953           306.164       7.363
 120.7953           299.339       7.358
 120.8953           321.321       7.584
 120.9953           299.765       7.351
 121.0953           309.239       7.443
 121.1953           314.454       7.541
 121.2953           316.455       7.567
 121.3953           321.720       7.611
 121.4953           322.413       7.631
 121.5953           317.485       7.660
 121.6953           317.264       7.470
 121.7953           352.577       8.191
 121.8953           364.456       8.224
 121.9953           407.962       8.790
 122.0953           441.808       9.030
 122.1953           453.699       9.072
 122.2953           487.510       9.451
 122.3953           501.152       9.539
 122.4953           506.300       9.629
 122.5953           506.149       9.579
 122.6953           466.303       9.236
 122.7953           409.342       8.601
 122.8953           356.438       8.016
 122.9953           351.920       8.023
 123.0953           339.983       7.843
 123.1953           349.893       7.938
 123.2953           362.362       8.113
 123.3953           375.798       8.240
 123.4953           387.441       8.362
 123.5953           396.147       8.459
 123.6953           371.633       8.226
 123.7953           336.615       7.805
 123.8953           335.555       7.783
 123.9953           322.596       7.636
 124.0953           327.477       7.708
 124.1953           342.821       7.884
 124.2953           352.032       7.990
 124.3953           381.778       8.333
 124.4953           394.685       8.492
 124.5953           383.929       8.336
 124.6953           382.634       8.388
 124.7953           360.066       8.019
 124.8953           319.206       7.659
 124.9953           334.506       7.869
 125.0953           330.810       7.868
 125.1953           326.980       7.870
 125.2953           315.451       7.644
 125.3953           321.286       7.718
 125.4953           321.664       7.611
 125.5953           359.949       8.075
 125.6953           389.416       8.394
 125.7953           452.807       9.011
 125.8953           465.741       9.167
 125.9953           508.905       9.563
 126.0953           484.431       9.294
 126.1953           420.899       8.701
 126.2953           373.764       8.199
 126.3953           331.161       7.681
 126.4953           315.933       7.565
 126.5953           322.217       7.584
 126.6953           324.729       7.626
 126.7953           324.979       7.622
 126.8953           333.099       7.730
 126.9953           348.472       7.932
 127.0953           407.360       8.514
 127.1953           427.768       8.743
 127.2953           449.469       8.984
 127.3953           439.389       8.930
 127.4953           438.612       8.840
 127.5953           385.565       8.335
 127.6953           345.772       7.875
 127.7953           327.293       7.704
 127.8953           319.061       7.571
 127.9953           315.464       7.582
 128.0953           322.074       7.596
 128.1953           307.824       7.544
 128.2953           300.814       7.518
 128.3953           299.997       7.521
 128.4953           323.035       7.709
 128.5953           300.019       7.388
 128.6953           291.932       7.276
 128.7953           309.116       7.495
 128.8953           312.044       7.494
 128.9953           326.275       7.695
 129.0953           346.848       7.941
 129.1953           396.639       8.428
 129.2953           440.789       8.900
 129.3953           469.719       9.228
 129.4953           488.119       9.358
 129.5953           489.253       9.381
 129.6953           453.298       9.037
 129.7953           413.254       8.649
 129.8953           383.418       8.292
 129.9953           344.594       7.885
 130.0953           341.662       7.820
 130.1953           322.102       7.624
 130.2953           303.573       7.391
 130.3953           322.131       7.608
 130.4953           325.080       7.660
 130.5953           309.152       7.465
 130.6953           324.775       7.642
 130.7953           310.153       7.496
 130.8953           311.772       7.509
 130.9953           327.531       7.690
 131.0953           343.810       7.894
 131.1953           356.779       8.059
 131.2953           402.058       8.518
 131.3953           385.369       8.432
 131.4953           412.265       8.798
 131.5953           397.255       8.692
 131.6953           378.580       8.339
 131.7953           360.725       8.090
 131.8953           344.700       7.883
 131.9953           336.073       7.826
 132.0953           330.369       7.702
 132.1953           331.672       7.766
 132.2953           319.601       7.599
 132.3953           302.805       7.359
 132.4953           316.916       7.563
 132.5953           314.607       7.499
 132.6953           309.924       7.493
 132.7953           303.670       7.361
 132.8953           314.163       7.508
 132.9953           314.253       7.512
 133.0953           316.046       7.525
 133.1953           323.853       7.499
 133.2953           322.259       7.844
 133.3953           314.161       7.403
 133.4953           351.935       7.935
 133.5953           329.140       7.686
 133.6953           354.270       7.972
 133.7953           346.568       7.901
 133.8953           349.272       7.877
 133.9953           358.129       8.052
 134.0953           363.562       8.091
 134.1953           369.139       8.127
 134.2953           353.165       7.998
 134.3953           363.118       8.107
 134.4953           344.652       7.886
 134.5953           347.374       7.992
 134.6953           345.800       8.101
 134.7953           329.984       7.843
 134.8953           314.373       7.607
 134.9953           314.780       7.520
 135.0953           308.866       7.447
 135.1953           310.251       7.485
 135.2953           304.578       7.400
 135.3953           285.002       7.150
 135.4953           297.353       7.323
 135.5953           299.012       7.297
 135.6953           298.735       7.323
 135.7953           300.603       7.314
 135.8953           297.854       7.322
 135.9953           317.899       7.539
 136.0953           354.010       7.956
 136.1953           378.090       8.243
 136.2953           423.555       8.682
 136.3953           514.632       9.600
 136.4953           623.728      10.579
 136.5953           719.103      11.369
 136.6953           790.618      11.853
 136.7953           824.590      12.158
 136.8953           800.595      11.987
 136.9953           749.549      11.540
 137.0953           628.145      10.621
 137.1953           541.603       9.882
 137.2953           436.833       8.851
 137.3953           392.146       8.378
 137.4953           394.941       8.426
 137.5953           425.362       8.756
 137.6953           468.969       9.204
 137.7953           510.111       9.632
 137.8953           546.997      10.138
 137.9953           558.391      10.234
 138.0953           546.623      10.010
 138.1953           532.054       9.753
 138.2953           490.630       9.433
 138.3953           435.784       8.831
 138.4953           412.373       8.595
 138.5953           401.355       8.475
 138.6953           370.490       8.131
 138.7953           349.435       7.875
 138.8953           321.672       7.555
 138.9953           331.073       7.689
 139.0953           308.108       7.397
 139.1953           306.535       7.349
 139.2953           287.550       7.182
 139.3953           293.377       7.188
 139.4953           293.882       7.248
 139.5953           289.723       7.126
 139.6953           286.292       7.153
 139.7953           298.854       7.307
 139.8953           295.829       7.228
 139.9953           313.319       7.460
 140.0953           338.130       7.749
 140.1953           361.029       8.039
 140.2953           412.631       8.539
 140.3953           441.181       8.899
 140.4953           457.325       9.033
 140.5953           484.640       9.308
 140.6953           482.426       9.319
 140.7953           478.575       9.257
 140.8953           461.627       9.108
 140.9953           433.506       8.918
 141.0953           437.806       9.041
 141.1953           446.344       9.136
 141.2953           471.037       9.241
 141.3953           512.863       9.558
 141.4953           513.281       9.601
 141.5953           545.656       9.850
 141.6953           523.086       9.675
 141.7953           506.602       9.523
 141.8953           503.462       9.449
 141.9953           462.561       9.027
 142.0953           439.259       8.842
 142.1953           420.829       8.661
 142.2953           423.413       8.672
 142.3953           479.283       9.173
 142.4953           470.833       9.167
 142.5953           553.806       9.916
 142.6953           584.090      10.162
 142.7953           597.092      10.266
 142.8953           625.471      10.535
 142.9953           600.146      10.320
 143.0953           580.699      10.110
 143.1953           539.638       9.792
 143.2953           515.945       9.561
 143.3953           491.795       9.339
 143.4953           485.718       9.264
 143.5953           467.857       9.111
 143.6953           477.915       9.270
 143.7953           502.242       9.560
 143.8953           503.016       9.140
 143.9953           481.068       9.435
 144.0953           473.688       9.167
 144.1953           459.256       9.156
 144.2953           417.673       8.776
 144.3953           411.238       8.784
 144.4953           362.599       8.136
 144.5953           345.841       7.874
 144.6953           332.215       7.701
 144.7953           313.982       7.497
 144.8953           302.980       7.340
 144.9953           293.536       7.231
 145.0953           298.348       7.277
 145.1953           289.704       7.191
 145.2953           279.202       7.011
 145.3953           299.566       7.300
 145.4953           298.820       7.284
 145.5953           277.562       6.476
 145.6953           360.235       9.733
 145.7953           280.553       6.532
 145.8953           307.835       7.376
 145.9953           304.991       7.337
 146.0953           327.684       7.621
 146.1953           334.991       7.714
 146.2953           340.823       7.774
 146.3953           353.427       7.854
 146.4953           356.083       7.992
 146.5953           362.469       8.006
 146.6953           359.422       7.975
 146.7953           373.124       8.171
 146.8953           387.756       8.303
 146.9953           396.895       8.414
 147.0953           394.219       8.386
 147.1953           402.589       8.476
 147.2953           382.802       8.269
 147.3953           376.175       8.252
 147.4953           382.515       8.461
 147.5953           374.303       8.332
 147.6953           369.039       8.209
 147.7953           340.099       7.786
 147.8953           317.779       7.568
 147.9953           320.459       7.534
 148.0953           314.267       7.510
 148.1953           291.845       7.178
 148.2953           281.879       7.119
 148.3953           296.682       7.249
 148.4953           299.676       7.393
 148.5953           278.646       6.815
 148.6953           276.830       7.141
 148.7953           265.039       7.046
 148.8953           286.866       6.752
 148.9953           281.471       7.077
 149.0953           288.593       7.290
 149.1953           302.945       7.166
 149.2953           311.499       7.361
 149.3953           314.853       7.444
 149.4953           309.715       7.310
 149.5953           317.995       7.369
 149.6953           326.538       7.742
 149.7953           324.538       7.566
 149.8953           335.239       7.450
 149.9953           329.651       8.028
 150.0953           327.762       7.135
 150.1953           322.705       8.338
 150.2953           314.294       7.096
 150.3953           314.372       7.534
 150.4953           300.162       7.317
 150.5953           278.793       7.086
 150.6953           285.853       6.605
 150.7953             0.000       0.000
 150.8953             0.000       0.000
