XYDATA  Co2SiO4 8mmV 1.87A HiRes FullBeam 500K CF ROC 
INTER        1       1       0     0.100000
TEMP       101.363      100.005      100.000
! d20 23-Apr-08 09:22:09 User Sazono   L.C.Hansen  Run 594842*d20_2008_04_5880
! d20 23-Apr-08 09:22:09 User Sazono   L.C.Hansen  Run 594842*d20_2008_04_5880
! Monitor/counts, Counting time/sec:       100000.      62.5111
   0.0953          4019.079      27.736
   0.1953          4230.473      28.920
   0.2953          4310.870      29.459
   0.3953          4156.414      28.741
   0.4953          3854.129      27.473
   0.5953          3451.590      25.790
   0.6953          3054.029      24.192
   0.7953          2651.545      22.601
   0.8953          2304.512      21.001
   0.9953          1938.402      19.310
   1.0953          1638.642      17.699
   1.1953          1355.326      16.064
   1.2953          1032.558      14.047
   1.3953           761.488      12.052
   1.4953           558.953      10.319
   1.5953           431.202       9.040
   1.6953           382.741       8.563
   1.7953           353.702       8.226
   1.8953           338.308       8.014
   1.9953           307.264       7.641
   2.0953           300.359       7.576
   2.1953           294.395       7.495
   2.2953           277.949       7.259
   2.3953           295.512       7.499
   2.4953           270.142       7.199
   2.5953           270.185       7.127
   2.6953           268.107       7.194
   2.7953           260.630       7.039
   2.8953           258.318       7.036
   2.9953           252.443       6.948
   3.0953           243.768       6.840
   3.1953           243.830       6.837
   3.2953           250.297       6.918
   3.3953           247.639       6.943
   3.4953           234.123       6.845
   3.5953           241.955       6.956
   3.6953           249.917       6.985
   3.7953           248.519       6.922
   3.8953           251.672       6.948
   3.9953           288.103       7.439
   4.0953           321.630       7.817
   4.1953           347.185       8.195
   4.2953           389.367       8.600
   4.3953           414.264       8.873
   4.4953           465.749       9.404
   4.5953           504.745       9.842
   4.6953           579.887      10.462
   4.7953           636.761      11.000
   4.8953           672.973      11.314
   4.9953           702.942      11.596
   5.0953           709.249      11.593
   5.1953           695.642      11.478
   5.2953           705.846      11.618
   5.3953           686.798      11.424
   5.4953           693.678      11.457
   5.5953           702.393      11.566
   5.6953           706.104      11.610
   5.7953           689.267      11.478
   5.8953           704.992      11.534
   5.9953           685.020      11.476
   6.0953           675.597      11.366
   6.1953           681.816      11.450
   6.2953           689.453      11.481
   6.3953           654.751      11.185
   6.4953           665.973      11.346
   6.5953           660.768      11.273
   6.6953           651.431      11.404
   6.7953           664.732      11.530
   6.8953           650.018      11.254
   6.9953           643.386      11.076
   7.0953           655.489      11.192
   7.1953           641.017      11.102
   7.2953           625.161      10.884
   7.3953           630.670      11.004
   7.4953           628.619      10.941
   7.5953           606.911      10.725
   7.6953           633.602      10.965
   7.7953           626.699      10.913
   7.8953           634.341      10.965
   7.9953           633.553      10.910
   8.0953           614.260      10.830
   8.1953           598.964      10.647
   8.2953           606.121      10.705
   8.3953           592.727      10.595
   8.4953           582.786      10.518
   8.5953           594.962      10.599
   8.6953           582.719      10.490
   8.7953           586.806      10.526
   8.8953           584.077      10.516
   8.9953           598.613      10.645
   9.0953           562.400      10.308
   9.1953           582.824      10.536
   9.2953           552.401      10.256
   9.3953           581.874      10.471
   9.4953           586.107      10.587
   9.5953           565.178      10.364
   9.6953           570.455      10.432
   9.7953           563.393      10.466
   9.8953           565.654      10.618
   9.9953           582.673      10.763
  10.0953           547.606      10.276
  10.1953           574.532      10.451
  10.2953           557.234      10.309
  10.3953           543.507      10.152
  10.4953           561.350      10.309
  10.5953           548.996      10.175
  10.6953           552.285      10.243
  10.7953           522.289       9.884
  10.8953           553.533      10.195
  10.9953           539.111      10.058
  11.0953           534.365       9.937
  11.1953           540.105      10.047
  11.2953           528.933      10.535
  11.3953           541.838       9.886
  11.4953           538.076       9.999
  11.5953           527.042       9.914
  11.6953           539.283      10.096
  11.7953           525.167       9.928
  11.8953           513.141       9.828
  11.9953           521.234       9.900
  12.0953           511.943       9.841
  12.1953           515.808       9.852
  12.2953           515.253       9.824
  12.3953           505.271       9.817
  12.4953           517.661       9.897
  12.5953           508.679       9.797
  12.6953           510.504       9.830
  12.7953           524.817      10.032
  12.8953           507.000       9.748
  12.9953           508.994       9.882
  13.0953           519.739      10.296
  13.1953           521.399       9.855
  13.2953           504.615      10.034
  13.3953           514.190       9.883
  13.4953           521.400       9.981
  13.5953           522.948       9.922
  13.6953           523.250       9.993
  13.7953           528.656       9.964
  13.8953           514.379       9.907
  13.9953           534.877       9.988
  14.0953           501.312       9.786
  14.1953           505.620       9.647
  14.2953           517.277       9.937
  14.3953           526.537       9.926
  14.4953           518.723       9.877
  14.5953           521.999       9.980
  14.6953           505.916       9.726
  14.7953           501.867       9.696
  14.8953           503.347       9.719
  14.9953           501.109       9.745
  15.0953           506.243       9.913
  15.1953           511.138       9.500
  15.2953           515.407      10.035
  15.3953           491.987       9.619
  15.4953           510.250       9.784
  15.5953           527.080       9.982
  15.6953           498.216       9.733
  15.7953           528.031       9.954
  15.8953           511.531       9.900
  15.9953           508.725       9.812
  16.0953           512.950       9.912
  16.1953           505.887       9.840
  16.2953           497.498       9.916
  16.3953           496.340       9.949
  16.4953           491.801       9.739
  16.5953           502.078       9.751
  16.6953           502.638       9.807
  16.7953           467.228       9.420
  16.8953           498.736       9.742
  16.9953           504.846       9.767
  17.0953           498.137       9.724
  17.1953           494.234       9.672
  17.2953           487.311       9.575
  17.3953           503.340       9.767
  17.4953           507.660       9.799
  17.5953           484.727       9.512
  17.6953           506.641       9.805
  17.7953           513.694       9.851
  17.8953           488.624       9.568
  17.9953           502.285       9.713
  18.0953           491.024       9.637
  18.1953           495.428       9.661
  18.2953           501.346       9.723
  18.3953           494.052       9.630
  18.4953           498.343       9.721
  18.5953           498.528       9.662
  18.6953           498.710       9.690
  18.7953           487.231       9.611
  18.8953           498.501       9.713
  18.9953           485.566       9.556
  19.0953           501.864       9.766
  19.1953           487.165       9.619
  19.2953           494.472       9.705
  19.3953           474.135       9.502
  19.4953           482.503       9.812
  19.5953           488.615       9.790
  19.6953           498.211       9.748
  19.7953           463.066       9.388
  19.8953           492.389       9.658
  19.9953           491.070       9.634
  20.0953           487.821       9.593
  20.1953           489.045       9.443
  20.2953           473.745       9.814
  20.3953           477.590       9.413
  20.4953           499.378       9.456
  20.5953           504.908       9.879
  20.6953           509.086       9.742
  20.7953           529.835       9.970
  20.8953           528.333       9.949
  20.9953           533.330      10.043
  21.0953           555.532      10.182
  21.1953           548.622      10.149
  21.2953           550.241      10.151
  21.3953           532.976      10.015
  21.4953           503.928       9.731
  21.5953           500.950       9.688
  21.6953           497.064       9.705
  21.7953           505.238       9.696
  21.8953           485.083       9.570
  21.9953           500.635       9.689
  22.0953           509.671       9.805
  22.1953           520.567       9.941
  22.2953           508.828       9.798
  22.3953           512.183       9.868
  22.4953           478.826       9.540
  22.5953           482.521       9.601
  22.6953           479.317       9.741
  22.7953           474.468       9.665
  22.8953           480.591       9.574
  22.9953           461.063       9.307
  23.0953           484.401       9.570
  23.1953           473.371       9.454
  23.2953           483.129       9.510
  23.3953           482.612       9.522
  23.4953           454.602       9.274
  23.5953           469.380       9.317
  23.6953           455.678       9.236
  23.7953           447.799       9.148
  23.8953           471.344       9.384
  23.9953           453.242       9.174
  24.0953           465.085       9.333
  24.1953           464.704       9.326
  24.2953           464.439       9.272
  24.3953           450.883       9.177
  24.4953           461.789       9.262
  24.5953           480.192       9.515
  24.6953           470.592       9.334
  24.7953           483.965       9.471
  24.8953           500.102       9.697
  24.9953           537.197       9.988
  25.0953           524.088       9.887
  25.1953           525.975       9.919
  25.2953           513.141       9.808
  25.3953           496.051       9.634
  25.4953           489.083       9.584
  25.5953           460.354       9.306
  25.6953           449.141       9.178
  25.7953           436.662       9.141
  25.8953           454.394       9.424
  25.9953           458.044       9.481
  26.0953           462.363       9.362
  26.1953           451.405       9.210
  26.2953           451.232       9.184
  26.3953           464.520       9.369
  26.4953           458.713       9.243
  26.5953           468.108       9.329
  26.6953           480.892       9.504
  26.7953           496.730       9.624
  26.8953           496.938       9.633
  26.9953           503.312       9.652
  27.0953           516.263       9.836
  27.1953           515.392       9.784
  27.2953           507.579       9.727
  27.3953           517.813       9.831
  27.4953           568.882      10.287
  27.5953           622.613      10.759
  27.6953           699.666      11.453
  27.7953           801.466      12.201
  27.8953           859.921      12.684
  27.9953           918.020      13.011
  28.0953           812.389      12.350
  28.1953           701.030      11.451
  28.2953           549.966      10.097
  28.3953           488.712       9.584
  28.4953           460.259       9.259
  28.5953           461.421       9.294
  28.6953           478.567       9.494
  28.7953           485.301       9.567
  28.8953           509.661       9.814
  28.9953           535.398      10.039
  29.0953           574.757      10.591
  29.1953           587.296      10.683
  29.2953           590.790      10.654
  29.3953           556.088      10.249
  29.4953           521.575       9.923
  29.5953           495.585       9.634
  29.6953           467.980       9.350
  29.7953           438.395       9.084
  29.8953           445.214       9.157
  29.9953           444.645       9.103
  30.0953           441.819       9.102
  30.1953           455.650       9.240
  30.2953           457.477       9.259
  30.3953           439.181       9.035
  30.4953           471.097       9.416
  30.5953           464.744       9.336
  30.6953           470.839       9.381
  30.7953           468.453       9.341
  30.8953           492.017       9.590
  30.9953           490.660       9.612
  31.0953           542.209      10.041
  31.1953           546.834      10.113
  31.2953           514.491       9.840
  31.3953           494.357       9.609
  31.4953           450.670       9.188
  31.5953           454.767       9.231
  31.6953           435.984       9.079
  31.7953           442.799       9.105
  31.8953           434.923       9.061
  31.9953           447.578       9.161
  32.0953           432.084       9.041
  32.1953           412.269       8.875
  32.2953           425.377       9.142
  32.3953           434.850       9.194
  32.4953           438.377       9.115
  32.5953           424.755       8.925
  32.6953           438.605       9.073
  32.7953           425.121       8.897
  32.8953           425.689       8.943
  32.9953           420.078       8.821
  33.0953           421.767       8.907
  33.1953           437.068       8.993
  33.2953           417.251       8.832
  33.3953           414.991       8.757
  33.4953           432.839       8.975
  33.5953           418.751       8.799
  33.6953           431.868       8.941
  33.7953           414.852       8.819
  33.8953           420.849       8.802
  33.9953           438.728       9.014
  34.0953           419.679       8.832
  34.1953           452.264       9.169
  34.2953           434.178       8.997
  34.3953           440.936       8.961
  34.4953           442.473       9.135
  34.5953           435.523       8.942
  34.6953           421.695       8.894
  34.7953           448.829       9.141
  34.8953           447.106       9.117
  34.9953           457.971       9.220
  35.0953           430.953       8.996
  35.1953           440.911       9.076
  35.2953           458.149       9.284
  35.3953           445.688       9.231
  35.4953           444.210       9.293
  35.5953           449.989       9.361
  35.6953           454.323       9.303
  35.7953           463.116       9.301
  35.8953           459.240       9.288
  35.9953           459.413       9.242
  36.0953           464.360       9.319
  36.1953           514.248       9.776
  36.2953           521.688       9.902
  36.3953           517.848       9.802
  36.4953           541.965      10.069
  36.5953           513.490       9.728
  36.6953           521.253       9.861
  36.7953           498.533       9.594
  36.8953           471.199       9.364
  36.9953           451.925       9.170
  37.0953           456.874       9.202
  37.1953           446.106       9.067
  37.2953           436.370       9.027
  37.3953           419.675       8.814
  37.4953           437.324       8.987
  37.5953           428.142       8.933
  37.6953           444.709       9.083
  37.7953           424.523       8.895
  37.8953           449.686       9.119
  37.9953           449.837       9.154
  38.0953           433.790       8.994
  38.1953           446.130       9.131
  38.2953           445.218       9.090
  38.3953           438.618       9.077
  38.4953           429.162       8.927
  38.5953           457.599       9.339
  38.6953           450.779       9.371
  38.7953           469.413       9.574
  38.8953           456.667       9.302
  38.9953           474.259       9.466
  39.0953           503.441       9.719
  39.1953           541.589      10.036
  39.2953           619.268      10.761
  39.3953           656.155      11.044
  39.4953           656.556      11.085
  39.5953           600.902      10.550
  39.6953           537.648      10.006
  39.7953           489.342       9.520
  39.8953           466.714       9.327
  39.9953           461.740       9.233
  40.0953           457.563       9.216
  40.1953           451.567       9.195
  40.2953           467.678       9.296
  40.3953           445.479       9.080
  40.4953           441.660       9.080
  40.5953           464.170       9.289
  40.6953           443.264       9.065
  40.7953           448.791       9.146
  40.8953           453.385       9.199
  40.9953           435.989       9.000
  41.0953           455.259       9.177
  41.1953           457.358       9.270
  41.2953           450.140       9.158
  41.3953           468.559       9.347
  41.4953           456.568       9.271
  41.5953           457.397       9.248
  41.6953           476.762       9.447
  41.7953           471.867       9.508
  41.8953           464.496       9.679
  41.9953           457.299       9.168
  42.0953           492.234       9.835
  42.1953           556.584      10.206
  42.2953           634.762      10.992
  42.3953           786.056      12.119
  42.4953           925.347      13.203
  42.5953           944.575      13.210
  42.6953           907.258      13.102
  42.7953           817.351      12.346
  42.8953           692.966      11.331
  42.9953           574.087      10.393
  43.0953           537.714       9.985
  43.1953           511.280       9.739
  43.2953           510.402       9.785
  43.3953           543.302      10.025
  43.4953           582.946      10.428
  43.5953           650.102      10.998
  43.6953           639.435      10.875
  43.7953           600.840      10.575
  43.8953           544.653      10.086
  43.9953           506.806       9.680
  44.0953           467.624       9.321
  44.1953           480.784       9.512
  44.2953           479.990       9.432
  44.3953           518.252       9.865
  44.4953           565.903      10.274
  44.5953           656.100      11.018
  44.6953           745.433      11.868
  44.7953           770.751      12.028
  44.8953           719.474      11.629
  44.9953           631.961      10.966
  45.0953           534.346      10.234
  45.1953           464.087       9.491
  45.2953           490.388       9.612
  45.3953           441.733       9.085
  45.4953           449.985       9.140
  45.5953           445.506       9.120
  45.6953           441.440       9.045
  45.7953           487.830       9.500
  45.8953           496.613       9.616
  45.9953           576.502      10.308
  46.0953           728.046      11.578
  46.1953           882.753      12.772
  46.2953           932.815      13.137
  46.3953           862.476      12.594
  46.4953           711.790      11.467
  46.5953           573.047      10.282
  46.6953           483.013       9.435
  46.7953           463.869       9.264
  46.8953           469.571       9.299
  46.9953           445.335       9.036
  47.0953           466.104       9.287
  47.1953           494.952       9.557
  47.2953           526.767       9.869
  47.3953           580.450      10.344
  47.4953           614.195      10.664
  47.5953           624.433      10.712
  47.6953           630.407      10.827
  47.7953           525.527       9.856
  47.8953           515.147       9.784
  47.9953           490.740       9.576
  48.0953           522.853       9.832
  48.1953           594.226      10.640
  48.2953           834.444      12.719
  48.3953          1148.276      14.970
  48.4953          1861.104      18.693
  48.5953          2689.395      22.438
  48.6953          3361.680      25.004
  48.7953          3570.204      25.856
  48.8953          3252.792      24.523
  48.9953          2641.827      22.138
  49.0953          1882.649      18.775
  49.1953          1195.322      14.832
  49.2953           757.708      11.836
  49.3953           538.618       9.992
  49.4953           484.010       9.460
  49.5953           472.204       9.340
  49.6953           475.761       9.350
  49.7953           475.248       9.421
  49.8953           480.263       9.376
  49.9953           474.052       9.342
  50.0953           466.258       9.308
  50.1953           452.302       9.147
  50.2953           463.269       9.251
  50.3953           457.153       9.195
  50.4953           470.641       9.327
  50.5953           470.252       9.351
  50.6953           471.560       9.329
  50.7953           495.845       9.603
  50.8953           524.797       9.870
  50.9953           607.887      10.632
  51.0953           732.521      11.685
  51.1953           814.268      12.325
  51.2953           842.558      12.546
  51.3953           733.027      11.696
  51.4953           609.467      10.925
  51.5953           497.390       9.806
  51.6953           448.045       9.203
  51.7953           475.385       9.414
  51.8953           498.054       9.612
  51.9953           485.126       9.463
  52.0953           540.694      10.027
  52.1953           518.796       9.810
  52.2953           498.194       9.552
  52.3953           508.711       9.706
  52.4953           519.438       9.768
  52.5953           520.039       9.770
  52.6953           503.814       9.632
  52.7953           477.752       9.364
  52.8953           447.769       9.097
  52.9953           444.022       9.006
  53.0953           441.579       9.027
  53.1953           463.222       9.213
  53.2953           448.985       9.088
  53.3953           452.046       9.120
  53.4953           447.457       9.086
  53.5953           440.550       8.974
  53.6953           438.996       9.002
  53.7953           426.782       8.874
  53.8953           435.740       8.921
  53.9953           444.740       9.082
  54.0953           450.925       9.131
  54.1953           466.785       9.275
  54.2953           457.484       9.199
  54.3953           465.404       9.314
  54.4953           499.123       9.613
  54.5953           548.920      10.155
  54.6953           579.521      10.593
  54.7953           608.522      10.880
  54.8953           558.927      10.222
  54.9953           502.768       9.697
  55.0953           481.032       9.427
  55.1953           477.675       9.422
  55.2953           475.576       9.347
  55.3953           474.145       9.366
  55.4953           462.099       9.240
  55.5953           487.705       9.451
  55.6953           455.632       9.192
  55.7953           454.360       9.155
  55.8953           473.209       9.325
  55.9953           463.535       9.227
  56.0953           449.762       9.092
  56.1953           452.419       9.129
  56.2953           435.668       8.951
  56.3953           456.940       9.142
  56.4953           427.185       8.894
  56.5953           443.854       9.051
  56.6953           439.523       8.979
  56.7953           438.701       8.983
  56.8953           459.547       9.217
  56.9953           446.545       9.034
  57.0953           476.295       9.388
  57.1953           473.418       9.340
  57.2953           442.777       9.068
  57.3953           457.051       9.211
  57.4953           444.488       9.021
  57.5953           442.542       9.102
  57.6953           440.446       9.053
  57.7953           426.362       8.931
  57.8953           454.443       9.445
  57.9953           434.449       9.115
  58.0953           434.330       9.039
  58.1953           435.195       8.998
  58.2953           433.656       8.955
  58.3953           422.851       8.879
  58.4953           432.114       8.902
  58.5953           442.412       9.057
  58.6953           417.478       8.753
  58.7953           421.586       8.808
  58.8953           436.548       8.965
  58.9953           443.781       9.081
  59.0953           426.245       8.728
  59.1953           450.151       9.147
  59.2953           445.512       9.058
  59.3953           461.352       9.201
  59.4953           468.520       9.260
  59.5953           453.865       9.118
  59.6953           451.625       9.104
  59.7953           435.911       8.998
  59.8953           430.423       8.819
  59.9953           442.022       9.040
  60.0953           446.142       9.079
  60.1953           457.276       9.146
  60.2953           442.815       8.994
  60.3953           442.720       9.054
  60.4953           452.473       9.101
  60.5953           433.282       8.928
  60.6953           462.123       9.241
  60.7953           468.183       9.302
  60.8953           475.803       9.417
  60.9953           518.519       9.873
  61.0953           525.829      10.045
  61.1953           529.662      10.113
  61.2953           516.119       9.791
  61.3953           465.819       9.265
  61.4953           463.861       9.209
  61.5953           437.007       8.969
  61.6953           426.604       8.830
  61.7953           440.006       8.969
  61.8953           457.525       9.182
  61.9953           435.466       8.894
  62.0953           473.552       9.259
  62.1953           461.668       9.230
  62.2953           464.035       9.162
  62.3953           471.826       9.264
  62.4953           480.335       9.336
  62.5953           477.032       9.373
  62.6953           496.809       9.470
  62.7953           447.205       9.022
  62.8953           455.274       9.096
  62.9953           428.394       8.828
  63.0953           416.162       8.685
  63.1953           430.949       8.837
  63.2953           410.901       8.709
  63.3953           410.548       8.609
  63.4953           421.343       8.738
  63.5953           441.352       9.000
  63.6953           433.645       8.908
  63.7953           441.061       8.936
  63.8953           448.461       9.084
  63.9953           453.128       9.090
  64.0953           507.375       9.658
  64.1953           735.457      11.670
  64.2953          1138.519      14.530
  64.3953          1834.116      19.154
  64.4953          2172.015      19.832
  64.5953          2378.521      21.104
  64.6953           920.611      12.443
  64.7953          1114.650      13.776
  64.8953           711.085      12.539
  64.9953           579.554      11.960
  65.0953           531.419      10.081
  65.1953           591.929       9.590
  65.2953           695.167      11.169
  65.3953           707.360      11.321
  65.4953           649.806      10.900
  65.5953           543.789       9.903
  65.6953           479.763       9.396
  65.7953           463.117       9.191
  65.8953           420.504       8.742
  65.9953           444.333       9.008
  66.0953           444.829       9.041
  66.1953           430.788       8.860
  66.2953           444.641       9.007
  66.3953           460.259       9.160
  66.4953           441.947       9.055
  66.5953           438.946       8.914
  66.6953           450.547       9.093
  66.7953           430.610       8.915
  66.8953           451.362       9.126
  66.9953           446.613       9.030
  67.0953           428.748       8.905
  67.1953           429.837       8.888
  67.2953           440.222       9.052
  67.3953           460.191       9.260
  67.4953           491.849       9.744
  67.5953           552.623      10.283
  67.6953           630.206      10.803
  67.7953           658.783      11.009
  67.8953           594.806      10.440
  67.9953           514.727       9.708
  68.0953           461.239       9.143
  68.1953           411.394       8.648
  68.2953           421.066       8.780
  68.3953           415.450       8.659
  68.4953           437.105       8.904
  68.5953           424.970       8.770
  68.6953           442.749       8.958
  68.7953           439.606       8.912
  68.8953           488.367       9.366
  68.9953           567.947      10.178
  69.0953           700.990      11.183
  69.1953           854.869      12.440
  69.2953           818.225      12.185
  69.3953           693.554      11.236
  69.4953           549.037       9.904
  69.5953           472.676       9.261
  69.6953           479.296       9.312
  69.7953           455.170       9.076
  69.8953           440.923       8.908
  69.9953           442.850       8.984
  70.0953           450.949       9.074
  70.1953           459.075       9.114
  70.2953           496.422       9.532
  70.3953           514.637       9.698
  70.4953           526.212       9.778
  70.5953           522.400       9.844
  70.6953           486.246       9.627
  70.7953           494.973       9.676
  70.8953           516.391       9.754
  70.9953           521.648       9.763
  71.0953           494.223       9.527
  71.1953           449.921       9.020
  71.2953           435.246       8.901
  71.3953           411.936       8.642
  71.4953           445.337       8.984
  71.5953           447.374       9.000
  71.6953           452.347       9.031
  71.7953           414.529       8.649
  71.8953           425.429       8.789
  71.9953           427.200       8.781
  72.0953           416.525       8.698
  72.1953           421.290       8.715
  72.2953           410.271       8.604
  72.3953           424.705       8.744
  72.4953           452.815       9.038
  72.5953           523.476       9.782
  72.6953           620.730      10.530
  72.7953           681.602      11.054
  72.8953           721.103      11.393
  72.9953           604.352      10.360
  73.0953           566.692      10.103
  73.1953           489.331       9.247
  73.2953           444.645       8.740
  73.3953           430.836       7.614
  73.4953           437.264      16.931
  73.5953           453.245       8.684
  73.6953           528.015       9.094
  73.7953           602.383       9.613
  73.8953           588.719      14.009
  73.9953           561.378       9.789
  74.0953           467.779       9.253
  74.1953           451.749       9.051
  74.2953           430.625       8.847
  74.3953           406.677       8.614
  74.4953           414.577       8.650
  74.5953           427.013       8.860
  74.6953           414.039       8.681
  74.7953           423.749       8.786
  74.8953           435.474       8.856
  74.9953           439.779       8.968
  75.0953           421.375       8.762
  75.1953           430.011       8.818
  75.2953           410.094       8.630
  75.3953           392.948       8.469
  75.4953           427.924       8.794
  75.5953           423.801       8.761
  75.6953           429.404       8.837
  75.7953           422.851       8.758
  75.8953           463.248       9.172
  75.9953           463.400       9.188
  76.0953           521.859       9.721
  76.1953           566.441      10.179
  76.2953           642.732      10.757
  76.3953           715.895      11.455
  76.4953           834.072      12.310
  76.5953           908.586      12.849
  76.6953           811.273      12.205
  76.7953           636.385      10.799
  76.8953           550.794      10.059
  76.9953           601.822      10.573
  77.0953           872.751      12.926
  77.1953          1448.030      16.669
  77.2953          1954.531      19.097
  77.3953          2053.172      19.462
  77.4953          1487.789      16.533
  77.5953           986.099      13.527
  77.6953          1017.126      13.579
  77.7953          1608.039      17.169
  77.8953          2291.228      20.525
  77.9953          2391.673      20.906
  78.0953          1713.974      17.660
  78.1953           963.684      13.308
  78.2953           564.899      10.151
  78.3953           461.639       9.180
  78.4953           421.546       8.773
  78.5953           452.038       9.101
  78.6953           435.001       8.911
  78.7953           454.698       9.110
  78.8953           455.650       9.152
  78.9953           504.491       9.610
  79.0953           544.618       9.983
  79.1953           583.739      10.318
  79.2953           540.438       9.972
  79.3953           480.405       9.364
  79.4953           400.332       8.510
  79.5953           421.283       8.821
  79.6953           401.122       8.581
  79.7953           432.471       8.897
  79.8953           423.290       8.851
  79.9953           406.266       8.656
  80.0953           423.043       8.846
  80.1953           411.551       8.776
  80.2953           408.085       8.897
  80.3953           404.619       8.759
  80.4953           401.656       8.668
  80.5953           426.498       8.851
  80.6953           414.193       8.757
  80.7953           421.007       8.777
  80.8953           447.812       9.073
  80.9953           448.363       9.025
  81.0953           477.437       9.354
  81.1953           493.385       9.474
  81.2953           476.358       9.339
  81.3953           437.419       8.894
  81.4953           438.263       8.940
  81.5953           443.779       8.988
  81.6953           449.363       9.040
  81.7953           445.922       9.027
  81.8953           443.425       8.957
  81.9953           447.883       9.008
  82.0953           451.234       9.070
  82.1953           455.112       9.130
  82.2953           469.880       9.212
  82.3953           457.964       9.121
  82.4953           460.945       9.180
  82.5953           454.280       9.089
  82.6953           442.485       8.930
  82.7953           436.382       8.975
  82.8953           440.187       8.961
  82.9953           413.244       8.677
  83.0953           412.014       8.692
  83.1953           429.642       8.887
  83.2953           510.075       9.683
  83.3953           629.755      10.802
  83.4953           767.545      12.144
  83.5953           876.455      12.927
  83.6953           750.742      11.842
  83.7953           598.057      10.466
  83.8953           505.935       9.669
  83.9953           493.998       9.523
  84.0953           463.900       9.219
  84.1953           492.839       9.483
  84.2953           586.720      10.372
  84.3953           613.542      10.522
  84.4953           566.662      10.189
  84.5953           473.302       9.286
  84.6953           440.659       8.945
  84.7953           426.522       8.800
  84.8953           407.669       8.729
  84.9953           434.788       8.696
  85.0953           424.091       8.874
  85.1953           415.902       8.678
  85.2953           410.140       8.639
  85.3953           401.146       8.566
  85.4953           410.154       8.628
  85.5953           397.231       8.475
  85.6953           409.166       8.641
  85.7953           412.174       8.659
  85.8953           413.882       8.666
  85.9953           415.356       8.758
  86.0953           422.810       8.737
  86.1953           423.323       8.831
  86.2953           436.349       8.903
  86.3953           425.737       8.845
  86.4953           430.575       8.955
  86.5953           430.058       8.883
  86.6953           428.989       9.066
  86.7953           453.628       9.336
  86.8953           608.855      10.642
  86.9953          1032.734      13.770
  87.0953          1941.080      18.876
  87.1953          2875.048      22.948
  87.2953          3014.780      23.413
  87.3953          2498.388      21.376
  87.4953          1684.914      17.562
  87.5953           989.765      13.387
  87.6953           612.639      10.542
  87.7953           461.456       9.178
  87.8953           424.658       8.786
  87.9953           405.828       8.558
  88.0953           418.907       8.737
  88.1953           434.458       8.898
  88.2953           416.503       8.672
  88.3953           416.029       8.680
  88.4953           402.980       8.570
  88.5953           403.320       8.560
  88.6953           411.161       8.632
  88.7953           403.401       8.585
  88.8953           404.554       8.550
  88.9953           414.207       8.705
  89.0953           409.685       8.606
  89.1953           434.242       8.933
  89.2953           404.452       8.561
  89.3953           416.434       8.721
  89.4953           405.307       8.629
  89.5953           411.564       8.640
  89.6953           410.016       8.702
  89.7953           426.420       8.863
  89.8953           448.088       9.243
  89.9953           509.894       9.872
  90.0953           658.140      11.052
  90.1953           771.937      11.921
  90.2953           751.438      11.741
  90.3953           643.690      10.825
  90.4953           495.875       9.444
  90.5953           425.646       8.809
  90.6953           407.487       8.594
  90.7953           413.515       8.666
  90.8953           395.383       8.455
  90.9953           392.173       8.430
  91.0953           382.923       8.358
  91.1953           403.616       8.515
  91.2953           384.449       8.365
  91.3953           389.807       8.380
  91.4953           410.750       8.646
  91.5953           442.028       8.945
  91.6953           542.175       9.919
  91.7953           726.475      11.511
  91.8953           908.247      12.742
  91.9953           917.368      12.948
  92.0953           680.399      11.081
  92.1953           497.724       9.521
  92.2953           429.725       8.816
  92.3953           435.395       8.923
  92.4953           467.447       9.237
  92.5953           453.003       9.075
  92.6953           426.475       8.813
  92.7953           403.123       8.620
  92.8953           412.081       8.676
  92.9953           400.746       8.643
  93.0953           413.873       8.901
  93.1953           440.728       9.182
  93.2953           445.242       9.163
  93.3953           444.631       9.063
  93.4953           421.379       8.817
  93.5953           409.370       8.683
  93.6953           400.014       8.583
  93.7953           391.468       8.478
  93.8953           391.022       8.486
  93.9953           397.636       8.552
  94.0953           392.550       8.448
  94.1953           387.198       8.427
  94.2953           399.167       8.559
  94.3953           392.661       8.455
  94.4953           420.685       8.778
  94.5953           452.279       9.100
  94.6953           515.389       9.716
  94.7953           579.535      10.280
  94.8953           653.488      10.949
  94.9953           637.474      10.848
  95.0953           553.642      10.005
  95.1953           492.220       9.558
  95.2953           554.543      10.061
  95.3953           774.299      11.911
  95.4953           963.168      13.282
  95.5953           952.301      13.235
  95.6953           728.219      11.578
  95.7953           659.228      11.012
  95.8953           661.569      10.961
  95.9953           723.791      11.708
  96.0953           672.272      11.055
  96.1953           619.320      10.791
  96.2953           576.494      10.527
  96.3953           516.373       9.927
  96.4953           503.612       9.735
  96.5953           547.095      10.051
  96.6953           717.767      11.535
  96.7953          1107.801      14.346
  96.8953          1430.512      16.181
  96.9953          1363.152      15.857
  97.0953           945.939      13.213
  97.1953           667.021      11.009
  97.2953           671.166      11.117
  97.3953           689.602      11.258
  97.4953           660.964      11.016
  97.5953           678.390      11.133
  97.6953           716.824      11.464
  97.7953           655.782      10.959
  97.8953           531.170       9.850
  97.9953           448.036       9.041
  98.0953           424.224       8.819
  98.1953           441.990       9.018
  98.2953           466.565       9.194
  98.3953           521.757       9.806
  98.4953           574.244      10.292
  98.5953           624.198      10.641
  98.6953           584.147      10.336
  98.7953           519.496       9.793
  98.8953           511.879       9.714
  98.9953           537.685       9.921
  99.0953           578.326      10.345
  99.1953           535.394       9.903
  99.2953           470.214       9.371
  99.3953           445.432       9.104
  99.4953           437.649       9.202
  99.5953           420.609       8.961
  99.6953           407.194       8.727
  99.7953           393.574       8.480
  99.8953           386.163       8.415
  99.9953           392.987       8.487
 100.0953           390.197       8.435
 100.1953           415.275       8.695
 100.2953           428.049       8.849
 100.3953           453.747       9.060
 100.4953           512.995       9.662
 100.5953           507.558       9.601
 100.6953           464.485       9.186
 100.7953           420.651       8.724
 100.8953           391.884       8.436
 100.9953           414.166       8.659
 101.0953           405.989       8.584
 101.1953           408.387       8.592
 101.2953           395.871       8.481
 101.3953           385.211       8.360
 101.4953           386.196       8.368
 101.5953           386.075       8.399
 101.6953           369.064       8.179
 101.7953           381.861       8.313
 101.8953           369.151       8.213
 101.9953           398.938       8.517
 102.0953           387.850       8.412
 102.1953           376.220       8.265
 102.2953           393.076       8.489
 102.3953           384.253       8.385
 102.4953           388.576       8.400
 102.5953           407.682       8.708
 102.6953           423.448       8.979
 102.8953           687.825      11.360
 102.9953           868.363      12.648
 103.0953           886.244      12.777
 103.1953           703.501      11.388
 103.2953           540.718       9.935
 103.3953           413.915       8.716
 103.4953           420.904       8.773
 103.5953           422.973       8.753
 103.6953           403.027       8.571
 103.7953           394.123       8.482
 103.8953           410.484       8.646
 103.9953           420.907       8.757
 104.0953           418.652       8.728
 104.1953           398.607       8.545
 104.2953           406.327       8.585
 104.3953           391.811       8.450
 104.4953           397.450       8.505
 104.5953           413.226       8.683
 104.6953           384.788       8.361
 104.7953           395.501       8.500
 104.8953           387.229       8.406
 104.9953           386.343       8.415
 105.0953           395.809       8.460
 105.1953           373.010       8.299
 105.2953           391.153       8.444
 105.3953           407.564       8.654
 105.4953           423.344       8.814
 105.5953           413.508       8.708
 105.6953           441.269       8.966
 105.7953           479.728       9.463
 105.8953           573.906      10.588
 105.9953           616.884      10.619
 106.0953           673.546      11.338
 106.1953           648.152      10.894
 106.2953           686.494      11.277
 106.3953           741.476      11.613
 106.4953           775.857      11.915
 106.5953           655.391      10.931
 106.6953           539.920       9.939
 106.7953           511.824       9.623
 106.8953           564.751       9.976
 106.9953           644.755      11.251
 107.0953           699.895      11.069
 107.1953           648.035      10.819
 107.2953           531.245       9.865
 107.3953           434.474       8.854
 107.4953           384.787       8.363
 107.5953           373.324       8.225
 107.6953           387.053       8.388
 107.7953           434.502       8.903
 107.8953           532.405       9.829
 107.9953           652.543      10.920
 108.0953           676.765      11.078
 108.1953           586.459      10.362
 108.2953           461.468       9.158
 108.3953           398.992       8.545
 108.4953           366.653       8.162
 108.5953           373.845       8.273
 108.6953           404.905       8.621
 108.7953           443.158       9.014
 108.8953           520.241       9.725
 108.9953           586.588      10.497
 109.0953           715.579      11.667
 109.1953           761.867      12.052
 109.2953           780.734      12.097
 109.3953           748.058      11.713
 109.4953           643.799      10.892
 109.5953           514.991       9.776
 109.6953           464.879       9.186
 109.7953           448.032       9.078
 109.8953           426.835       8.812
 109.9953           411.875       8.672
 110.0953           405.378       8.579
 110.1953           450.550       9.053
 110.2953           561.286      10.105
 110.3953           638.917      10.769
 110.4953           621.311      10.601
 110.5953           536.313       9.930
 110.6953           428.228       8.796
 110.7953           395.054       8.477
 110.8953           392.236       8.438
 110.9953           432.953       8.888
 111.0953           518.278       9.688
 111.1953           596.459      10.410
 111.2953           622.867      10.645
 111.3953           564.752      10.156
 111.4953           461.682       9.141
 111.5953           410.259       8.686
 111.6953           381.485       8.313
 111.7953           388.269       8.469
 111.8953           388.577       8.376
 111.9953           390.750       8.529
 112.0953           361.079       8.106
 112.1953           368.779       8.309
 112.2953           354.066       8.216
 112.3953           342.116       8.066
 112.4953           355.659       8.108
 112.5953           368.957       8.193
 112.6953           411.816       8.680
 112.7953           511.710       9.631
 112.8953           669.793      11.014
 112.9953           785.293      11.907
 113.0953           776.807      11.907
 113.1953           624.878      10.622
 113.2953           463.450       9.133
 113.3953           384.925       8.368
 113.4953           353.603       7.993
 113.5953           357.968       8.063
 113.6953           344.331       7.860
 113.7953           361.210       8.073
 113.8953           354.322       7.999
 113.9953           379.105       8.253
 114.0953           417.973       8.663
 114.1953           465.817       9.254
 114.2953           492.009       9.379
 114.3953           452.982       9.051
 114.4953           421.809       8.737
 114.5953           386.651       8.345
 114.6953           359.780       8.106
 114.7953           360.172       8.002
 114.8953           363.197       8.187
 114.9953           351.719       7.965
 115.0953           351.026       8.005
 115.1953           353.239       8.014
 115.2953           352.454       8.050
 115.3953           354.747       8.067
 115.4953           396.961       8.712
 115.5953           447.537       9.183
 115.6953           546.480      10.058
 115.7953           630.077      10.702
 115.8953           640.010      10.804
 115.9953           588.807      10.378
 116.0953           513.044       9.639
 116.1953           451.018       9.058
 116.2953           422.736       8.765
 116.3953           393.847       8.443
 116.4953           379.957       8.349
 116.5953           412.811       8.556
 116.6953           419.669       8.741
 116.7953           414.563       8.646
 116.8953           371.736       8.204
 116.9953           348.908       7.952
 117.0953           328.788       7.690
 117.1953           340.755       7.863
 117.2953           351.858       7.970
 117.3953           333.050       7.764
 117.4953           366.096       8.139
 117.5953           362.619       8.090
 117.6953           349.110       7.949
 117.7953           337.945       7.825
 117.8953           338.144       7.797
 117.9953           343.484       7.975
 118.0953           340.331       7.737
 118.1953           334.513       7.863
 118.2953           350.848       7.974
 118.3953           352.515       8.024
 118.4953           371.133       8.217
 118.5953           400.199       8.603
 118.6953           403.262       8.707
 118.7953           469.518       9.497
 118.8953           470.837       9.264
 118.9953           475.969       9.351
 119.0953           459.476       9.103
 119.1953           441.253       8.972
 119.2953           473.500       9.259
 119.3953           586.035      10.297
 119.4953           731.075      11.495
 119.5953           831.228      12.278
 119.6953           775.223      11.776
 119.7953           686.484      11.161
 119.8953           569.719      10.133
 119.9953           464.086       9.130
 120.0953           388.191       8.331
 120.1953           357.817       8.183
 120.2953           326.976       7.408
 120.3953           325.880       7.783
 120.4953           303.299       7.384
 120.5953           327.006       7.710
 120.6953           326.580       7.609
 120.7953           314.560       7.548
 120.8953           310.234       7.457
 120.9953           312.408       7.509
 121.0953           312.844       7.491
 121.1953           311.756       7.513
 121.2953           325.176       7.675
 121.3953           305.698       7.423
 121.4953           303.262       7.405
 121.5953           325.646       7.762
 121.6953           315.711       7.456
 121.7953           341.187       8.062
 121.8953           358.950       8.166
 121.9953           418.132       8.904
 122.0953           432.732       8.942
 122.1953           440.076       8.940
 122.2953           471.219       9.297
 122.3953           491.757       9.455
 122.4953           502.512       9.598
 122.5953           498.411       9.511
 122.6953           471.999       9.298
 122.7953           412.734       8.642
 122.8953           379.987       8.282
 122.9953           350.148       8.008
 123.0953           328.251       7.711
 123.1953           337.329       7.799
 123.2953           361.346       8.106
 123.3953           369.015       8.170
 123.4953           406.891       8.574
 123.5953           380.162       8.292
 123.6953           362.964       8.134
 123.7953           349.169       7.954
 123.8953           336.685       7.800
 123.9953           315.021       7.550
 124.0953           330.237       7.745
 124.1953           330.706       7.748
 124.2953           351.732       7.992
 124.3953           376.775       8.283
 124.4953           385.829       8.401
 124.5953           392.735       8.437
 124.6953           371.863       8.274
 124.7953           354.419       7.961
 124.8953           342.973       7.944
 124.9953           328.607       7.804
 125.0953           331.023       7.875
 125.1953           320.544       7.797
 125.2953           312.679       7.615
 125.3953           331.891       7.849
 125.4953           324.761       7.653
 125.5953           349.316       7.960
 125.6953           390.070       8.407
 125.7953           429.826       8.785
 125.8953           465.583       9.171
 125.9953           504.483       9.527
 126.0953           465.196       9.113
 126.1953           434.201       8.843
 126.2953           380.343       8.276
 126.3953           338.343       7.768
 126.4953           323.757       7.663
 126.5953           308.480       7.425
 126.6953           324.944       7.634
 126.7953           318.747       7.553
 126.8953           317.511       7.551
 126.9953           343.107       7.876
 127.0953           390.207       8.338
 127.1953           406.630       8.529
 127.2953           453.072       9.025
 127.3953           454.101       9.084
 127.4953           442.534       8.884
 127.5953           407.508       8.574
 127.6953           357.330       8.010
 127.7953           347.489       7.943
 127.8953           321.427       7.604
 127.9953           311.465       7.539
 128.0953           324.618       7.630
 128.1953           311.901       7.598
 128.2953           302.119       7.539
 128.3953           302.061       7.552
 128.4953           319.188       7.667
 128.5953           298.742       7.377
 128.6953           315.538       7.569
 128.7953           314.771       7.568
 128.8953           317.650       7.565
 128.9953           331.942       7.766
 129.0953           343.991       7.913
 129.1953           384.026       8.298
 129.2953           440.243       8.900
 129.3953           472.467       9.261
 129.4953           494.640       9.426
 129.5953           498.854       9.478
 129.6953           467.201       9.180
 129.7953           424.271       8.769
 129.8953           380.649       8.267
 129.9953           346.819       7.915
 130.0953           321.637       7.592
 130.1953           326.469       7.680
 130.2953           314.037       7.522
 130.3953           325.041       7.646
 130.4953           316.072       7.558
 130.5953           312.596       7.511
 130.6953           306.613       7.430
 130.7953           330.130       7.738
 130.8953           330.267       7.733
 130.9953           333.354       7.763
 131.0953           353.123       8.005
 131.1953           368.152       8.191
 131.2953           397.665       8.476
 131.3953           402.282       8.620
 131.4953           404.679       8.721
 131.5953           396.593       8.690
 131.6953           372.231       8.274
 131.7953           357.345       8.057
 131.8953           340.965       7.845
 131.9953           341.958       7.899
 132.0953           337.964       7.795
 132.1953           334.259       7.801
 132.2953           314.378       7.541
 132.3953           321.448       7.587
 132.4953           307.899       7.459
 132.5953           301.021       7.340
 132.6953           320.643       7.626
 132.7953           317.265       7.528
 132.8953           303.759       7.387
 132.9953           326.327       7.660
 133.0953           308.531       7.439
 133.1953           325.289       7.520
 133.2953           303.524       7.617
 133.3953           314.542       7.412
 133.4953           326.374       7.646
 133.5953           337.629       7.789
 133.6953           355.598       7.991
 133.7953           338.327       7.811
 133.8953           355.568       7.953
 133.9953           356.568       8.040
 134.0953           353.360       7.982
 134.1953           361.521       8.048
 134.2953           355.589       8.030
 134.3953           356.849       8.042
 134.4953           345.070       7.896
 134.5953           337.663       7.885
 134.6953           343.748       8.082
 134.7953           332.812       7.882
 134.8953           328.215       7.777
 134.9953           317.681       7.560
 135.0953           296.288       7.299
 135.1953           299.591       7.360
 135.2953           284.774       7.160
 135.3953           302.957       7.376
 135.4953           296.087       7.311
 135.5953           290.276       7.194
 135.6953           294.061       7.270
 135.7953           302.037       7.336
 135.8953           300.198       7.355
 135.9953           301.448       7.346
 136.0953           325.783       7.636
 136.1953           372.789       8.190
 136.2953           402.143       8.465
 136.3953           501.267       9.480
 136.4953           603.278      10.411
 136.5953           690.456      11.147
 136.6953           764.526      11.663
 136.7953           814.819      12.093
 136.8953           815.584      12.106
 136.9953           775.544      11.745
 137.0953           683.758      11.088
 137.1953           573.318      10.173
 137.2953           474.364       9.229
 137.3953           409.115       8.562
 137.4953           402.443       8.511
 137.5953           408.366       8.584
 137.6953           458.319       9.105
 137.7953           488.690       9.433
 137.8953           527.335       9.960
 137.9953           546.106      10.127
 138.0953           544.348       9.995
 138.1953           525.358       9.697
 138.2953           516.658       9.686
 138.3953           480.589       9.280
 138.4953           434.225       8.825
 138.5953           428.189       8.759
 138.6953           377.017       8.208
 138.7953           337.770       7.747
 138.8953           336.636       7.733
 138.9953           323.067       7.600
 139.0953           306.525       7.382
 139.1953           295.082       7.214
 139.2953           293.649       7.262
 139.3953           282.619       7.059
 139.4953           280.627       7.087
 139.5953           287.440       7.102
 139.6953           289.325       7.195
 139.7953           299.037       7.313
 139.8953           293.356       7.202
 139.9953           311.920       7.448
 140.0953           335.872       7.728
 140.1953           356.087       7.988
 140.2953           406.405       8.480
 140.3953           437.760       8.869
 140.4953           470.389       9.167
 140.5953           474.663       9.217
 140.6953           484.814       9.348
 140.7953           485.790       9.332
 140.8953           460.567       9.103
 140.9953           450.753       9.099
 141.0953           446.565       9.136
 141.1953           466.176       9.342
 141.2953           471.426       9.251
 141.3953           499.925       9.443
 141.4953           527.573       9.740
 141.5953           533.674       9.747
 141.6953           544.332       9.876
 141.7953           554.190       9.966
 141.8953           507.802       9.495
 141.9953           467.355       9.079
 142.0953           448.348       8.938
 142.1953           424.910       8.708
 142.2953           409.873       8.537
 142.3953           470.017       9.089
 142.4953           482.130       9.282
 142.5953           536.695       9.768
 142.6953           580.548      10.137
 142.7953           611.427      10.395
 142.8953           598.507      10.311
 142.9953           600.518      10.329
 143.0953           578.230      10.095
 143.1953           575.529      10.119
 143.2953           531.299       9.708
 143.3953           517.259       9.584
 143.4953           509.136       9.490
 143.5953           488.150       9.312
 143.6953           483.177       9.326
 143.7953           485.536       9.405
 143.8953           508.116       9.191
 143.9953           478.315       9.413
 144.0953           483.502       9.267
 144.1953           477.547       9.342
 144.2953           447.917       9.094
 144.3953           410.797       8.784
 144.4953           376.206       8.293
 144.5953           345.542       7.876
 144.6953           347.460       7.881
 144.7953           321.177       7.587
 144.8953           317.241       7.515
 144.9953           303.349       7.355
 145.0953           308.845       7.408
 145.1953           292.917       7.235
 145.2953           289.946       7.149
 145.3953           285.672       7.133
 145.4953           286.909       7.142
 145.5953           273.207       6.429
 145.6953           339.859       9.459
 145.7953           288.967       6.633
 145.8953           289.089       7.152
 145.9953           309.428       7.395
 146.0953           326.129       7.607
 146.1953           335.931       7.729
 146.2953           338.394       7.751
 146.3953           338.645       7.693
 146.4953           348.428       7.911
 146.5953           355.292       7.931
 146.6953           370.671       8.104
 146.7953           381.105       8.263
 146.8953           371.129       8.128
 146.9953           386.477       8.308
 147.0953           398.628       8.438
 147.1953           403.077       8.486
 147.2953           386.844       8.318
 147.3953           394.039       8.451
 147.4953           385.416       8.498
 147.5953           377.730       8.375
 147.6953           371.681       8.243
 147.7953           348.368       7.885
 147.8953           353.736       7.990
 147.9953           316.411       7.491
 148.0953           318.603       7.567
 148.1953           308.471       7.384
 148.2953           295.909       7.298
 148.3953           297.042       7.258
 148.4953           282.680       7.185
 148.5953           279.151       6.825
 148.6953           274.952       7.121
 148.7953           290.883       7.386
 148.8953           275.433       6.620
 148.9953           286.447       7.143
 149.0953           291.895       7.336
 149.1953           300.425       7.141
 149.2953           290.446       7.112
 149.3953           314.000       7.438
 149.4953           333.253       7.588
 149.5953           314.104       7.329
 149.6953           327.669       7.760
 149.7953           340.304       7.752
 149.8953           333.489       7.435
 149.9953           309.680       7.786
 150.0953           322.247       7.079
 150.1953           320.722       8.317
 150.2953           311.144       7.064
 150.3953           290.514       7.247
 150.4953           307.672       7.412
 150.5953           295.370       7.298
 150.6953           292.927       6.690
 150.7953             0.000       0.000
 150.8953             0.000       0.000
