XYDATA  Co2SiO4 8mmV 1.87A HiRes FullBeam 500K CF ROC 
INTER        1       1       0     0.100000
TEMP       57.6970      57.0440      57.0020
! d20 23-Apr-08 09:22:09 User Sazono   L.C.Hansen  Run 594842*d20_2008_04_5880
! d20 23-Apr-08 09:22:09 User Sazono   L.C.Hansen  Run 594842*d20_2008_04_5880
! Monitor/counts, Counting time/sec:       100000.      62.5111
   0.0953          4073.031      27.952
   0.1953          4347.208      29.349
   0.2953          4314.332      29.503
   0.3953          4221.758      28.998
   0.4953          3880.693      27.598
   0.5953          3523.525      26.087
   0.6953          3116.853      24.466
   0.7953          2643.109      22.590
   0.8953          2312.859      21.063
   0.9953          1968.708      19.482
   1.0953          1658.737      17.827
   1.1953          1330.261      15.933
   1.2953          1059.166      14.243
   1.3953           788.984      12.281
   1.4953           582.724      10.548
   1.5953           431.963       9.058
   1.6953           381.089       8.554
   1.7953           346.426       8.150
   1.8953           318.684       7.787
   1.9953           302.797       7.594
   2.0953           324.016       7.877
   2.1953           296.002       7.523
   2.2953           284.457       7.352
   2.3953           275.555       7.249
   2.4953           279.397       7.330
   2.5953           267.576       7.101
   2.6953           270.054       7.228
   2.7953           256.629       6.992
   2.8953           255.429       7.004
   2.9953           245.136       6.854
   3.0953           240.841       6.807
   3.1953           242.830       6.830
   3.2953           244.520       6.845
   3.3953           240.765       6.854
   3.4953           244.877       7.008
   3.5953           235.670       6.872
   3.6953           238.131       6.826
   3.7953           238.046       6.782
   3.8953           259.538       7.064
   3.9953           288.546       7.453
   4.0953           315.482       7.750
   4.1953           349.115       8.226
   4.2953           393.083       8.650
   4.3953           427.182       9.020
   4.4953           467.348       9.430
   4.5953           525.678      10.055
   4.6953           586.844      10.537
   4.7953           610.163      10.780
   4.8953           669.691      11.299
   4.9953           661.158      11.258
   5.0953           682.891      11.388
   5.1953           684.646      11.400
   5.2953           689.959      11.499
   5.3953           668.501      11.284
   5.4953           690.277      11.441
   5.5953           679.505      11.389
   5.6953           688.143      11.474
   5.7953           691.554      11.510
   5.8953           698.792      11.496
   5.9953           693.278      11.558
   6.0953           685.331      11.460
   6.1953           721.294      11.790
   6.2953           679.858      11.414
   6.3953           682.627      11.433
   6.4953           660.853      11.315
   6.5953           646.225      11.160
   6.6953           653.669      11.436
   6.7953           660.585      11.506
   6.8953           641.295      11.191
   6.9953           633.527      11.003
   7.0953           647.548      11.137
   7.1953           628.940      11.009
   7.2953           651.048      11.120
   7.3953           630.137      11.011
   7.4953           641.461      11.065
   7.5953           639.793      11.024
   7.6953           645.844      11.083
   7.7953           607.889      10.760
   7.8953           629.281      10.933
   7.9953           611.784      10.733
   8.0953           632.652      11.003
   8.1953           600.476      10.672
   8.2953           619.210      10.832
   8.3953           592.706      10.606
   8.4953           567.135      10.387
   8.5953           598.357      10.641
   8.6953           591.767      10.582
   8.7953           589.804      10.564
   8.8953           609.851      10.757
   8.9953           574.502      10.440
   9.0953           593.376      10.599
   9.1953           595.376      10.661
   9.2953           576.910      10.493
   9.3953           596.004      10.609
   9.4953           572.255      10.472
   9.5953           595.004      10.645
   9.6953           575.922      10.494
   9.7953           560.739      10.452
   9.8953           557.910      10.557
   9.9953           584.158      10.788
  10.0953           574.719      10.539
  10.1953           572.560      10.445
  10.2953           564.008      10.382
  10.3953           568.282      10.393
  10.4953           540.571      10.128
  10.5953           558.338      10.273
  10.6953           563.790      10.361
  10.7953           573.892      10.373
  10.8953           553.813      10.209
  10.9953           564.381      10.302
  11.0953           543.881      10.036
  11.1953           540.547      10.062
  11.2953           549.664      10.751
  11.3953           529.110       9.780
  11.4953           548.764      10.109
  11.5953           527.083       9.926
  11.6953           536.305      10.080
  11.7953           541.380      10.092
  11.8953           527.295       9.974
  11.9953           525.966       9.956
  12.0953           517.246       9.903
  12.1953           532.229      10.019
  12.2953           510.569       9.790
  12.3953           539.088      10.152
  12.4953           527.150       9.998
  12.5953           513.963       9.858
  12.6953           526.053       9.990
  12.7953           508.482       9.885
  12.8953           523.528       9.917
  12.9953           522.043      10.019
  13.0953           497.572      10.085
  13.1953           510.971       9.767
  13.2953           519.332      10.191
  13.3953           530.751      10.052
  13.4953           529.446      10.069
  13.5953           529.198       9.992
  13.6953           531.293      10.080
  13.7953           537.166      10.055
  13.8953           526.227      10.031
  13.9953           527.831       9.933
  14.0953           511.995       9.901
  14.1953           515.962       9.756
  14.2953           507.128       9.849
  14.3953           528.449       9.955
  14.4953           522.131       9.921
  14.5953           509.379       9.869
  14.6953           517.529       9.847
  14.7953           506.919       9.756
  14.8953           511.044       9.804
  14.9953           506.585       9.809
  15.0953           500.938       9.872
  15.1953           501.823       9.423
  15.2953           508.709       9.980
  15.3953           503.632       9.743
  15.4953           500.280       9.698
  15.5953           509.858       9.829
  15.6953           523.338       9.987
  15.7953           519.602       9.885
  15.8953           500.559       9.804
  15.9953           510.227       9.838
  16.0953           499.103       9.788
  16.1953           504.700       9.840
  16.2953           524.358      10.192
  16.3953           493.637       9.933
  16.4953           520.151      10.027
  16.5953           503.946       9.780
  16.6953           480.920       9.603
  16.7953           516.247       9.913
  16.8953           514.527       9.906
  16.9953           523.955       9.961
  17.0953           487.055       9.626
  17.1953           509.558       9.832
  17.2953           491.404       9.626
  17.3953           500.271       9.748
  17.4953           501.954       9.754
  17.5953           504.885       9.718
  17.6953           518.413       9.929
  17.7953           507.062       9.798
  17.8953           502.663       9.715
  17.9953           503.017       9.731
  18.0953           494.573       9.683
  18.1953           506.343       9.777
  18.2953           517.764       9.891
  18.3953           510.951       9.804
  18.4953           513.511       9.879
  18.5953           519.156       9.871
  18.6953           523.215       9.936
  18.7953           512.256       9.866
  18.8953           500.171       9.740
  18.9953           509.075       9.795
  19.0953           504.305       9.800
  19.1953           508.996       9.843
  19.2953           499.382       9.764
  19.3953           504.201       9.809
  19.4953           494.972       9.949
  19.5953           507.787       9.991
  19.6953           495.678       9.734
  19.7953           495.574       9.723
  19.8953           508.482       9.826
  19.9953           526.455       9.987
  20.0953           488.330       9.608
  20.1953           487.017       9.434
  20.2953           507.205      10.166
  20.3953           499.107       9.634
  20.4953           520.586       9.665
  20.5953           508.736       9.928
  20.6953           532.076       9.970
  20.7953           527.430       9.959
  20.8953           536.636      10.038
  20.9953           549.297      10.204
  21.0953           544.598      10.092
  21.1953           570.163      10.358
  21.2953           559.342      10.246
  21.3953           553.964      10.222
  21.4953           531.413      10.004
  21.5953           511.822       9.803
  21.6953           519.440       9.932
  21.7953           518.294       9.832
  21.8953           510.953       9.833
  21.9953           536.705      10.043
  22.0953           528.195       9.993
  22.1953           508.202       9.833
  22.2953           523.380       9.948
  22.3953           517.507       9.930
  22.4953           503.514       9.794
  22.5953           497.758       9.762
  22.6953           481.963       9.779
  22.7953           478.279       9.714
  22.8953           478.975       9.568
  22.9953           483.932       9.546
  23.0953           467.272       9.410
  23.1953           469.683       9.428
  23.2953           467.492       9.365
  23.3953           484.807       9.554
  23.4953           481.402       9.554
  23.5953           477.462       9.407
  23.6953           467.196       9.363
  23.7953           468.838       9.371
  23.8953           480.626       9.486
  23.9953           462.433       9.277
  24.0953           472.121       9.414
  24.1953           475.299       9.442
  24.2953           468.248       9.320
  24.3953           479.969       9.479
  24.4953           464.857       9.303
  24.5953           468.588       9.409
  24.6953           471.631       9.354
  24.7953           491.537       9.556
  24.8953           517.605       9.876
  24.9953           517.533       9.814
  25.0953           538.147      10.030
  25.1953           531.636       9.983
  25.2953           527.620       9.957
  25.3953           512.529       9.804
  25.4953           483.760       9.543
  25.5953           461.936       9.333
  25.6953           457.841       9.276
  25.7953           460.648       9.399
  25.8953           463.823       9.531
  25.9953           448.037       9.387
  26.0953           455.781       9.306
  26.1953           450.328       9.210
  26.2953           462.348       9.307
  26.3953           475.967       9.495
  26.4953           478.585       9.451
  26.5953           477.902       9.436
  26.6953           477.433       9.481
  26.7953           509.230       9.755
  26.8953           487.363       9.551
  26.9953           497.371       9.606
  27.0953           489.409       9.587
  27.1953           494.743       9.596
  27.2953           509.073       9.752
  27.3953           523.634       9.898
  27.4953           552.420      10.149
  27.5953           607.400      10.638
  27.6953           688.618      11.375
  27.7953           779.774      12.048
  27.8953           866.508      12.747
  27.9953           904.333      12.928
  28.0953           830.745      12.503
  28.1953           694.327      11.408
  28.2953           574.595      10.332
  28.3953           492.617       9.633
  28.4953           470.052       9.367
  28.5953           463.940       9.329
  28.6953           462.062       9.339
  28.7953           491.856       9.642
  28.8953           495.629       9.688
  28.9953           533.938      10.037
  29.0953           562.720      10.491
  29.1953           574.175      10.575
  29.2953           572.833      10.502
  29.3953           558.640      10.284
  29.4953           504.369       9.768
  29.5953           476.211       9.455
  29.6953           468.825       9.369
  29.7953           440.307       9.114
  29.8953           453.749       9.254
  29.9953           441.329       9.079
  30.0953           455.956       9.257
  30.1953           444.446       9.135
  30.2953           448.528       9.179
  30.3953           439.964       9.053
  30.4953           445.152       9.163
  30.5953           463.138       9.330
  30.6953           451.638       9.198
  30.7953           450.625       9.172
  30.8953           490.854       9.590
  30.9953           489.289       9.609
  31.0953           544.524      10.073
  31.1953           514.667       9.821
  31.2953           522.418       9.926
  31.3953           499.567       9.670
  31.4953           482.277       9.515
  31.5953           458.589       9.280
  31.6953           442.822       9.160
  31.7953           409.986       8.771
  31.8953           440.047       9.124
  31.9953           437.662       9.069
  32.0953           416.536       8.887
  32.1953           428.312       9.056
  32.2953           415.481       9.045
  32.3953           425.674       9.107
  32.4953           437.065       9.111
  32.5953           414.975       8.831
  32.6953           420.568       8.894
  32.7953           426.433       8.921
  32.8953           414.950       8.839
  32.9953           427.319       8.906
  33.0953           420.246       8.901
  33.1953           420.964       8.836
  33.2953           406.364       8.725
  33.3953           423.132       8.852
  33.4953           427.824       8.932
  33.5953           433.021       8.957
  33.6953           426.140       8.891
  33.7953           415.016       8.830
  33.8953           431.376       8.921
  33.9953           420.200       8.831
  34.0953           433.464       8.986
  34.1953           434.252       8.994
  34.2953           432.332       8.987
  34.3953           410.136       8.652
  34.4953           449.690       9.220
  34.5953           438.325       8.981
  34.6953           418.300       8.868
  34.7953           468.484       9.349
  34.8953           434.486       8.997
  34.9953           456.004       9.211
  35.0953           448.849       9.191
  35.1953           446.192       9.140
  35.2953           445.012       9.160
  35.3953           436.895       9.150
  35.4953           446.360       9.326
  35.5953           451.763       9.389
  35.6953           440.238       9.168
  35.7953           442.036       9.097
  35.8953           443.870       9.141
  35.9953           450.547       9.162
  36.0953           487.510       9.559
  36.1953           489.483       9.548
  36.2953           504.376       9.747
  36.3953           520.665       9.840
  36.4953           530.595       9.974
  36.5953           504.830       9.657
  36.6953           512.303       9.787
  36.7953           487.971       9.503
  36.8953           439.214       9.051
  36.9953           445.087       9.110
  37.0953           438.557       9.026
  37.1953           433.419       8.946
  37.2953           431.717       8.988
  37.3953           424.870       8.878
  37.4953           441.437       9.039
  37.5953           430.021       8.963
  37.6953           427.461       8.915
  37.7953           435.176       9.015
  37.8953           430.656       8.933
  37.9953           436.076       9.022
  38.0953           430.447       8.970
  38.1953           424.440       8.916
  38.2953           434.106       8.986
  38.3953           427.532       8.971
  38.4953           447.611       9.127
  38.5953           432.048       9.084
  38.6953           460.173       9.479
  38.7953           446.564       9.348
  38.8953           455.775       9.303
  38.9953           455.793       9.290
  39.0953           487.997       9.580
  39.1953           538.868      10.022
  39.2953           612.012      10.709
  39.3953           646.609      10.975
  39.4953           657.067      11.102
  39.5953           604.643      10.595
  39.6953           542.755      10.065
  39.7953           484.665       9.485
  39.8953           456.158       9.231
  39.9953           453.134       9.157
  40.0953           443.498       9.083
  40.1953           452.939       9.219
  40.2953           429.620       8.920
  40.3953           437.741       9.011
  40.4953           438.518       9.057
  40.5953           445.439       9.110
  40.6953           448.889       9.133
  40.7953           439.130       9.057
  40.8953           446.151       9.136
  40.9953           437.510       9.025
  41.0953           440.869       9.041
  41.1953           433.499       9.035
  41.2953           461.407       9.282
  41.3953           438.187       9.049
  41.4953           454.744       9.263
  41.5953           447.344       9.156
  41.6953           451.540       9.204
  41.7953           460.999       9.408
  41.8953           462.487       9.669
  41.9953           458.309       9.188
  42.0953           516.568      10.086
  42.1953           550.871      10.165
  42.2953           656.389      11.190
  42.3953           747.708      11.833
  42.4953           883.012      12.912
  42.5953           945.363      13.230
  42.6953           915.520      13.176
  42.7953           800.274      12.230
  42.8953           698.025      11.385
  42.9953           602.330      10.658
  43.0953           525.517       9.882
  43.1953           508.503       9.723
  43.2953           493.663       9.633
  43.3953           557.297      10.165
  43.4953           578.622      10.401
  43.5953           624.117      10.788
  43.6953           616.740      10.692
  43.7953           610.003      10.667
  43.8953           543.795      10.089
  43.9953           479.006       9.421
  44.0953           455.431       9.209
  44.1953           467.696       9.392
  44.2953           487.180       9.512
  44.3953           520.337       9.895
  44.4953           553.315      10.170
  44.5953           658.846      11.053
  44.6953           739.691      11.835
  44.7953           777.909      12.097
  44.8953           709.192      11.558
  44.9953           642.132      11.066
  45.0953           530.220      10.206
  45.1953           486.324       9.726
  45.2953           458.227       9.301
  45.3953           443.270       9.111
  45.4953           439.997       9.048
  45.5953           442.932       9.104
  45.6953           450.219       9.144
  45.7953           461.271       9.248
  45.8953           507.231       9.729
  45.9953           592.371      10.460
  46.0953           727.807      11.589
  46.1953           875.255      12.732
  46.2953           930.052      13.132
  46.3953           857.559      12.572
  46.4953           709.101      11.458
  46.5953           575.976      10.320
  46.6953           468.005       9.297
  46.7953           476.766       9.403
  46.8953           466.177       9.275
  46.9953           485.656       9.447
  47.0953           491.621       9.548
  47.1953           494.379       9.562
  47.2953           517.178       9.789
  47.3953           569.165      10.254
  47.4953           636.898      10.872
  47.5953           653.445      10.970
  47.6953           619.867      10.748
  47.7953           557.265      10.161
  47.8953           496.721       9.618
  47.9953           509.997       9.773
  48.0953           526.046       9.873
  48.1953           606.807      10.764
  48.2953           804.413      12.502
  48.3953          1111.100      14.741
  48.4953          1846.017      18.637
  48.5953          2642.418      22.266
  48.6953          3326.598      24.901
  48.7953          3592.723      25.966
  48.8953          3277.389      24.643
  48.9953          2643.382      22.169
  49.0953          1901.443      18.889
  49.1953          1251.272      15.192
  49.2953           789.407      12.095
  49.3953           548.354      10.093
  49.4953           494.160       9.569
  49.5953           496.769       9.591
  49.6953           472.206       9.325
  49.7953           490.714       9.583
  49.8953           468.661       9.272
  49.9953           481.190       9.422
  50.0953           473.808       9.394
  50.1953           477.227       9.406
  50.2953           471.329       9.341
  50.3953           475.220       9.385
  50.4953           481.688       9.447
  50.5953           483.035       9.488
  50.6953           490.550       9.526
  50.7953           483.327       9.492
  50.8953           535.074       9.977
  50.9953           614.262      10.699
  51.0953           739.182      11.751
  51.1953           828.220      12.444
  51.2953           844.605      12.575
  51.3953           734.645      11.722
  51.4953           621.415      11.044
  51.5953           515.350       9.992
  51.6953           466.283       9.399
  51.7953           452.323       9.193
  51.8953           487.809       9.523
  51.9953           511.182       9.725
  52.0953           524.551       9.887
  52.1953           528.867       9.915
  52.2953           508.659       9.663
  52.3953           517.074       9.796
  52.4953           518.006       9.765
  52.5953           513.641       9.721
  52.6953           507.695       9.680
  52.7953           494.264       9.535
  52.8953           456.354       9.194
  52.9953           469.541       9.271
  53.0953           444.959       9.071
  53.1953           457.447       9.165
  53.2953           454.033       9.149
  53.3953           446.218       9.071
  53.4953           427.909       8.895
  53.5953           439.140       8.970
  53.6953           434.782       8.969
  53.7953           440.119       9.022
  53.8953           450.617       9.082
  53.9953           441.630       9.060
  54.0953           443.764       9.068
  54.1953           446.568       9.082
  54.2953           442.172       9.054
  54.3953           478.764       9.457
  54.4953           492.986       9.564
  54.5953           535.818      10.044
  54.6953           575.171      10.565
  54.7953           582.171      10.654
  54.8953           562.410      10.265
  54.9953           497.877       9.661
  55.0953           505.800       9.677
  55.1953           476.493       9.421
  55.2953           494.121       9.538
  55.3953           459.055       9.225
  55.4953           478.680       9.415
  55.5953           455.914       9.148
  55.6953           451.989       9.165
  55.7953           443.341       9.053
  55.8953           458.224       9.187
  55.9953           444.488       9.045
  56.0953           459.600       9.201
  56.1953           427.376       8.882
  56.2953           447.693       9.084
  56.3953           454.831       9.131
  56.4953           434.441       8.979
  56.5953           448.534       9.108
  56.6953           449.689       9.093
  56.7953           447.415       9.082
  56.8953           438.692       9.015
  56.9953           462.009       9.200
  57.0953           446.549       9.100
  57.1953           463.747       9.255
  57.2953           462.004       9.274
  57.3953           436.469       9.011
  57.4953           457.767       9.165
  57.5953           454.405       9.233
  57.6953           455.224       9.214
  57.7953           455.252       9.239
  57.8953           441.471       9.319
  57.9953           425.630       9.031
  58.0953           424.350       8.944
  58.1953           453.504       9.196
  58.2953           434.428       8.973
  58.3953           419.672       8.855
  58.4953           409.713       8.678
  58.5953           428.515       8.924
  58.6953           428.887       8.881
  58.7953           419.380       8.795
  58.8953           425.143       8.857
  58.9953           426.873       8.916
  59.0953           432.741       8.804
  59.1953           451.331       9.169
  59.2953           438.740       8.999
  59.3953           462.922       9.227
  59.4953           457.261       9.158
  59.5953           460.009       9.189
  59.6953           459.245       9.190
  59.7953           450.840       9.161
  59.8953           454.201       9.070
  59.9953           434.657       8.974
  60.0953           463.426       9.263
  60.1953           428.393       8.862
  60.2953           439.946       8.975
  60.3953           445.182       9.089
  60.4953           433.101       8.913
  60.5953           451.025       9.120
  60.6953           445.544       9.083
  60.7953           443.087       9.060
  60.8953           454.617       9.215
  60.9953           504.019       9.745
  61.0953           530.453      10.101
  61.1953           529.089      10.119
  61.2953           513.348       9.775
  61.3953           465.739       9.274
  61.4953           432.072       8.898
  61.5953           434.096       8.949
  61.6953           416.367       8.733
  61.7953           420.266       8.775
  61.8953           431.008       8.921
  61.9953           453.732       9.089
  62.0953           452.455       9.060
  62.1953           457.137       9.194
  62.2953           461.613       9.148
  62.3953           461.196       9.169
  62.4953           458.107       9.128
  62.5953           486.948       9.481
  62.6953           485.779       9.375
  62.7953           469.544       9.255
  62.8953           448.990       9.043
  62.9953           436.452       8.920
  63.0953           425.986       8.797
  63.1953           424.632       8.782
  63.2953           417.175       8.785
  63.3953           414.712       8.662
  63.4953           423.182       8.767
  63.5953           429.446       8.887
  63.6953           433.869       8.920
  63.7953           416.801       8.697
  63.8953           429.340       8.898
  63.9953           463.086       9.199
  64.0953           532.823       9.908
  64.1953           723.716      11.589
  64.2953          1122.074      14.440
  64.3953          1802.876      19.011
  64.4953          2243.960      20.180
  64.5953          2427.126      21.342
  64.6953           936.298      12.562
  64.7953          1142.879      13.965
  64.8953           754.106      12.927
  64.9953           597.909      12.162
  65.0953           530.291      10.081
  65.1953           572.989       9.445
  65.2953           678.352      11.045
  65.3953           720.909      11.442
  65.4953           644.825      10.870
  65.5953           541.192       9.891
  65.6953           462.187       9.233
  65.7953           446.400       9.033
  65.8953           449.855       9.052
  65.9953           450.074       9.076
  66.0953           436.784       8.968
  66.1953           441.605       8.981
  66.2953           444.525       9.016
  66.3953           441.172       8.977
  66.4953           446.085       9.108
  66.5953           423.218       8.762
  66.6953           407.381       8.656
  66.7953           428.784       8.906
  66.8953           426.271       8.879
  66.9953           419.590       8.762
  67.0953           412.632       8.746
  67.1953           425.995       8.858
  67.2953           441.567       9.076
  67.3953           452.614       9.193
  67.4953           479.387       9.630
  67.5953           554.418      10.311
  67.6953           629.555      10.810
  67.7953           679.048      11.189
  67.8953           637.452      10.820
  67.9953           519.168       9.761
  68.0953           473.341       9.272
  68.1953           442.013       8.974
  68.2953           429.154       8.874
  68.3953           434.281       8.863
  68.4953           419.521       8.732
  68.5953           432.260       8.855
  68.6953           424.284       8.778
  68.7953           437.134       8.897
  68.8953           473.778       9.235
  68.9953           548.905      10.017
  69.0953           698.066      11.172
  69.1953           832.075      12.287
  69.2953           820.031      12.212
  69.3953           705.304      11.343
  69.4953           555.443       9.973
  69.5953           488.091       9.421
  69.6953           453.688       9.070
  69.7953           451.820       9.053
  69.8953           437.927       8.887
  69.9953           425.555       8.816
  70.0953           434.921       8.921
  70.1953           441.583       8.949
  70.2953           472.559       9.311
  70.3953           516.689       9.728
  70.4953           530.652       9.830
  70.5953           521.879       9.850
  70.6953           495.346       9.728
  70.7953           494.548       9.682
  70.8953           536.555       9.953
  70.9953           524.264       9.798
  71.0953           496.603       9.561
  71.1953           467.414       9.204
  71.2953           439.675       8.956
  71.3953           423.026       8.767
  71.4953           429.601       8.834
  71.5953           414.417       8.671
  71.6953           441.053       8.927
  71.7953           424.129       8.758
  71.8953           433.104       8.878
  71.9953           418.733       8.703
  72.0953           411.434       8.655
  72.1953           423.485       8.747
  72.2953           409.187       8.602
  72.3953           416.256       8.666
  72.4953           449.112       9.011
  72.5953           495.862       9.531
  72.6953           610.818      10.457
  72.7953           698.742      11.205
  72.8953           713.672      11.347
  72.9953           632.392      10.609
  73.0953           578.778      10.222
  73.1953           479.899       9.168
  73.2953           429.434       8.599
  73.3953           420.995       7.535
  73.4953           430.333      16.815
  73.5953           474.597       8.896
  73.6953           525.569       9.083
  73.7953           610.325       9.686
  73.8953           611.413      14.293
  73.9953           541.741       9.626
  74.0953           481.839       9.401
  74.1953           437.291       8.915
  74.2953           416.631       8.712
  74.3953           411.965       8.679
  74.4953           428.521       8.804
  74.5953           417.450       8.769
  74.6953           397.252       8.512
  74.7953           426.876       8.828
  74.8953           424.157       8.750
  74.9953           456.517       9.147
  75.0953           421.391       8.771
  75.1953           409.204       8.611
  75.2953           409.360       8.632
  75.3953           410.285       8.663
  75.4953           416.185       8.682
  75.5953           425.463       8.788
  75.6953           423.240       8.783
  75.7953           446.701       9.012
  75.8953           461.903       9.169
  75.9953           483.599       9.396
  76.0953           512.119       9.640
  76.1953           547.154      10.015
  76.2953           611.302      10.502
  76.3953           685.321      11.220
  76.4953           807.685      12.127
  76.5953           888.733      12.722
  76.6953           825.029      12.322
  76.7953           656.893      10.983
  76.8953           538.379       9.956
  76.9953           607.060      10.631
  77.0953           862.780      12.866
  77.1953          1401.409      16.417
  77.2953          1919.197      18.944
  77.3953          2005.374      19.256
  77.4953          1550.922      16.899
  77.5953           997.576      13.621
  77.6953           946.689      13.114
  77.7953          1486.277      16.524
  77.8953          2257.955      20.397
  77.9953          2452.447      21.193
  78.0953          1862.925      18.431
  78.1953          1046.863      13.886
  78.2953           602.170      10.492
  78.3953           465.220       9.225
  78.4953           430.531       8.876
  78.5953           428.418       8.870
  78.6953           439.622       8.968
  78.7953           446.185       9.035
  78.8953           462.369       9.229
  78.9953           501.750       9.594
  79.0953           536.096       9.916
  79.1953           563.272      10.146
  79.2953           565.244      10.210
  79.3953           490.615       9.474
  79.4953           425.884       8.787
  79.5953           421.843       8.836
  79.6953           411.394       8.700
  79.7953           410.672       8.679
  79.8953           411.420       8.736
  79.9953           416.038       8.769
  80.0953           418.412       8.807
  80.1953           425.032       8.929
  80.2953           400.235       8.820
  80.3953           423.383       8.970
  80.4953           403.293       8.696
  80.5953           403.683       8.620
  80.6953           408.424       8.706
  80.7953           400.656       8.571
  80.8953           434.240       8.944
  80.9953           439.153       8.942
  81.0953           473.714       9.328
  81.1953           503.593       9.582
  81.2953           481.631       9.400
  81.3953           449.262       9.023
  81.4953           453.127       9.101
  81.5953           432.713       8.885
  81.6953           439.415       8.949
  81.7953           445.074       9.029
  81.8953           432.250       8.853
  81.9953           446.873       9.008
  82.0953           436.510       8.931
  82.1953           434.633       8.932
  82.2953           455.347       9.078
  82.3953           467.353       9.224
  82.4953           474.795       9.328
  82.5953           470.963       9.265
  82.6953           457.737       9.093
  82.7953           455.298       9.178
  82.8953           422.685       8.791
  82.9953           435.896       8.922
  83.0953           421.013       8.796
  83.1953           433.724       8.939
  83.2953           499.038       9.588
  83.3953           619.443      10.725
  83.4953           785.417      12.298
  83.5953           861.762      12.832
  83.6953           784.982      12.123
  83.7953           598.826      10.485
  83.8953           511.498       9.733
  83.9953           481.100       9.408
  84.0953           482.007       9.408
  84.1953           501.610       9.578
  84.2953           569.266      10.228
  84.3953           633.529      10.704
  84.4953           570.117      10.231
  84.5953           492.063       9.479
  84.6953           432.530       8.872
  84.7953           423.458       8.778
  84.8953           404.633       8.706
  84.9953           423.716       8.594
  85.0953           428.378       8.928
  85.1953           431.343       8.847
  85.2953           427.830       8.833
  85.3953           420.189       8.777
  85.4953           413.971       8.677
  85.5953           401.733       8.532
  85.6953           404.397       8.600
  85.7953           405.606       8.599
  85.8953           405.881       8.591
  85.9953           412.384       8.737
  86.0953           431.345       8.834
  86.1953           431.645       8.927
  86.2953           448.059       9.032
  86.3953           429.808       8.897
  86.4953           426.110       8.918
  86.5953           423.097       8.820
  86.6953           441.270       9.205
  86.7953           453.281       9.343
  86.8953           610.759      10.671
  86.9953           997.654      13.549
  87.0953          1866.255      18.529
  87.1953          2777.674      22.580
  87.2953          3039.476      23.535
  87.3953          2519.117      21.489
  87.4953          1762.570      17.982
  87.5953          1024.621      13.636
  87.6953           618.538      10.605
  87.7953           461.377       9.187
  87.8953           422.315       8.772
  87.9953           421.017       8.726
  88.0953           404.302       8.592
  88.1953           409.471       8.648
  88.2953           420.500       8.723
  88.3953           433.655       8.872
  88.4953           416.662       8.724
  88.5953           409.857       8.639
  88.6953           418.064       8.713
  88.7953           417.847       8.747
  88.8953           403.273       8.546
  88.9953           396.227       8.523
  89.0953           416.752       8.690
  89.1953           398.718       8.569
  89.2953           403.346       8.559
  89.3953           407.830       8.640
  89.4953           403.438       8.619
  89.5953           405.743       8.588
  89.6953           411.106       8.723
  89.7953           411.478       8.715
  89.8953           426.518       9.028
  89.9953           509.486       9.879
  90.0953           645.638      10.959
  90.1953           765.336      11.883
  90.2953           753.096      11.767
  90.3953           649.856      10.889
  90.4953           511.215       9.600
  90.5953           426.585       8.828
  90.6953           410.203       8.633
  90.7953           407.873       8.616
  90.8953           404.050       8.556
  90.9953           398.126       8.504
  91.0953           393.280       8.480
  91.1953           401.446       8.501
  91.2953           393.145       8.469
  91.3953           402.227       8.521
  91.4953           394.870       8.486
  91.5953           436.107       8.895
  91.6953           524.817       9.769
  91.7953           717.108      11.449
  91.8953           910.073      12.769
  91.9953           916.645      12.957
  92.0953           726.770      11.465
  92.1953           517.812       9.722
  92.2953           442.279       8.954
  92.3953           451.390       9.095
  92.4953           460.061       9.174
  92.5953           452.545       9.080
  92.6953           440.561       8.967
  92.7953           395.326       8.546
  92.8953           397.606       8.531
  92.9953           412.844       8.782
  93.0953           414.787       8.921
  93.1953           435.947       9.142
  93.2953           455.490       9.278
  93.3953           452.465       9.152
  93.4953           432.483       8.942
  93.5953           407.134       8.668
  93.6953           394.803       8.536
  93.7953           392.701       8.501
  93.8953           396.502       8.555
  93.9953           376.200       8.327
  94.0953           393.599       8.469
  94.1953           392.835       8.498
  94.2953           375.206       8.307
  94.3953           386.227       8.394
  94.4953           418.675       8.766
  94.5953           447.219       9.059
  94.6953           513.956       9.713
  94.7953           570.211      10.208
  94.8953           622.929      10.702
  94.9953           667.383      11.112
  95.0953           578.248      10.236
  95.1953           494.423       9.590
  95.2953           530.879       9.855
  95.3953           714.846      11.457
  95.4953           928.577      13.055
  95.5953           931.538      13.105
  95.6953           785.739      12.040
  95.7953           663.449      11.059
  95.8953           692.157      11.224
  95.9953           711.910      11.624
  96.0953           663.915      10.998
  96.1953           628.038      10.878
  96.2953           597.809      10.732
  96.3953           539.706      10.160
  96.4953           503.025       9.740
  96.5953           529.977       9.903
  96.6953           697.052      11.380
  96.7953          1026.260      13.823
  96.8953          1345.246      15.708
  96.9953          1376.329      15.951
  97.0953          1030.174      13.805
  97.1953           699.823      11.289
  97.2953           657.141      11.012
  97.3953           705.312      11.398
  97.4953           645.489      10.898
  97.5953           683.001      11.183
  97.6953           708.482      11.409
  97.7953           658.698      10.995
  97.8953           529.596       9.846
  97.9953           461.096       9.182
  98.0953           420.749       8.792
  98.1953           440.751       9.016
  98.2953           471.228       9.250
  98.3953           518.844       9.790
  98.4953           576.066      10.320
  98.5953           633.941      10.736
  98.6953           584.703      10.352
  98.7953           516.756       9.778
  98.8953           512.085       9.726
  98.9953           536.669       9.923
  99.0953           570.883      10.290
  99.1953           540.983       9.965
  99.2953           470.877       9.388
  99.3953           461.339       9.275
  99.4953           445.405       9.293
  99.5953           429.195       9.062
  99.6953           410.344       8.771
  99.7953           400.855       8.568
  99.8953           391.244       8.479
  99.9953           389.076       8.454
 100.0953           405.684       8.610
 100.1953           403.779       8.583
 100.2953           406.251       8.630
 100.3953           477.967       9.309
 100.4953           503.910       9.587
 100.5953           509.588       9.630
 100.6953           457.315       9.124
 100.7953           425.933       8.788
 100.8953           404.220       8.577
 100.9953           386.586       8.374
 101.0953           408.159       8.616
 101.1953           409.832       8.617
 101.2953           392.372       8.452
 101.3953           388.608       8.406
 101.4953           395.957       8.482
 101.5953           386.377       8.411
 101.6953           370.242       8.201
 101.7953           372.360       8.218
 101.8953           379.311       8.335
 101.9953           370.465       8.216
 102.0953           380.475       8.340
 102.1953           381.784       8.335
 102.2953           382.363       8.382
 102.3953           378.313       8.329
 102.4953           364.127       8.140
 102.5953           394.596       8.576
 102.6953           401.283       8.750
 102.8953           656.427      11.110
 102.9953           873.788      12.701
 103.0953           866.779      12.650
 103.1953           723.534      11.562
 103.2953           522.877       9.781
 103.3953           439.674       8.994
 103.4953           420.550       8.779
 103.5953           402.112       8.544
 103.6953           408.669       8.640
 103.7953           410.734       8.669
 103.8953           412.485       8.677
 103.9953           430.240       8.864
 104.0953           416.110       8.711
 104.1953           394.344       8.509
 104.2953           385.035       8.366
 104.3953           381.347       8.346
 104.4953           399.422       8.535
 104.5953           400.968       8.562
 104.6953           386.366       8.387
 104.7953           389.047       8.440
 104.8953           376.557       8.299
 104.9953           378.375       8.337
 105.0953           392.694       8.436
 105.1953           378.647       8.371
 105.2953           387.447       8.413
 105.3953           402.568       8.610
 105.4953           406.248       8.644
 105.5953           417.546       8.760
 105.6953           441.877       8.982
 105.7953           457.394       9.250
 105.8953           555.589      10.429
 105.9953           614.764      10.612
 106.0953           669.866      11.320
 106.1953           632.328      10.772
 106.2953           664.611      11.108
 106.3953           724.152      11.489
 106.4953           770.782      11.889
 106.5953           676.941      11.121
 106.6953           557.620      10.112
 106.7953           496.810       9.491
 106.8953           535.260       9.722
 106.9953           636.534      11.191
 107.0953           676.169      10.892
 107.1953           644.214      10.799
 107.2953           538.662       9.945
 107.3953           451.895       9.040
 107.4953           408.235       8.624
 107.5953           375.420       8.257
 107.6953           377.699       8.296
 107.7953           424.670       8.811
 107.8953           519.208       9.717
 107.9953           625.406      10.702
 108.0953           671.714      11.049
 108.1953           611.066      10.589
 108.2953           491.642       9.463
 108.3953           390.697       8.465
 108.4953           372.199       8.233
 108.5953           379.993       8.350
 108.6953           384.451       8.409
 108.7953           427.775       8.866
 108.8953           496.057       9.506
 108.9953           585.058      10.494
 109.0953           676.542      11.356
 109.1953           775.781      12.175
 109.2953           794.296      12.216
 109.3953           773.057      11.920
 109.4953           691.584      11.301
 109.5953           549.990      10.114
 109.6953           460.263       9.151
 109.7953           431.134       8.915
 109.8953           416.467       8.714
 109.9953           408.207       8.642
 110.0953           395.716       8.485
 110.1953           434.401       8.899
 110.2953           522.761       9.763
 110.3953           617.764      10.601
 110.4953           642.991      10.796
 110.5953           557.035      10.131
 110.6953           457.435       9.101
 110.7953           385.896       8.387
 110.8953           389.462       8.417
 110.9953           416.713       8.729
 111.0953           505.805       9.581
 111.1953           587.212      10.340
 111.2953           637.555      10.781
 111.3953           586.324      10.360
 111.4953           484.657       9.376
 111.5953           405.449       8.644
 111.6953           372.701       8.226
 111.7953           370.049       8.277
 111.8953           373.322       8.219
 111.9953           380.786       8.429
 112.0953           369.358       8.208
 112.1953           349.133       8.093
 112.2953           341.655       8.080
 112.3953           351.071       8.180
 112.4953           337.537       7.908
 112.5953           354.266       8.037
 112.6953           405.571       8.623
 112.7953           493.576       9.469
 112.8953           647.848      10.844
 112.9953           779.245      11.874
 113.0953           753.089      11.737
 113.1953           634.945      10.719
 113.2953           495.691       9.456
 113.3953           396.171       8.499
 113.4953           354.746       8.015
 113.5953           356.027       8.050
 113.6953           356.426       8.006
 113.7953           361.826       8.089
 113.8953           351.663       7.978
 113.9953           381.383       8.287
 114.0953           404.494       8.531
 114.1953           451.179       9.117
 114.2953           487.896       9.350
 114.3953           469.936       9.229
 114.4953           440.702       8.940
 114.5953           401.227       8.510
 114.6953           373.209       8.265
 114.7953           359.006       7.998
 114.8953           345.494       7.994
 114.9953           342.909       7.873
 115.0953           360.953       8.126
 115.1953           341.987       7.894
 115.2953           346.963       7.996
 115.3953           356.817       8.099
 115.4953           374.446       8.471
 115.5953           447.391       9.192
 115.6953           519.847       9.821
 115.7953           609.781      10.540
 115.8953           646.908      10.874
 115.9953           601.292      10.499
 116.0953           516.536       9.682
 116.1953           451.648       9.075
 116.2953           420.389       8.751
 116.3953           397.801       8.495
 116.4953           403.974       8.619
 116.5953           391.676       8.343
 116.6953           403.435       8.580
 116.7953           406.257       8.568
 116.8953           371.285       8.208
 116.9953           357.311       8.056
 117.0953           338.171       7.808
 117.1953           334.775       7.802
 117.2953           338.153       7.822
 117.3953           342.679       7.884
 117.4953           363.456       8.119
 117.5953           355.818       8.023
 117.6953           351.877       7.989
 117.7953           337.237       7.826
 117.8953           337.268       7.795
 117.9953           334.029       7.873
 118.0953           327.855       7.602
 118.1953           349.151       8.042
 118.2953           338.357       7.839
 118.3953           343.952       7.935
 118.4953           354.622       8.041
 118.5953           389.585       8.497
 118.6953           419.420       8.890
 118.7953           452.064       9.329
 118.8953           480.283       9.367
 118.9953           471.126       9.313
 119.0953           463.744       9.155
 119.1953           434.363       8.911
 119.2953           456.391       9.101
 119.3953           537.810       9.875
 119.4953           661.666      10.947
 119.5953           826.154      12.254
 119.6953           795.761      11.944
 119.7953           728.384      11.510
 119.8953           595.189      10.369
 119.9953           485.278       9.346
 120.0953           403.211       8.500
 120.1953           351.476       8.119
 120.2953           348.568       7.658
 120.3953           321.753       7.742
 120.4953           323.259       7.632
 120.5953           329.550       7.748
 120.6953           307.211       7.388
 120.7953           308.354       7.481
 120.8953           307.684       7.434
 120.9953           318.527       7.590
 121.0953           316.233       7.540
 121.1953           306.090       7.452
 121.2953           314.086       7.551
 121.3953           299.865       7.360
 121.4953           309.009       7.484
 121.5953           305.584       7.528
 121.6953           318.173       7.493
 121.7953           329.332       7.929
 121.8953           349.868       8.071
 121.9953           389.584       8.604
 122.0953           413.679       8.752
 122.1953           438.680       8.936
 122.2953           486.236       9.454
 122.3953           499.040       9.535
 122.4953           499.210       9.577
 122.5953           503.514       9.570
 122.6953           470.654       9.295
 122.7953           430.699       8.838
 122.8953           382.274       8.316
 122.9953           352.389       8.042
 123.0953           322.436       7.651
 123.1953           340.605       7.845
 123.2953           349.014       7.976
 123.3953           378.898       8.288
 123.4953           396.195       8.470
 123.5953           394.601       8.457
 123.6953           366.507       8.183
 123.7953           341.764       7.878
 123.8953           322.750       7.646
 123.9953           333.135       7.773
 124.0953           333.516       7.792
 124.1953           327.067       7.713
 124.2953           349.413       7.974
 124.3953           343.096       7.913
 124.4953           392.000       8.478
 124.5953           389.786       8.414
 124.6953           374.714       8.315
 124.7953           366.139       8.100
 124.8953           330.631       7.808
 124.9953           319.853       7.708
 125.0953           321.986       7.775
 125.1953           318.969       7.787
 125.2953           325.457       7.778
 125.3953           304.889       7.531
 125.4953           326.924       7.686
 125.5953           343.176       7.898
 125.6953           346.969       7.937
 125.7953           424.474       8.740
 125.8953           441.976       8.946
 125.9953           497.840       9.475
 126.0953           499.333       9.452
 126.1953           467.481       9.186
 126.2953           399.961       8.496
 126.3953           341.415       7.812
 126.4953           330.837       7.755
 126.5953           307.190       7.418
 126.6953           331.775       7.722
 126.7953           319.450       7.570
 126.8953           329.917       7.706
 126.9953           332.626       7.763
 127.0953           372.845       8.160
 127.1953           403.761       8.508
 127.2953           437.848       8.882
 127.3953           457.290       9.126
 127.4953           463.003       9.098
 127.5953           429.208       8.809
 127.6953           390.888       8.387
 127.7953           349.166       7.971
 127.8953           325.924       7.665
 127.9953           315.263       7.593
 128.0953           325.694       7.651
 128.1953           300.153       7.462
 128.2953           301.277       7.537
 128.3953           306.704       7.618
 128.4953           302.162       7.468
 128.5953           307.622       7.494
 128.6953           310.409       7.515
 128.7953           320.939       7.650
 128.8953           297.212       7.326
 128.9953           317.371       7.602
 129.0953           339.093       7.865
 129.1953           362.942       8.075
 129.2953           434.360       8.850
 129.3953           483.337       9.377
 129.4953           486.728       9.360
 129.5953           464.747       9.159
 129.6953           482.158       9.336
 129.7953           419.938       8.734
 129.8953           381.489       8.285
 129.9953           357.365       8.043
 130.0953           338.339       7.795
 130.1953           319.400       7.605
 130.2953           339.662       7.832
 130.3953           325.578       7.661
 130.4953           308.071       7.470
 130.5953           312.200       7.515
 130.6953           315.956       7.551
 130.7953           298.482       7.366
 130.8953           313.020       7.537
 130.9953           322.489       7.644
 131.0953           341.165       7.877
 131.1953           344.476       7.932
 131.2953           380.064       8.296
 131.3953           391.317       8.511
 131.4953           406.326       8.749
 131.5953           404.341       8.784
 131.6953           374.897       8.313
 131.7953           366.513       8.169
 131.8953           353.120       7.992
 131.9953           343.993       7.931
 132.0953           335.645       7.776
 132.1953           317.289       7.609
 132.2953           317.430       7.586
 132.3953           319.285       7.570
 132.4953           306.041       7.445
 132.5953           304.557       7.391
 132.6953           302.255       7.412
 132.7953           312.412       7.479
 132.8953           326.406       7.666
 132.9953           315.328       7.538
 133.0953           310.831       7.475
 133.1953           324.089       7.515
 133.2953           316.653       7.788
 133.3953           326.970       7.565
 133.4953           339.848       7.811
 133.5953           329.005       7.697
 133.6953           341.436       7.839
 133.7953           352.275       7.979
 133.8953           350.289       7.902
 133.9953           360.627       8.094
 134.0953           363.540       8.105
 134.1953           362.319       8.065
 134.2953           373.647       8.240
 134.3953           356.728       8.049
 134.4953           355.976       8.028
 134.5953           353.363       8.075
 134.6953           347.555       8.136
 134.7953           323.814       7.783
 134.8953           327.461       7.777
 134.9953           316.217       7.550
 135.0953           317.855       7.568
 135.1953           295.719       7.320
 135.2953           290.999       7.246
 135.3953           303.626       7.392
 135.4953           292.939       7.280
 135.5953           289.307       7.190
 135.6953           282.453       7.133
 135.7953           300.381       7.324
 135.8953           298.331       7.340
 135.9953           311.268       7.473
 136.0953           328.835       7.681
 136.1953           361.885       8.078
 136.2953           381.057       8.249
 136.3953           448.631       8.978
 136.4953           563.906      10.076
 136.5953           669.791      10.991
 136.6953           775.488      11.759
 136.7953           820.935      12.152
 136.8953           836.477      12.273
 136.9953           782.248      11.809
 137.0953           717.710      11.372
 137.1953           623.265      10.619
 137.2953           504.573       9.529
 137.3953           423.134       8.717
 137.4953           392.323       8.412
 137.5953           415.419       8.668
 137.6953           447.000       9.001
 137.7953           495.245       9.506
 137.8953           523.406       9.934
 137.9953           535.450      10.039
 138.0953           560.453      10.153
 138.1953           532.619       9.775
 138.2953           522.168       9.749
 138.3953           479.314       9.278
 138.4953           452.807       9.022
 138.5953           404.884       8.526
 138.6953           400.782       8.472
 138.7953           365.062       8.063
 138.8953           343.436       7.820
 138.9953           323.601       7.615
 139.0953           303.636       7.356
 139.1953           296.441       7.239
 139.2953           293.037       7.263
 139.3953           287.309       7.125
 139.4953           285.554       7.157
 139.5953           284.731       7.076
 139.6953           286.554       7.168
 139.7953           286.246       7.163
 139.8953           290.103       7.170
 139.9953           316.175       7.507
 140.0953           321.280       7.566
 140.1953           350.943       7.939
 140.2953           393.288       8.351
 140.3953           396.205       8.447
 140.4953           449.217       8.968
 140.5953           473.557       9.217
 140.6953           481.909       9.330
 140.7953           478.416       9.271
 140.8953           458.878       9.096
 140.9953           459.667       9.199
 141.0953           445.677       9.137
 141.1953           457.444       9.264
 141.2953           460.091       9.149
 141.3953           484.936       9.310
 141.4953           514.857       9.632
 141.5953           501.301       9.457
 141.6953           528.109       9.738
 141.7953           533.132       9.786
 141.8953           517.111       9.593
 141.9953           503.397       9.433
 142.0953           460.415       9.068
 142.1953           440.520       8.876
 142.2953           411.491       8.563
 142.3953           453.432       8.937
 142.4953           461.516       9.091
 142.5953           511.324       9.545
 142.6953           581.830      10.159
 142.7953           578.940      10.126
 142.8953           614.610      10.461
 142.9953           597.747      10.317
 143.0953           569.259      10.027
 143.1953           576.799      10.141
 143.2953           542.253       9.819
 143.3953           523.207       9.649
 143.4953           500.505       9.420
 143.5953           477.651       9.221
 143.6953           476.663       9.274
 143.7953           492.271       9.481
 143.8953           500.570       9.133
 143.9953           498.687       9.622
 144.0953           485.994       9.301
 144.1953           486.480       9.440
 144.2953           446.129       9.086
 144.3953           442.403       9.126
 144.4953           407.463       8.640
 144.5953           374.023       8.203
 144.6953           342.671       7.835
 144.7953           334.107       7.747
 144.8953           313.835       7.483
 144.9953           317.073       7.528
 145.0953           314.694       7.486
 145.1953           300.911       7.341
 145.2953           291.470       7.175
 145.3953           293.982       7.244
 145.4953           293.068       7.226
 145.5953           270.927       6.409
 145.6953           338.760       9.454
 145.7953           277.544       6.508
 145.8953           297.001       7.257
 145.9953           307.807       7.383
 146.0953           305.497       7.370
 146.1953           326.151       7.624
 146.2953           339.853       7.776
 146.3953           343.247       7.753
 146.4953           341.634       7.842
 146.5953           350.751       7.889
 146.6953           360.652       8.003
 146.7953           364.700       8.092
 146.8953           390.510       8.347
 146.9953           386.613       8.319
 147.0953           377.303       8.218
 147.1953           413.103       8.601
 147.2953           391.464       8.377
 147.3953           396.181       8.483
 147.4953           397.727       8.642
 147.5953           378.563       8.394
 147.6953           388.084       8.433
 147.7953           360.768       8.033
 147.8953           351.802       7.977
 147.9953           324.223       7.592
 148.0953           314.802       7.530
 148.1953           304.720       7.347
 148.2953           292.410       7.263
 148.3953           288.628       7.162
 148.4953           288.432       7.265
 148.5953           285.958       6.915
 148.6953           286.655       7.279
 148.7953           275.162       7.191
 148.8953           281.466       6.700
 148.9953           281.005       7.083
 149.0953           291.059       7.334
 149.1953           287.472       6.993
 149.2953           301.564       7.255
 149.3953           308.686       7.383
 149.4953           332.775       7.591
 149.5953           325.770       7.472
 149.6953           320.100       7.678
 149.7953           339.638       7.753
 149.8953           328.242       7.384
 149.9953           326.853       8.008
 150.0953           319.995       7.062
 150.1953           322.511       8.350
 150.2953           320.355       7.176
 150.3953           310.734       7.503
 150.4953           295.996       7.278
 150.5953           299.458       7.357
 150.6953           282.081       6.572
 150.7953             0.000       0.000
 150.8953             0.000       0.000
