XYDATA  Co2SiO4 8mmV 1.87A HiRes FullBeam 500K CF ROC 
INTER        1       1       0     0.100000
TEMP       59.5330      59.0190      59.0020
! d20 23-Apr-08 09:22:09 User Sazono   L.C.Hansen  Run 594842*d20_2008_04_5880
! d20 23-Apr-08 09:22:09 User Sazono   L.C.Hansen  Run 594842*d20_2008_04_5880
! Monitor/counts, Counting time/sec:       100000.      62.5111
   0.0953          4127.127      28.106
   0.1953          4261.609      29.027
   0.2953          4299.087      29.419
   0.3953          4216.132      28.947
   0.4953          3894.952      27.619
   0.5953          3533.382      26.095
   0.6953          3074.604      24.274
   0.7953          2654.109      22.612
   0.8953          2296.141      20.963
   0.9953          1927.864      19.257
   1.0953          1642.311      17.719
   1.1953          1353.832      16.056
   1.2953          1036.213      14.072
   1.3953           774.671      12.156
   1.4953           564.111      10.367
   1.5953           424.574       8.971
   1.6953           374.892       8.474
   1.7953           356.964       8.264
   1.8953           323.499       7.837
   1.9953           310.884       7.686
   2.0953           306.102       7.648
   2.1953           291.538       7.458
   2.2953           279.473       7.279
   2.3953           279.524       7.293
   2.4953           283.396       7.374
   2.5953           274.895       7.189
   2.6953           270.045       7.220
   2.7953           261.396       7.049
   2.8953           253.338       6.968
   2.9953           253.023       6.956
   3.0953           247.424       6.892
   3.1953           248.824       6.906
   3.2953           232.123       6.662
   3.3953           238.292       6.811
   3.4953           241.138       6.947
   3.5953           237.558       6.892
   3.6953           255.980       7.070
   3.7953           248.139       6.917
   3.8953           255.709       7.004
   3.9953           282.728       7.369
   4.0953           306.810       7.635
   4.1953           344.677       8.165
   4.2953           388.616       8.591
   4.3953           423.779       8.974
   4.4953           466.139       9.408
   4.5953           504.564       9.841
   4.6953           568.381      10.358
   4.7953           633.353      10.971
   4.8953           687.639      11.437
   4.9953           702.575      11.593
   5.0953           673.441      11.296
   5.1953           703.803      11.546
   5.2953           688.263      11.473
   5.3953           689.284      11.445
   5.4953           697.668      11.490
   5.5953           687.358      11.442
   5.6953           697.909      11.542
   5.7953           696.165      11.536
   5.8953           679.714      11.325
   5.9953           680.612      11.439
   6.0953           673.699      11.350
   6.1953           707.220      11.661
   6.2953           686.982      11.461
   6.3953           674.259      11.350
   6.4953           677.203      11.442
   6.5953           656.550      11.237
   6.6953           632.673      11.239
   6.7953           652.544      11.424
   6.8953           638.922      11.158
   6.9953           642.637      11.070
   7.0953           639.828      11.058
   7.1953           650.456      11.183
   7.2953           641.478      11.026
   7.3953           642.206      11.104
   7.4953           632.633      10.976
   7.5953           641.622      11.028
   7.6953           634.376      10.972
   7.7953           619.679      10.852
   7.8953           620.515      10.845
   7.9953           597.857      10.599
   8.0953           621.914      10.897
   8.1953           618.855      10.822
   8.2953           616.158      10.793
   8.3953           595.203      10.617
   8.4953           616.222      10.816
   8.5953           609.141      10.725
   8.6953           590.288      10.558
   8.7953           596.451      10.612
   8.8953           590.150      10.570
   8.9953           590.862      10.576
   9.0953           594.729      10.600
   9.1953           579.788      10.509
   9.2953           578.700      10.498
   9.3953           575.101      10.410
   9.4953           585.928      10.585
   9.5953           567.282      10.383
   9.6953           564.551      10.378
   9.7953           563.406      10.466
   9.8953           577.829      10.732
   9.9953           556.236      10.516
  10.0953           550.898      10.307
  10.1953           564.085      10.356
  10.2953           547.707      10.220
  10.3953           555.850      10.267
  10.4953           581.817      10.496
  10.5953           575.798      10.421
  10.6953           559.520      10.310
  10.7953           558.606      10.223
  10.8953           544.905      10.115
  10.9953           536.870      10.037
  11.0953           538.074       9.971
  11.1953           548.530      10.125
  11.2953           554.343      10.785
  11.3953           545.278       9.917
  11.4953           538.460      10.002
  11.5953           541.046      10.045
  11.6953           520.764       9.922
  11.7953           545.833      10.122
  11.8953           520.308       9.897
  11.9953           514.850       9.839
  12.0953           522.931       9.947
  12.1953           537.093      10.054
  12.2953           525.383       9.920
  12.3953           525.509      10.012
  12.4953           524.297       9.960
  12.5953           517.939       9.886
  12.6953           515.060       9.874
  12.7953           525.404      10.037
  12.8953           547.324      10.129
  12.9953           523.976      10.027
  13.0953           535.667      10.453
  13.1953           539.673      10.027
  13.2953           518.599      10.173
  13.3953           508.691       9.830
  13.4953           525.425      10.019
  13.5953           511.849       9.816
  13.6953           533.380      10.089
  13.7953           519.086       9.873
  13.8953           518.017       9.942
  13.9953           524.815       9.893
  14.0953           515.275       9.922
  14.1953           521.835       9.801
  14.2953           495.711       9.727
  14.3953           523.928       9.901
  14.4953           506.693       9.762
  14.5953           525.637      10.014
  14.6953           520.329       9.863
  14.7953           504.314       9.720
  14.8953           516.876       9.849
  14.9953           511.927       9.850
  15.0953           515.964      10.008
  15.1953           520.687       9.588
  15.2953           511.509       9.997
  15.3953           517.773       9.868
  15.4953           522.460       9.900
  15.5953           507.801       9.798
  15.6953           499.178       9.743
  15.7953           504.015       9.725
  15.8953           497.934       9.767
  15.9953           507.222       9.798
  16.0953           507.596       9.860
  16.1953           502.834       9.811
  16.2953           502.848       9.970
  16.3953           513.907      10.123
  16.4953           503.196       9.851
  16.5953           513.268       9.860
  16.6953           508.775       9.867
  16.7953           494.410       9.691
  16.8953           488.277       9.639
  16.9953           495.406       9.675
  17.0953           490.362       9.648
  17.1953           505.039       9.778
  17.2953           493.345       9.635
  17.3953           480.601       9.544
  17.4953           490.831       9.635
  17.5953           509.199       9.749
  17.6953           521.649       9.949
  17.7953           504.444       9.762
  17.8953           496.320       9.643
  17.9953           505.867       9.748
  18.0953           501.631       9.741
  18.1953           483.944       9.548
  18.2953           500.602       9.715
  18.3953           521.856       9.898
  18.4953           508.977       9.824
  18.5953           519.523       9.864
  18.6953           524.335       9.936
  18.7953           490.276       9.641
  18.8953           502.299       9.750
  18.9953           524.709       9.934
  19.0953           502.826       9.775
  19.1953           491.736       9.664
  19.2953           502.486       9.783
  19.3953           501.577       9.773
  19.4953           498.684       9.976
  19.5953           490.196       9.806
  19.6953           482.194       9.590
  19.7953           480.213       9.560
  19.8953           492.779       9.662
  19.9953           490.892       9.633
  20.0953           501.608       9.728
  20.1953           498.359       9.533
  20.2953           508.947      10.173
  20.3953           498.576       9.618
  20.4953           501.539       9.476
  20.5953           503.759       9.868
  20.6953           515.438       9.802
  20.7953           526.280       9.937
  20.8953           552.334      10.173
  20.9953           539.964      10.106
  21.0953           572.905      10.340
  21.1953           563.473      10.286
  21.2953           563.743      10.275
  21.3953           537.695      10.060
  21.4953           527.247       9.953
  21.5953           525.700       9.924
  21.6953           499.161       9.726
  21.7953           511.021       9.752
  21.8953           513.429       9.846
  21.9953           521.467       9.888
  22.0953           520.061       9.905
  22.1953           510.892       9.849
  22.2953           518.653       9.892
  22.3953           516.379       9.908
  22.4953           491.577       9.667
  22.5953           499.922       9.772
  22.6953           471.801       9.665
  22.7953           498.114       9.903
  22.8953           486.707       9.634
  22.9953           488.328       9.579
  23.0953           477.791       9.505
  23.1953           478.104       9.501
  23.2953           491.005       9.587
  23.3953           481.495       9.511
  23.4953           471.646       9.446
  23.5953           475.496       9.378
  23.6953           475.355       9.434
  23.7953           457.158       9.244
  23.8953           460.888       9.279
  23.9953           475.543       9.397
  24.0953           476.714       9.450
  24.1953           463.778       9.317
  24.2953           487.412       9.499
  24.3953           469.019       9.360
  24.4953           470.162       9.345
  24.5953           460.399       9.317
  24.6953           481.159       9.438
  24.7953           501.221       9.639
  24.8953           507.261       9.766
  24.9953           526.435       9.887
  25.0953           532.496       9.966
  25.1953           546.195      10.108
  25.2953           552.727      10.180
  25.3953           509.353       9.763
  25.4953           483.270       9.527
  25.5953           471.280       9.416
  25.6953           447.087       9.157
  25.7953           456.964       9.351
  25.8953           468.482       9.569
  25.9953           468.264       9.586
  26.0953           436.012       9.091
  26.1953           444.458       9.139
  26.2953           460.218       9.275
  26.3953           466.610       9.391
  26.4953           479.219       9.447
  26.5953           474.628       9.394
  26.6953           486.165       9.557
  26.7953           501.031       9.666
  26.8953           520.863       9.863
  26.9953           473.879       9.366
  27.0953           495.653       9.638
  27.1953           500.911       9.645
  27.2953           521.390       9.859
  27.3953           518.198       9.835
  27.4953           552.704      10.140
  27.5953           620.767      10.743
  27.6953           683.929      11.324
  27.7953           796.467      12.163
  27.8953           879.590      12.829
  27.9953           909.002      12.947
  28.0953           818.417      12.396
  28.1953           702.355      11.462
  28.2953           604.680      10.587
  28.3953           481.577       9.514
  28.4953           460.083       9.257
  28.5953           459.745       9.277
  28.6953           470.476       9.413
  28.7953           470.594       9.421
  28.8953           507.971       9.798
  28.9953           533.338      10.020
  29.0953           574.184      10.586
  29.1953           569.229      10.518
  29.2953           585.229      10.604
  29.3953           548.542      10.179
  29.4953           499.681       9.712
  29.5953           479.107       9.473
  29.6953           455.842       9.228
  29.7953           459.497       9.300
  29.8953           454.833       9.255
  29.9953           453.045       9.189
  30.0953           450.647       9.193
  30.1953           437.854       9.057
  30.2953           442.675       9.108
  30.3953           426.919       8.908
  30.4953           431.755       9.014
  30.5953           458.751       9.276
  30.6953           453.272       9.205
  30.7953           470.513       9.362
  30.8953           487.914       9.550
  30.9953           507.999       9.780
  31.0953           497.764       9.621
  31.1953           517.474       9.837
  31.2953           530.692       9.994
  31.3953           486.521       9.532
  31.4953           464.547       9.328
  31.5953           446.529       9.147
  31.6953           429.184       9.008
  31.7953           447.305       9.152
  31.8953           433.045       9.041
  31.9953           422.451       8.900
  32.0953           432.473       9.045
  32.1953           428.525       9.048
  32.2953           410.054       8.976
  32.3953           423.385       9.072
  32.4953           423.218       8.956
  32.5953           439.774       9.082
  32.6953           419.463       8.873
  32.7953           426.062       8.907
  32.8953           432.089       9.010
  32.9953           423.052       8.852
  33.0953           411.049       8.794
  33.1953           411.346       8.724
  33.2953           427.921       8.944
  33.3953           432.746       8.942
  33.4953           424.471       8.888
  33.5953           415.985       8.770
  33.6953           432.989       8.953
  33.7953           440.743       9.090
  33.8953           402.624       8.609
  33.9953           420.580       8.826
  34.0953           436.238       9.005
  34.1953           437.583       9.019
  34.2953           440.901       9.066
  34.3953           440.400       8.956
  34.4953           441.917       9.130
  34.5953           433.144       8.918
  34.6953           428.273       8.963
  34.7953           445.486       9.107
  34.8953           422.566       8.863
  34.9953           446.652       9.106
  35.0953           451.439       9.207
  35.1953           451.201       9.181
  35.2953           448.560       9.187
  35.3953           447.420       9.249
  35.4953           457.640       9.432
  35.5953           448.441       9.345
  35.6953           437.944       9.134
  35.7953           449.670       9.165
  35.8953           448.164       9.175
  35.9953           446.403       9.110
  36.0953           489.254       9.566
  36.1953           482.281       9.467
  36.2953           515.496       9.843
  36.3953           516.560       9.790
  36.4953           508.104       9.750
  36.5953           533.599       9.917
  36.6953           508.200       9.737
  36.7953           496.328       9.573
  36.8953           458.364       9.236
  36.9953           452.865       9.179
  37.0953           441.865       9.050
  37.1953           447.775       9.084
  37.2953           433.951       9.002
  37.3953           446.169       9.088
  37.4953           444.725       9.063
  37.5953           432.813       8.982
  37.6953           423.374       8.863
  37.7953           441.499       9.071
  37.8953           420.283       8.815
  37.9953           422.826       8.875
  38.0953           421.486       8.866
  38.1953           432.490       8.991
  38.2953           437.430       9.010
  38.3953           438.252       9.073
  38.4953           442.920       9.069
  38.5953           448.457       9.245
  38.6953           433.444       9.189
  38.7953           447.349       9.346
  38.8953           440.184       9.133
  38.9953           460.470       9.328
  39.0953           495.380       9.641
  39.1953           531.740       9.945
  39.2953           587.111      10.477
  39.3953           651.522      11.005
  39.4953           628.488      10.846
  39.5953           605.363      10.589
  39.6953           546.788      10.091
  39.7953           487.129       9.499
  39.8953           445.653       9.114
  39.9953           440.140       9.014
  40.0953           428.603       8.920
  40.1953           429.850       8.971
  40.2953           448.094       9.099
  40.3953           435.490       8.978
  40.4953           437.188       9.034
  40.5953           441.678       9.061
  40.6953           451.434       9.148
  40.7953           433.698       8.991
  40.8953           441.257       9.075
  40.9953           446.220       9.105
  41.0953           449.161       9.115
  41.1953           436.502       9.057
  41.2953           435.611       9.009
  41.3953           469.129       9.353
  41.4953           446.030       9.164
  41.5953           450.111       9.174
  41.6953           449.432       9.172
  41.7953           463.828       9.427
  41.8953           451.390       9.542
  41.9953           476.249       9.356
  42.0953           495.193       9.864
  42.1953           533.195       9.989
  42.2953           653.054      11.149
  42.3953           778.037      12.057
  42.4953           898.611      13.011
  42.5953           921.498      13.048
  42.6953           901.601      13.061
  42.7953           813.452      12.317
  42.8953           690.943      11.315
  42.9953           588.217      10.521
  43.0953           537.355       9.982
  43.1953           511.292       9.739
  43.2953           506.473       9.747
  43.3953           533.876       9.938
  43.4953           595.648      10.541
  43.5953           626.665      10.798
  43.6953           632.233      10.814
  43.7953           595.640      10.530
  43.8953           536.630      10.012
  43.9953           491.095       9.529
  44.0953           460.386       9.249
  44.1953           463.099       9.335
  44.2953           478.888       9.421
  44.3953           522.959       9.910
  44.4953           568.155      10.294
  44.5953           654.448      11.004
  44.6953           735.622      11.790
  44.7953           789.732      12.176
  44.8953           716.858      11.608
  44.9953           637.496      11.014
  45.0953           529.260      10.186
  45.1953           470.311       9.555
  45.2953           465.898       9.369
  45.3953           456.698       9.238
  45.4953           445.724       9.096
  45.5953           452.053       9.187
  45.6953           457.210       9.205
  45.7953           470.259       9.327
  45.8953           506.497       9.712
  45.9953           595.874      10.480
  46.0953           717.748      11.496
  46.1953           872.237      12.696
  46.2953           928.950      13.110
  46.3953           869.117      12.642
  46.4953           704.414      11.408
  46.5953           576.197      10.311
  46.6953           481.734       9.422
  46.7953           474.986       9.375
  46.8953           478.240       9.384
  46.9953           445.162       9.034
  47.0953           488.143       9.504
  47.1953           499.394       9.600
  47.2953           516.051       9.768
  47.3953           584.335      10.378
  47.4953           627.731      10.781
  47.5953           648.896      10.920
  47.6953           612.377      10.671
  47.7953           535.709       9.951
  47.8953           493.593       9.578
  47.9953           465.699       9.329
  48.0953           512.507       9.734
  48.1953           604.340      10.730
  48.2953           808.477      12.520
  48.3953          1133.272      14.872
  48.4953          1796.741      18.367
  48.5953          2666.239      22.342
  48.6953          3337.947      24.916
  48.7953          3577.774      25.884
  48.8953          3210.153      24.362
  48.9953          2665.819      22.238
  49.0953          1966.395      19.188
  49.1953          1240.077      15.107
  49.2953           806.921      12.215
  49.3953           569.594      10.275
  49.4953           499.186       9.607
  49.5953           478.129       9.399
  49.6953           476.140       9.354
  49.7953           485.721       9.524
  49.8953           485.950       9.431
  49.9953           468.354       9.286
  50.0953           469.615       9.342
  50.1953           480.628       9.430
  50.2953           461.801       9.236
  50.3953           471.039       9.333
  50.4953           467.508       9.296
  50.5953           469.705       9.346
  50.6953           481.910       9.431
  50.7953           499.764       9.641
  50.8953           547.836      10.085
  50.9953           616.643      10.708
  51.0953           725.639      11.630
  51.1953           831.826      12.457
  51.2953           849.304      12.596
  51.3953           735.097      11.713
  51.4953           605.367      10.889
  51.5953           511.132       9.940
  51.6953           469.238       9.419
  51.7953           453.575       9.196
  51.8953           473.199       9.369
  51.9953           490.307       9.514
  52.0953           531.964       9.945
  52.1953           518.622       9.808
  52.2953           506.267       9.630
  52.3953           513.353       9.750
  52.4953           515.774       9.733
  52.5953           531.619       9.879
  52.6953           501.430       9.609
  52.7953           497.777       9.559
  52.8953           476.436       9.383
  52.9953           444.946       9.015
  53.0953           445.466       9.067
  53.1953           450.584       9.086
  53.2953           460.588       9.204
  53.3953           448.927       9.088
  53.4953           427.161       8.878
  53.5953           439.097       8.959
  53.6953           454.520       9.160
  53.7953           442.298       9.034
  53.8953           452.010       9.086
  53.9953           477.220       9.408
  54.0953           440.022       9.020
  54.1953           451.863       9.125
  54.2953           458.049       9.205
  54.3953           458.515       9.245
  54.4953           494.133       9.565
  54.5953           538.784      10.061
  54.6953           579.146      10.590
  54.7953           599.584      10.800
  54.8953           556.322      10.198
  54.9953           511.199       9.778
  55.0953           486.956       9.485
  55.1953           478.429       9.430
  55.2953           484.591       9.435
  55.3953           463.051       9.255
  55.4953           483.366       9.451
  55.5953           452.722       9.106
  55.6953           457.868       9.215
  55.7953           452.894       9.141
  55.8953           444.724       9.040
  55.9953           437.088       8.959
  56.0953           451.979       9.115
  56.1953           448.743       9.092
  56.2953           465.668       9.254
  56.3953           451.094       9.084
  56.4953           441.089       9.038
  56.5953           442.940       9.041
  56.6953           441.184       8.996
  56.7953           447.176       9.070
  56.8953           443.098       9.050
  56.9953           447.835       9.048
  57.0953           477.046       9.395
  57.1953           462.183       9.229
  57.2953           464.898       9.292
  57.3953           449.076       9.131
  57.4953           447.245       9.049
  57.5953           437.308       9.048
  57.6953           433.568       8.982
  57.7953           445.462       9.129
  57.8953           441.884       9.314
  57.9953           449.189       9.268
  58.0953           441.867       9.117
  58.1953           434.087       8.987
  58.2953           421.455       8.828
  58.3953           428.457       8.938
  58.4953           434.509       8.927
  58.5953           411.814       8.738
  58.6953           423.362       8.814
  58.7953           428.407       8.879
  58.8953           424.217       8.838
  58.9953           408.094       8.709
  59.0953           424.288       8.708
  59.1953           439.563       9.039
  59.2953           474.818       9.352
  59.3953           454.386       9.132
  59.4953           459.010       9.166
  59.5953           457.907       9.158
  59.6953           445.026       9.037
  59.7953           442.424       9.065
  59.8953           450.680       9.024
  59.9953           444.621       9.066
  60.0953           430.257       8.915
  60.1953           438.073       8.951
  60.2953           435.149       8.916
  60.3953           454.215       9.171
  60.4953           443.327       9.008
  60.5953           440.471       9.002
  60.6953           438.472       9.001
  60.7953           442.861       9.047
  60.8953           482.712       9.485
  60.9953           500.851       9.704
  61.0953           514.321       9.935
  61.1953           528.708      10.104
  61.2953           498.852       9.625
  61.3953           458.825       9.195
  61.4953           443.202       9.002
  61.5953           435.912       8.958
  61.6953           435.756       8.925
  61.7953           434.346       8.911
  61.8953           433.018       8.932
  61.9953           447.835       9.020
  62.0953           458.894       9.114
  62.1953           467.586       9.289
  62.2953           449.023       9.013
  62.3953           454.914       9.096
  62.4953           465.096       9.187
  62.5953           481.465       9.417
  62.6953           482.372       9.332
  62.7953           483.998       9.386
  62.8953           442.738       8.970
  62.9953           414.936       8.688
  63.0953           427.959       8.808
  63.1953           426.245       8.789
  63.2953           411.833       8.719
  63.3953           425.549       8.765
  63.4953           422.440       8.750
  63.5953           412.537       8.701
  63.6953           419.743       8.764
  63.7953           424.768       8.770
  63.8953           443.685       9.036
  63.9953           450.219       9.061
  64.0953           537.914       9.944
  64.1953           715.100      11.507
  64.2953          1101.823      14.294
  64.3953          1784.742      18.895
  64.4953          2188.362      19.907
  64.5953          2369.023      21.062
  64.6953           936.948      12.553
  64.7953          1141.750      13.942
  64.8953           728.353      12.691
  64.9953           607.965      12.250
  65.0953           552.856      10.282
  65.1953           572.827       9.434
  65.2953           682.976      11.071
  65.3953           710.457      11.346
  65.4953           656.954      10.960
  65.5953           553.544       9.992
  65.6953           479.038       9.389
  65.7953           454.004       9.100
  65.8953           446.148       9.004
  65.9953           437.400       8.938
  66.0953           436.383       8.954
  66.1953           437.908       8.933
  66.2953           441.183       8.972
  66.3953           430.728       8.861
  66.4953           433.047       8.964
  66.5953           433.523       8.858
  66.6953           436.971       8.955
  66.7953           436.713       8.978
  66.8953           423.496       8.840
  66.9953           431.462       8.876
  67.0953           436.899       8.990
  67.1953           430.215       8.892
  67.2953           434.273       8.991
  67.3953           444.544       9.101
  67.4953           497.846       9.803
  67.5953           559.526      10.347
  67.6953           664.121      11.090
  67.7953           676.648      11.157
  67.8953           612.966      10.598
  67.9953           525.180       9.807
  68.0953           469.408       9.224
  68.1953           411.767       8.652
  68.2953           416.497       8.732
  68.3953           419.792       8.704
  68.4953           429.494       8.826
  68.5953           432.947       8.852
  68.6953           425.172       8.778
  68.7953           441.965       8.936
  68.8953           477.777       9.264
  68.9953           543.329       9.955
  69.0953           686.372      11.066
  69.1953           833.882      12.287
  69.2953           842.928      12.368
  69.3953           699.760      11.286
  69.4953           561.381      10.015
  69.5953           491.565       9.444
  69.6953           458.853       9.112
  69.7953           444.497       8.969
  69.8953           437.152       8.870
  69.9953           422.804       8.778
  70.0953           415.708       8.712
  70.1953           453.835       9.062
  70.2953           486.911       9.441
  70.3953           531.469       9.856
  70.4953           540.038       9.906
  70.5953           508.121       9.709
  70.6953           482.634       9.591
  70.7953           503.309       9.757
  70.8953           518.614       9.775
  70.9953           525.315       9.797
  71.0953           497.358       9.558
  71.1953           461.148       9.132
  71.2953           421.962       8.764
  71.3953           437.341       8.905
  71.4953           434.649       8.876
  71.5953           444.667       8.973
  71.6953           429.631       8.801
  71.7953           420.135       8.708
  71.8953           418.717       8.719
  71.9953           414.570       8.650
  72.0953           426.166       8.799
  72.1953           437.350       8.879
  72.2953           424.721       8.754
  72.3953           424.534       8.743
  72.4953           449.216       9.002
  72.5953           488.381       9.448
  72.6953           590.546      10.271
  72.7953           693.453      11.150
  72.8953           731.562      11.476
  72.9953           610.939      10.416
  73.0953           588.148      10.293
  73.1953           478.503       9.145
  73.2953           427.123       8.566
  73.3953           404.868       7.381
  73.4953           420.860      16.610
  73.5953           443.434       8.590
  73.6953           517.685       9.005
  73.7953           608.534       9.662
  73.8953           628.092      14.470
  73.9953           555.756       9.740
  74.0953           493.787       9.506
  74.1953           437.789       8.910
  74.2953           419.905       8.737
  74.3953           393.726       8.476
  74.4953           420.183       8.709
  74.5953           406.241       8.641
  74.6953           415.869       8.700
  74.7953           419.020       8.737
  74.8953           444.313       8.945
  74.9953           438.143       8.951
  75.0953           422.842       8.777
  75.1953           407.226       8.581
  75.2953           398.292       8.505
  75.3953           412.677       8.679
  75.4953           410.939       8.618
  75.5953           413.664       8.656
  75.6953           427.776       8.821
  75.7953           431.390       8.846
  75.8953           442.366       8.963
  75.9953           481.634       9.367
  76.0953           505.568       9.568
  76.1953           551.999      10.048
  76.2953           622.396      10.586
  76.3953           702.894      11.350
  76.4953           807.015      12.109
  76.5953           885.160      12.683
  76.6953           835.352      12.385
  76.7953           670.308      11.083
  76.8953           554.114      10.090
  76.9953           597.190      10.532
  77.0953           817.624      12.511
  77.1953          1409.869      16.448
  77.2953          1906.429      18.861
  77.3953          2027.202      19.339
  77.4953          1525.491      16.741
  77.5953           984.636      13.517
  77.6953           979.980      13.328
  77.7953          1503.204      16.600
  77.8953          2227.658      20.238
  77.9953          2465.559      21.226
  78.0953          1832.114      18.258
  78.1953          1038.699      13.816
  78.2953           588.632      10.362
  78.3953           448.683       9.050
  78.4953           439.455       8.957
  78.5953           436.283       8.941
  78.6953           425.880       8.817
  78.7953           445.760       9.020
  78.8953           461.545       9.211
  78.9953           496.628       9.535
  79.0953           550.122      10.034
  79.1953           574.996      10.240
  79.2953           566.404      10.209
  79.3953           486.441       9.423
  79.4953           443.778       8.960
  79.5953           414.641       8.751
  79.6953           415.824       8.737
  79.7953           419.664       8.764
  79.8953           419.226       8.809
  79.9953           424.910       8.852
  80.0953           407.877       8.686
  80.1953           410.624       8.766
  80.2953           417.021       8.994
  80.3953           406.145       8.775
  80.4953           416.264       8.825
  80.5953           415.482       8.736
  80.6953           421.612       8.836
  80.7953           421.382       8.781
  80.8953           419.868       8.785
  80.9953           470.365       9.244
  81.0953           477.815       9.358
  81.1953           499.037       9.528
  81.2953           480.581       9.380
  81.3953           465.107       9.171
  81.4953           429.697       8.853
  81.5953           435.776       8.906
  81.6953           433.727       8.881
  81.7953           464.398       9.213
  81.8953           450.131       9.024
  81.9953           441.911       8.948
  82.0953           435.558       8.911
  82.1953           438.266       8.959
  82.2953           456.341       9.078
  82.3953           500.319       9.534
  82.4953           485.284       9.420
  82.5953           436.460       8.909
  82.6953           466.116       9.166
  82.7953           453.013       9.145
  82.8953           417.566       8.728
  82.9953           421.821       8.767
  83.0953           409.455       8.665
  83.1953           435.537       8.948
  83.2953           484.710       9.439
  83.3953           626.989      10.778
  83.4953           789.278      12.314
  83.5953           865.795      12.848
  83.6953           785.139      12.111
  83.7953           612.912      10.596
  83.8953           513.711       9.743
  83.9953           475.828       9.346
  84.0953           476.924       9.348
  84.1953           490.842       9.464
  84.2953           554.636      10.084
  84.3953           616.083      10.544
  84.4953           574.555      10.260
  84.5953           490.808       9.456
  84.6953           431.042       8.847
  84.7953           432.163       8.858
  84.8953           428.810       8.953
  84.9953           412.179       8.467
  85.0953           428.373       8.919
  85.1953           435.837       8.884
  85.2953           425.623       8.801
  85.3953           421.469       8.781
  85.4953           411.797       8.645
  85.5953           400.496       8.510
  85.6953           408.993       8.640
  85.7953           419.826       8.739
  85.8953           410.079       8.626
  85.9953           414.441       8.749
  86.0953           412.524       8.630
  86.1953           436.971       8.972
  86.2953           444.537       8.987
  86.3953           457.732       9.171
  86.4953           442.695       9.080
  86.5953           426.396       8.845
  86.6953           433.791       9.117
  86.7953           464.787       9.450
  86.8953           607.194      10.628
  86.9953          1004.293      13.579
  87.0953          1840.524      18.380
  87.1953          2730.587      22.364
  87.2953          3071.038      23.631
  87.3953          2551.489      21.603
  87.4953          1746.645      17.881
  87.5953          1035.246      13.692
  87.6953           601.038      10.442
  87.7953           472.058       9.283
  87.8953           429.032       8.831
  87.9953           434.000       8.850
  88.0953           409.072       8.634
  88.1953           412.225       8.667
  88.2953           434.755       8.860
  88.3953           406.435       8.580
  88.4953           405.725       8.599
  88.5953           415.507       8.689
  88.6953           434.013       8.868
  88.7953           415.474       8.713
  88.8953           415.410       8.664
  88.9953           410.372       8.665
  89.0953           408.066       8.589
  89.1953           399.504       8.568
  89.2953           395.940       8.470
  89.3953           414.068       8.697
  89.4953           409.727       8.676
  89.5953           403.407       8.554
  89.6953           415.938       8.765
  89.7953           397.682       8.559
  89.8953           437.606       9.135
  89.9953           515.259       9.924
  90.0953           643.302      10.927
  90.1953           757.406      11.809
  90.2953           762.648      11.829
  90.3953           643.522      10.824
  90.4953           521.976       9.690
  90.5953           427.296       8.826
  90.6953           406.045       8.579
  90.7953           391.177       8.428
  90.8953           407.691       8.585
  90.9953           400.341       8.518
  91.0953           382.749       8.356
  91.1953           388.889       8.358
  91.2953           409.590       8.635
  91.3953           397.385       8.461
  91.4953           393.462       8.462
  91.5953           430.991       8.833
  91.6953           515.323       9.670
  91.7953           692.009      11.235
  91.8953           907.553      12.737
  91.9953           918.302      12.954
  92.0953           714.715      11.358
  92.1953           513.039       9.666
  92.2953           452.714       9.049
  92.3953           438.515       8.955
  92.4953           470.197       9.264
  92.5953           453.559       9.080
  92.6953           432.314       8.873
  92.7953           397.599       8.561
  92.8953           407.338       8.626
  92.9953           409.893       8.741
  93.0953           427.864       9.050
  93.1953           429.255       9.062
  93.2953           452.988       9.243
  93.3953           454.990       9.168
  93.4953           420.096       8.804
  93.5953           408.826       8.677
  93.6953           407.393       8.662
  93.7953           395.335       8.520
  93.8953           375.920       8.321
  93.9953           395.621       8.530
  94.0953           373.822       8.244
  94.1953           391.061       8.469
  94.2953           388.159       8.440
  94.3953           396.131       8.492
  94.4953           410.800       8.674
  94.5953           426.277       8.835
  94.6953           506.606       9.633
  94.7953           582.102      10.303
  94.8953           639.739      10.834
  94.9953           655.217      10.998
  95.0953           556.548      10.032
  95.1953           483.875       9.477
  95.2953           537.939       9.909
  95.3953           707.423      11.385
  95.4953           935.712      13.091
  95.5953           972.929      13.378
  95.6953           779.791      11.981
  95.7953           671.202      11.111
  95.8953           663.037      10.973
  95.9953           682.512      11.369
  96.0953           649.374      10.865
  96.1953           636.637      10.941
  96.2953           599.775      10.738
  96.3953           527.075      10.029
  96.4953           480.842       9.513
  96.5953           517.369       9.774
  96.6953           708.512      11.460
  96.7953          1059.328      14.029
  96.8953          1344.510      15.687
  96.9953          1394.545      16.039
  97.0953          1037.528      13.839
  97.1953           722.835      11.461
  97.2953           643.368      10.884
  97.3953           696.420      11.314
  97.4953           653.081      10.950
  97.5953           667.074      11.040
  97.6953           674.845      11.123
  97.7953           643.157      10.853
  97.8953           558.408      10.100
  97.9953           450.601       9.067
  98.0953           413.963       8.712
  98.1953           441.447       9.013
  98.2953           472.920       9.257
  98.3953           525.640       9.843
  98.4953           567.060      10.228
  98.5953           634.374      10.727
  98.6953           607.395      10.540
  98.7953           540.746       9.992
  98.8953           508.571       9.682
  98.9953           533.851       9.886
  99.0953           561.307      10.192
  99.1953           540.720       9.952
  99.2953           469.664       9.365
  99.3953           444.325       9.093
  99.4953           452.370       9.356
  99.5953           433.417       9.097
  99.6953           406.642       8.721
  99.7953           388.098       8.421
  99.8953           392.042       8.479
  99.9953           377.041       8.313
 100.0953           384.733       8.376
 100.1953           392.517       8.453
 100.2953           431.170       8.881
 100.3953           461.178       9.134
 100.4953           491.342       9.456
 100.5953           511.202       9.635
 100.6953           446.868       9.010
 100.7953           417.584       8.692
 100.8953           392.801       8.446
 100.9953           401.136       8.521
 101.0953           391.836       8.433
 101.1953           404.055       8.547
 101.2953           412.602       8.658
 101.3953           385.038       8.359
 101.4953           369.516       8.185
 101.5953           403.084       8.582
 101.6953           384.306       8.347
 101.7953           384.042       8.337
 101.8953           374.827       8.277
 101.9953           374.206       8.249
 102.0953           385.304       8.384
 102.1953           373.685       8.237
 102.2953           377.310       8.317
 102.3953           384.628       8.389
 102.4953           390.583       8.422
 102.5953           396.154       8.584
 102.6953           420.029       8.943
 102.8953           670.574      11.217
 102.9953           858.064      12.572
 103.0953           902.478      12.894
 103.1953           725.830      11.568
 103.2953           545.112       9.976
 103.3953           432.472       8.910
 103.4953           419.633       8.759
 103.5953           412.834       8.648
 103.6953           415.802       8.706
 103.7953           418.970       8.746
 103.8953           399.196       8.526
 103.9953           421.645       8.765
 104.0953           412.472       8.663
 104.1953           391.651       8.470
 104.2953           404.884       8.570
 104.3953           410.053       8.645
 104.4953           390.723       8.432
 104.5953           397.356       8.514
 104.6953           404.064       8.568
 104.7953           377.598       8.305
 104.8953           392.715       8.466
 104.9953           377.367       8.316
 105.0953           395.456       8.456
 105.1953           366.367       8.225
 105.2953           373.837       8.255
 105.3953           384.409       8.405
 105.4953           408.483       8.658
 105.5953           400.859       8.574
 105.6953           427.790       8.828
 105.7953           460.878       9.275
 105.8953           574.896      10.597
 105.9953           588.375      10.370
 106.0953           659.623      11.220
 106.1953           630.217      10.742
 106.2953           644.262      10.924
 106.3953           714.933      11.403
 106.4953           739.085      11.629
 106.5953           678.018      11.118
 106.6953           567.935      10.194
 106.7953           518.712       9.688
 106.8953           560.357       9.937
 106.9953           634.557      11.162
 107.0953           673.819      10.861
 107.1953           639.739      10.749
 107.2953           546.834      10.009
 107.3953           438.635       8.896
 107.4953           405.527       8.586
 107.5953           392.189       8.431
 107.6953           374.875       8.255
 107.7953           417.905       8.731
 107.8953           518.439       9.699
 107.9953           640.676      10.820
 108.0953           676.962      11.080
 108.1953           598.561      10.469
 108.2953           485.843       9.397
 108.3953           407.973       8.641
 108.4953           366.116       8.156
 108.5953           372.204       8.255
 108.6953           390.223       8.463
 108.7953           431.795       8.898
 108.8953           484.429       9.384
 108.9953           574.952      10.392
 109.0953           680.966      11.381
 109.1953           780.955      12.202
 109.2953           763.689      11.965
 109.3953           757.980      11.790
 109.4953           656.531      10.999
 109.5953           561.787      10.211
 109.6953           462.347       9.161
 109.7953           439.762       8.993
 109.8953           417.197       8.712
 109.9953           404.212       8.591
 110.0953           408.656       8.613
 110.1953           473.124       9.277
 110.2953           547.466       9.980
 110.3953           615.327      10.568
 110.4953           610.830      10.511
 110.5953           551.775      10.072
 110.6953           435.468       8.871
 110.7953           396.883       8.496
 110.8953           388.432       8.397
 110.9953           423.836       8.794
 111.0953           512.311       9.632
 111.1953           604.106      10.477
 111.2953           641.988      10.807
 111.3953           578.651      10.281
 111.4953           474.366       9.266
 111.5953           422.595       8.816
 111.6953           376.238       8.256
 111.7953           377.374       8.349
 111.8953           392.199       8.415
 111.9953           392.249       8.545
 112.0953           374.016       8.251
 112.1953           375.155       8.380
 112.2953           347.969       8.145
 112.3953           341.743       8.062
 112.4953           340.500       7.934
 112.5953           340.752       7.874
 112.6953           397.915       8.532
 112.7953           479.263       9.321
 112.8953           633.753      10.714
 112.9953           775.379      11.831
 113.0953           766.783      11.830
 113.1953           628.504      10.653
 113.2953           490.649       9.397
 113.3953           370.555       8.210
 113.4953           357.227       8.034
 113.5953           349.617       7.969
 113.6953           356.187       7.995
 113.7953           351.650       7.965
 113.8953           353.788       7.993
 113.9953           376.597       8.226
 114.0953           410.259       8.583
 114.1953           469.505       9.290
 114.2953           489.873       9.359
 114.3953           470.721       9.226
 114.4953           417.292       8.690
 114.5953           385.398       8.331
 114.6953           347.728       7.969
 114.7953           345.951       7.842
 114.8953           359.512       8.146
 114.9953           343.786       7.875
 115.0953           339.710       7.875
 115.1953           336.694       7.824
 115.2953           343.448       7.946
 115.3953           359.710       8.123
 115.4953           366.552       8.372
 115.5953           441.514       9.121
 115.6953           546.863      10.062
 115.7953           649.367      10.865
 115.8953           654.438      10.926
 115.9953           588.271      10.373
 116.0953           514.323       9.651
 116.1953           442.655       8.974
 116.2953           420.200       8.739
 116.3953           400.012       8.509
 116.4953           394.833       8.511
 116.5953           395.967       8.379
 116.6953           405.470       8.592
 116.7953           391.480       8.402
 116.8953           395.295       8.460
 116.9953           359.071       8.067
 117.0953           323.397       7.627
 117.1953           352.018       7.992
 117.2953           345.725       7.900
 117.3953           346.822       7.923
 117.4953           354.154       8.006
 117.5953           354.140       7.995
 117.6953           352.739       7.990
 117.7953           339.040       7.838
 117.8953           339.230       7.809
 117.9953           335.525       7.882
 118.0953           343.506       7.773
 118.1953           338.589       7.911
 118.2953           353.757       8.007
 118.3953           342.472       7.909
 118.4953           370.959       8.215
 118.5953           377.080       8.351
 118.6953           403.082       8.705
 118.7953           444.544       9.241
 118.8953           470.301       9.259
 118.9953           480.023       9.391
 119.0953           452.451       9.033
 119.1953           440.168       8.961
 119.2953           452.679       9.054
 119.3953           559.805      10.064
 119.4953           684.449      11.122
 119.5953           822.538      12.214
 119.6953           795.100      11.926
 119.7953           733.149      11.535
 119.8953           607.594      10.465
 119.9953           482.603       9.310
 120.0953           400.901       8.467
 120.1953           349.586       8.088
 120.2953           341.426       7.570
 120.3953           328.119       7.810
 120.4953           327.592       7.675
 120.5953           322.284       7.654
 120.6953           314.524       7.468
 120.7953           318.554       7.595
 120.8953           309.344       7.446
 120.9953           311.874       7.503
 121.0953           308.185       7.435
 121.1953           310.676       7.500
 121.2953           306.876       7.456
 121.3953           301.556       7.373
 121.4953           310.144       7.489
 121.5953           309.361       7.566
 121.6953           321.708       7.526
 121.7953           330.711       7.937
 121.8953           347.061       8.030
 121.9953           394.806       8.653
 122.0953           422.020       8.830
 122.1953           457.711       9.118
 122.2953           462.238       9.208
 122.3953           477.946       9.321
 122.4953           492.436       9.502
 122.5953           498.966       9.517
 122.6953           460.832       9.187
 122.7953           412.382       8.638
 122.8953           374.216       8.219
 122.9953           351.255       8.020
 123.0953           328.440       7.714
 123.1953           327.595       7.685
 123.2953           361.172       8.104
 123.3953           371.014       8.192
 123.4953           378.701       8.272
 123.5953           384.151       8.335
 123.6953           378.476       8.307
 123.7953           359.692       8.073
 123.8953           336.331       7.796
 123.9953           333.495       7.768
 124.0953           316.613       7.584
 124.1953           319.090       7.610
 124.2953           341.566       7.876
 124.3953           368.584       8.193
 124.4953           389.498       8.441
 124.5953           374.974       8.244
 124.6953           374.081       8.299
 124.7953           345.302       7.858
 124.8953           345.190       7.970
 124.9953           317.487       7.671
 125.0953           307.600       7.591
 125.1953           321.500       7.809
 125.2953           322.335       7.732
 125.3953           316.297       7.662
 125.4953           327.113       7.680
 125.5953           339.162       7.843
 125.6953           388.809       8.393
 125.7953           414.209       8.624
 125.8953           474.811       9.262
 125.9953           487.935       9.370
 126.0953           486.815       9.322
 126.1953           446.823       8.971
 126.2953           397.288       8.459
 126.3953           344.954       7.844
 126.4953           328.482       7.719
 126.5953           312.064       7.468
 126.6953           311.852       7.478
 126.7953           321.082       7.581
 126.8953           323.627       7.624
 126.9953           337.869       7.815
 127.0953           365.437       8.069
 127.1953           397.512       8.433
 127.2953           432.937       8.823
 127.3953           447.022       9.013
 127.4953           452.893       8.988
 127.5953           421.775       8.723
 127.6953           375.483       8.211
 127.7953           347.134       7.939
 127.8953           314.955       7.527
 127.9953           316.036       7.594
 128.0953           313.500       7.498
 128.1953           318.205       7.675
 128.2953           297.985       7.487
 128.3953           321.904       7.796
 128.4953           307.585       7.527
 128.5953           302.577       7.424
 128.6953           299.378       7.372
 128.7953           298.028       7.364
 128.8953           324.147       7.642
 128.9953           330.858       7.753
 129.0953           344.545       7.919
 129.1953           368.249       8.125
 129.2953           414.335       8.634
 129.3953           459.404       9.132
 129.4953           468.418       9.172
 129.5953           492.199       9.415
 129.6953           453.496       9.045
 129.7953           434.435       8.873
 129.8953           388.023       8.347
 129.9953           343.573       7.878
 130.0953           326.306       7.647
 130.1953           328.103       7.699
 130.2953           324.319       7.644
 130.3953           327.928       7.680
 130.4953           313.909       7.532
 130.5953           316.215       7.555
 130.6953           327.878       7.683
 130.7953           316.344       7.575
 130.8953           318.860       7.598
 130.9953           334.266       7.774
 131.0953           338.787       7.841
 131.1953           368.707       8.198
 131.2953           372.909       8.208
 131.3953           397.671       8.570
 131.4953           407.508       8.752
 131.5953           402.698       8.756
 131.6953           385.855       8.424
 131.7953           382.073       8.332
 131.8953           357.587       8.034
 131.9953           333.384       7.800
 132.0953           337.791       7.793
 132.1953           328.984       7.739
 132.2953           327.236       7.694
 132.3953           321.456       7.587
 132.4953           303.385       7.404
 132.5953           285.806       7.152
 132.6953           317.384       7.587
 132.7953           315.127       7.503
 132.8953           307.001       7.426
 132.9953           308.704       7.450
 133.0953           307.102       7.422
 133.1953           313.641       7.384
 133.2953           322.083       7.846
 133.3953           312.452       7.387
 133.4953           333.192       7.726
 133.5953           330.984       7.712
 133.6953           352.910       7.961
 133.7953           343.748       7.874
 133.8953           350.059       7.891
 133.9953           362.924       8.111
 134.0953           349.219       7.935
 134.1953           353.105       7.954
 134.2953           363.398       8.118
 134.3953           357.220       8.046
 134.4953           352.669       7.982
 134.5953           345.777       7.979
 134.6953           332.728       7.951
 134.7953           316.011       7.680
 134.8953           312.549       7.589
 134.9953           318.228       7.566
 135.0953           311.766       7.487
 135.1953           301.588       7.384
 135.2953           307.836       7.444
 135.3953           283.198       7.131
 135.4953           307.114       7.446
 135.5953           293.672       7.236
 135.6953           304.320       7.396
 135.7953           296.160       7.265
 135.8953           296.599       7.311
 135.9953           317.396       7.538
 136.0953           322.387       7.597
 136.1953           339.675       7.817
 136.2953           377.018       8.196
 136.3953           465.408       9.134
 136.4953           553.871       9.975
 136.5953           668.331      10.967
 136.6953           760.449      11.632
 136.7953           824.890      12.168
 136.8953           807.335      12.044
 136.9953           768.266      11.690
 137.0953           716.685      11.352
 137.1953           592.292      10.340
 137.2953           506.885       9.540
 137.3953           421.136       8.687
 137.4953           390.027       8.378
 137.5953           412.528       8.628
 137.6953           443.854       8.960
 137.7953           488.155       9.428
 137.8953           523.018       9.920
 137.9953           547.621      10.141
 138.0953           553.173      10.076
 138.1953           548.648       9.910
 138.2953           520.848       9.726
 138.3953           475.042       9.226
 138.4953           438.721       8.871
 138.5953           403.822       8.506
 138.6953           373.629       8.171
 138.7953           367.999       8.086
 138.8953           334.689       7.711
 138.9953           335.776       7.748
 139.0953           319.875       7.542
 139.1953           313.973       7.442
 139.2953           288.624       7.200
 139.3953           300.620       7.280
 139.4953           286.544       7.161
 139.5953           296.753       7.216
 139.6953           288.436       7.184
 139.7953           302.981       7.361
 139.8953           297.255       7.250
 139.9953           289.506       7.175
 140.0953           318.445       7.525
 140.1953           334.220       7.739
 140.2953           387.651       8.282
 140.3953           426.264       8.752
 140.4953           443.412       8.900
 140.5953           468.228       9.155
 140.6953           487.529       9.374
 140.7953           487.774       9.351
 140.8953           451.578       9.014
 140.9953           464.545       9.237
 141.0953           447.323       9.144
 141.1953           443.898       9.116
 141.2953           464.354       9.181
 141.3953           474.244       9.197
 141.4953           513.734       9.611
 141.5953           528.878       9.703
 141.6953           545.240       9.884
 141.7953           535.556       9.797
 141.8953           511.721       9.532
 141.9953           471.600       9.120
 142.0953           480.804       9.257
 142.1953           432.418       8.785
 142.2953           420.200       8.644
 142.3953           456.312       8.956
 142.4953           464.800       9.114
 142.5953           517.322       9.590
 142.6953           542.672       9.801
 142.7953           573.789      10.070
 142.8953           606.162      10.377
 142.9953           602.131      10.343
 143.0953           594.638      10.237
 143.1953           553.118       9.920
 143.2953           552.783       9.903
 143.3953           515.850       9.571
 143.4953           497.290       9.379
 143.5953           486.206       9.294
 143.6953           489.671       9.389
 143.7953           466.956       9.224
 143.8953           507.462       9.186
 143.9953           480.365       9.433
 144.0953           485.645       9.288
 144.1953           456.532       9.134
 144.2953           426.685       8.876
 144.3953           424.337       8.928
 144.4953           392.675       8.473
 144.5953           381.828       8.279
 144.6953           340.851       7.805
 144.7953           327.281       7.659
 144.8953           310.835       7.439
 144.9953           310.494       7.441
 145.0953           295.338       7.244
 145.1953           292.387       7.229
 145.2953           286.778       7.110
 145.3953           287.817       7.160
 145.4953           280.690       7.064
 145.5953           274.272       6.441
 145.6953           335.387       9.396
 145.7953           272.217       6.438
 145.8953           294.229       7.215
 145.9953           319.160       7.510
 146.0953           302.701       7.329
 146.1953           307.647       7.397
 146.2953           338.224       7.749
 146.3953           333.233       7.631
 146.4953           349.694       7.925
 146.5953           367.344       8.064
 146.6953           344.797       7.816
 146.7953           370.179       8.144
 146.8953           376.124       8.182
 146.9953           386.128       8.304
 147.0953           383.449       8.275
 147.1953           400.941       8.464
 147.2953           388.285       8.333
 147.3953           391.509       8.424
 147.4953           383.925       8.482
 147.5953           379.039       8.390
 147.6953           363.275       8.150
 147.7953           376.945       8.202
 147.8953           337.312       7.802
 147.9953           327.598       7.623
 148.0953           323.825       7.628
 148.1953           309.362       7.395
 148.2953           289.431       7.218
 148.3953           292.790       7.206
 148.4953           294.016       7.328
 148.5953           290.177       6.958
 148.6953           283.077       7.225
 148.7953           275.500       7.188
 148.8953           275.120       6.616
 148.9953           289.483       7.181
 149.0953           295.776       7.385
 149.1953           294.487       7.070
 149.2953           302.475       7.258
 149.3953           293.555       7.192
 149.4953           321.852       7.457
 149.5953           313.255       7.319
 149.6953           317.012       7.633
 149.7953           339.958       7.748
 149.8953           334.160       7.442
 149.9953           339.068       8.147
 150.0953           329.723       7.161
 150.1953           337.132       8.527
 150.2953           304.893       6.993
 150.3953           316.027       7.559
 150.4953           292.134       7.223
 150.5953           287.979       7.206
 150.6953           307.152       6.851
 150.7953             0.000       0.000
 150.8953             0.000       0.000
