XYDATA  Co2SiO4 8mmV 1.87A HiRes FullBeam 500K CF ROC 
INTER        1       1       0     0.100000
TEMP       92.4800      91.9900      92.0010
! d20 23-Apr-08 09:22:09 User Sazono   L.C.Hansen  Run 594842*d20_2008_04_5880
! d20 23-Apr-08 09:22:09 User Sazono   L.C.Hansen  Run 594842*d20_2008_04_5880
! Monitor/counts, Counting time/sec:       100000.      62.5111
   0.0953          4070.790      27.920
   0.1953          4257.813      29.021
   0.2953          4286.745      29.383
   0.3953          4139.708      28.690
   0.4953          3849.308      27.463
   0.5953          3443.984      25.768
   0.6953          3107.256      24.408
   0.7953          2617.924      22.463
   0.8953          2286.080      20.922
   0.9953          1944.139      19.343
   1.0953          1613.220      17.565
   1.1953          1301.482      15.746
   1.2953          1050.263      14.171
   1.3953           763.379      12.070
   1.4953           582.481      10.537
   1.5953           425.147       8.979
   1.6953           373.720       8.463
   1.7953           332.041       7.972
   1.8953           305.972       7.623
   1.9953           318.635       7.783
   2.0953           297.634       7.543
   2.1953           286.323       7.393
   2.2953           295.165       7.483
   2.3953           267.840       7.141
   2.4953           276.994       7.292
   2.5953           268.055       7.101
   2.6953           279.058       7.341
   2.7953           268.748       7.149
   2.8953           242.709       6.821
   2.9953           253.138       6.959
   3.0953           242.155       6.819
   3.1953           238.765       6.767
   3.2953           232.612       6.671
   3.3953           228.654       6.673
   3.4953           234.435       6.851
   3.5953           234.462       6.849
   3.6953           254.533       7.051
   3.7953           247.866       6.915
   3.8953           265.236       7.135
   3.9953           289.779       7.462
   4.0953           321.023       7.811
   4.1953           330.506       7.997
   4.2953           380.237       8.500
   4.3953           433.483       9.078
   4.4953           483.264       9.581
   4.5953           490.004       9.700
   4.6953           576.763      10.437
   4.7953           621.281      10.868
   4.8953           670.439      11.295
   4.9953           683.179      11.434
   5.0953           694.417      11.474
   5.1953           690.667      11.440
   5.2953           687.428      11.468
   5.3953           707.856      11.601
   5.4953           690.222      11.431
   5.5953           685.956      11.433
   5.6953           684.090      11.430
   5.7953           669.702      11.317
   5.8953           692.487      11.434
   5.9953           699.008      11.596
   6.0953           676.876      11.380
   6.1953           691.186      11.531
   6.2953           687.869      11.471
   6.3953           691.583      11.498
   6.4953           674.223      11.419
   6.5953           658.389      11.255
   6.6953           672.121      11.587
   6.7953           645.836      11.367
   6.8953           663.003      11.369
   6.9953           651.136      11.146
   7.0953           631.896      10.992
   7.1953           629.394      11.003
   7.2953           647.080      11.076
   7.3953           623.093      10.940
   7.4953           636.161      11.009
   7.5953           627.687      10.910
   7.6953           613.965      10.796
   7.7953           622.244      10.876
   7.8953           621.746      10.858
   7.9953           613.172      10.736
   8.0953           607.483      10.773
   8.1953           607.395      10.724
   8.2953           594.490      10.604
   8.3953           592.820      10.598
   8.4953           601.683      10.690
   8.5953           591.278      10.569
   8.6953           576.005      10.432
   8.7953           584.251      10.505
   8.8953           574.692      10.433
   8.9953           586.963      10.544
   9.0953           599.915      10.648
   9.1953           580.815      10.520
   9.2953           568.864      10.410
   9.3953           590.450      10.550
   9.4953           569.928      10.442
   9.5953           557.840      10.299
   9.6953           561.180      10.350
   9.7953           548.681      10.330
   9.8953           568.717      10.649
   9.9953           567.432      10.623
  10.0953           556.938      10.365
  10.1953           546.457      10.195
  10.2953           578.303      10.504
  10.3953           567.491      10.377
  10.4953           549.302      10.200
  10.5953           543.218      10.124
  10.6953           547.225      10.199
  10.7953           558.299      10.222
  10.8953           544.965      10.118
  10.9953           544.063      10.106
  11.0953           531.662       9.914
  11.1953           555.139      10.188
  11.2953           545.565      10.701
  11.3953           530.363       9.783
  11.4953           527.176       9.899
  11.5953           523.000       9.878
  11.6953           542.000      10.124
  11.7953           521.661       9.897
  11.8953           521.864       9.914
  11.9953           512.261       9.817
  12.0953           509.158       9.817
  12.1953           499.857       9.701
  12.2953           520.561       9.877
  12.3953           518.685       9.949
  12.4953           521.317       9.934
  12.5953           518.930       9.897
  12.6953           531.019      10.028
  12.7953           529.674      10.080
  12.8953           533.317      10.000
  12.9953           504.245       9.838
  13.0953           507.737      10.179
  13.1953           531.156       9.949
  13.2953           533.813      10.323
  13.3953           515.576       9.898
  13.4953           529.298      10.059
  13.5953           529.604       9.987
  13.6953           525.601      10.017
  13.7953           514.436       9.831
  13.8953           525.128      10.012
  13.9953           520.387       9.854
  14.0953           513.598       9.908
  14.1953           506.782       9.660
  14.2953           503.387       9.805
  14.3953           522.855       9.893
  14.4953           509.935       9.796
  14.5953           505.635       9.824
  14.6953           520.940       9.871
  14.7953           508.481       9.762
  14.8953           521.432       9.895
  14.9953           514.437       9.877
  15.0953           510.565       9.958
  15.1953           500.603       9.404
  15.2953           501.769       9.904
  15.3953           509.539       9.792
  15.4953           494.347       9.632
  15.5953           524.305       9.958
  15.6953           513.299       9.882
  15.7953           513.259       9.816
  15.8953           524.430      10.026
  15.9953           493.625       9.668
  16.0953           497.284       9.762
  16.1953           506.320       9.847
  16.2953           496.351       9.907
  16.3953           519.730      10.183
  16.4953           500.915       9.831
  16.5953           503.076       9.763
  16.6953           485.835       9.644
  16.7953           482.849       9.579
  16.8953           504.688       9.802
  16.9953           495.254       9.676
  17.0953           478.805       9.536
  17.1953           498.827       9.719
  17.2953           503.927       9.740
  17.3953           494.097       9.679
  17.4953           498.627       9.714
  17.5953           490.563       9.571
  17.6953           520.557       9.941
  17.7953           502.594       9.747
  17.8953           505.359       9.733
  17.9953           487.673       9.573
  18.0953           488.229       9.612
  18.1953           496.796       9.676
  18.2953           505.548       9.766
  18.3953           506.876       9.757
  18.4953           506.552       9.803
  18.5953           503.078       9.709
  18.6953           503.659       9.740
  18.7953           503.402       9.772
  18.8953           504.233       9.771
  18.9953           501.232       9.711
  19.0953           493.735       9.689
  19.1953           495.191       9.700
  19.2953           492.229       9.685
  19.3953           487.893       9.641
  19.4953           482.733       9.817
  19.5953           470.001       9.604
  19.6953           481.650       9.587
  19.7953           497.576       9.734
  19.8953           490.728       9.644
  19.9953           479.576       9.523
  20.0953           483.334       9.551
  20.1953           482.161       9.379
  20.2953           475.396       9.834
  20.3953           485.989       9.498
  20.4953           487.969       9.349
  20.5953           505.150       9.884
  20.6953           509.702       9.750
  20.7953           520.699       9.886
  20.8953           533.460      10.000
  20.9953           539.074      10.100
  21.0953           538.616      10.028
  21.1953           554.898      10.210
  21.2953           528.387       9.950
  21.3953           520.611       9.901
  21.4953           528.051       9.963
  21.5953           491.439       9.597
  21.6953           488.767       9.626
  21.7953           493.187       9.582
  21.8953           504.969       9.767
  21.9953           518.139       9.859
  22.0953           496.133       9.676
  22.1953           510.365       9.846
  22.2953           491.321       9.630
  22.3953           496.444       9.717
  22.4953           500.172       9.753
  22.5953           479.310       9.571
  22.6953           489.454       9.846
  22.7953           484.744       9.771
  22.8953           486.166       9.631
  22.9953           471.438       9.414
  23.0953           466.655       9.395
  23.1953           479.267       9.515
  23.2953           467.435       9.356
  23.3953           460.844       9.307
  23.4953           467.884       9.411
  23.5953           467.013       9.296
  23.6953           453.648       9.218
  23.7953           468.964       9.364
  23.8953           451.375       9.185
  23.9953           459.219       9.236
  24.0953           458.184       9.266
  24.1953           466.612       9.347
  24.2953           466.884       9.299
  24.3953           463.437       9.306
  24.4953           469.447       9.340
  24.5953           473.817       9.454
  24.6953           467.296       9.303
  24.7953           490.875       9.541
  24.8953           504.293       9.739
  24.9953           515.153       9.783
  25.0953           528.072       9.927
  25.1953           533.714       9.994
  25.2953           529.148       9.963
  25.3953           503.779       9.711
  25.4953           485.181       9.548
  25.5953           454.925       9.253
  25.6953           472.067       9.411
  25.7953           456.214       9.346
  25.8953           460.088       9.485
  25.9953           460.817       9.512
  26.0953           464.291       9.384
  26.1953           455.382       9.253
  26.2953           461.363       9.289
  26.3953           462.662       9.353
  26.4953           473.472       9.393
  26.5953           480.985       9.458
  26.6953           479.994       9.498
  26.7953           512.457       9.777
  26.8953           505.213       9.716
  26.9953           482.247       9.450
  27.0953           493.066       9.615
  27.1953           509.504       9.730
  27.2953           511.553       9.767
  27.3953           526.841       9.919
  27.4953           558.728      10.198
  27.5953           618.817      10.728
  27.6953           688.743      11.366
  27.7953           806.124      12.239
  27.8953           886.919      12.885
  27.9953           909.785      12.956
  28.0953           839.832      12.560
  28.1953           694.252      11.398
  28.2953           591.598      10.474
  28.3953           488.193       9.582
  28.4953           456.564       9.224
  28.5953           455.458       9.236
  28.6953           460.511       9.315
  28.7953           479.114       9.508
  28.8953           499.880       9.722
  28.9953           536.031      10.048
  29.0953           580.305      10.645
  29.1953           585.632      10.671
  29.2953           575.305      10.516
  29.3953           544.822      10.147
  29.4953           496.508       9.683
  29.5953           478.388       9.468
  29.6953           453.432       9.206
  29.7953           446.141       9.166
  29.8953           451.458       9.223
  29.9953           446.723       9.126
  30.0953           455.920       9.249
  30.1953           455.118       9.236
  30.2953           449.067       9.176
  30.3953           454.459       9.193
  30.4953           436.472       9.066
  30.5953           459.898       9.289
  30.6953           458.716       9.262
  30.7953           485.082       9.508
  30.8953           490.942       9.582
  30.9953           493.909       9.646
  31.0953           510.273       9.743
  31.1953           536.801      10.022
  31.2953           512.853       9.826
  31.3953           494.593       9.613
  31.4953           477.320       9.458
  31.5953           455.547       9.241
  31.6953           432.596       9.046
  31.7953           437.389       9.052
  31.8953           441.744       9.134
  31.9953           432.778       9.010
  32.0953           437.971       9.105
  32.1953           419.350       8.953
  32.2953           425.383       9.144
  32.3953           420.659       9.045
  32.4953           438.776       9.121
  32.5953           424.020       8.919
  32.6953           414.206       8.819
  32.7953           418.242       8.827
  32.8953           437.174       9.065
  32.9953           419.908       8.821
  33.0953           413.495       8.822
  33.1953           413.015       8.744
  33.2953           419.696       8.860
  33.3953           420.553       8.817
  33.4953           424.292       8.888
  33.5953           421.171       8.826
  33.6953           407.988       8.692
  33.7953           423.494       8.912
  33.8953           438.740       8.990
  33.9953           428.928       8.915
  34.0953           433.646       8.980
  34.1953           423.828       8.878
  34.2953           442.035       9.080
  34.3953           432.032       8.873
  34.4953           439.098       9.103
  34.5953           437.568       8.966
  34.6953           441.423       9.102
  34.7953           443.826       9.092
  34.8953           455.135       9.201
  34.9953           431.620       8.953
  35.0953           452.021       9.215
  35.1953           458.138       9.254
  35.2953           457.238       9.277
  35.3953           454.322       9.322
  35.4953           467.772       9.538
  35.5953           455.466       9.420
  35.6953           436.999       9.126
  35.7953           439.030       9.058
  35.8953           457.956       9.277
  35.9953           476.939       9.419
  36.0953           483.674       9.513
  36.1953           521.190       9.844
  36.2953           503.881       9.733
  36.3953           525.894       9.880
  36.4953           539.416      10.048
  36.5953           542.512      10.002
  36.6953           528.597       9.933
  36.7953           482.879       9.445
  36.8953           455.406       9.208
  36.9953           437.615       9.025
  37.0953           422.959       8.856
  37.1953           433.224       8.937
  37.2953           437.326       9.039
  37.3953           446.743       9.096
  37.4953           407.588       8.678
  37.5953           449.987       9.161
  37.6953           429.880       8.933
  37.7953           448.788       9.148
  37.8953           435.280       8.973
  37.9953           436.815       9.022
  38.0953           440.531       9.066
  38.1953           428.571       8.952
  38.2953           456.204       9.204
  38.3953           452.741       9.224
  38.4953           444.608       9.089
  38.5953           433.973       9.097
  38.6953           432.081       9.177
  38.7953           426.641       9.129
  38.8953           456.885       9.307
  38.9953           472.027       9.446
  39.0953           511.756       9.802
  39.1953           549.851      10.115
  39.2953           598.045      10.577
  39.3953           649.586      10.991
  39.4953           652.000      11.049
  39.5953           619.357      10.714
  39.6953           555.984      10.178
  39.7953           481.975       9.450
  39.8953           473.466       9.396
  39.9953           447.547       9.092
  40.0953           462.984       9.273
  40.1953           469.959       9.382
  40.2953           455.880       9.180
  40.3953           460.141       9.231
  40.4953           454.016       9.208
  40.5953           445.973       9.107
  40.6953           445.702       9.092
  40.7953           447.513       9.135
  40.8953           455.843       9.226
  40.9953           448.097       9.126
  41.0953           439.183       9.016
  41.1953           465.287       9.353
  41.2953           452.779       9.187
  41.3953           457.773       9.241
  41.4953           458.670       9.295
  41.5953           453.310       9.209
  41.6953           460.691       9.288
  41.7953           462.697       9.417
  41.8953           479.656       9.838
  41.9953           482.169       9.416
  42.0953           524.133      10.151
  42.1953           543.552      10.088
  42.2953           640.208      11.041
  42.3953           785.683      12.119
  42.4953           883.751      12.906
  42.5953           931.716      13.123
  42.6953           891.219      12.989
  42.7953           812.143      12.309
  42.8953           694.966      11.350
  42.9953           598.842      10.618
  43.0953           540.384      10.012
  43.1953           502.055       9.653
  43.2953           499.382       9.681
  43.3953           537.451       9.973
  43.4953           603.947      10.617
  43.5953           657.674      11.065
  43.6953           639.740      10.881
  43.7953           591.440      10.495
  43.8953           553.885      10.174
  43.9953           487.987       9.501
  44.0953           462.269       9.270
  44.1953           479.507       9.501
  44.2953           482.259       9.456
  44.3953           498.391       9.676
  44.4953           583.534      10.435
  44.5953           648.266      10.955
  44.6953           761.106      11.995
  44.7953           788.777      12.171
  44.8953           732.796      11.739
  44.9953           629.216      10.945
  45.0953           534.209      10.235
  45.1953           481.793       9.673
  45.2953           458.002       9.291
  45.3953           458.028       9.254
  45.4953           456.517       9.208
  45.5953           436.748       9.033
  45.6953           474.298       9.378
  45.7953           468.992       9.317
  45.8953           539.715      10.027
  45.9953           597.989      10.501
  46.0953           715.679      11.482
  46.1953           859.875      12.608
  46.2953           927.892      13.105
  46.3953           858.471      12.568
  46.4953           688.466      11.280
  46.5953           565.196      10.214
  46.6953           495.233       9.556
  46.7953           457.424       9.202
  46.8953           450.075       9.106
  46.9953           455.090       9.137
  47.0953           470.772       9.335
  47.1953           491.125       9.522
  47.2953           529.054       9.893
  47.3953           573.348      10.283
  47.4953           625.052      10.761
  47.5953           629.881      10.761
  47.6953           604.840      10.608
  47.7953           538.543       9.980
  47.8953           506.465       9.704
  47.9953           500.513       9.674
  48.0953           507.004       9.684
  48.1953           597.751      10.674
  48.2953           803.995      12.488
  48.3953          1153.511      15.007
  48.4953          1850.346      18.643
  48.5953          2703.229      22.501
  48.6953          3397.153      25.142
  48.7953          3569.287      25.859
  48.8953          3210.135      24.368
  48.9953          2608.195      22.002
  49.0953          1894.414      18.838
  49.1953          1209.336      14.922
  49.2953           756.590      11.830
  49.3953           557.425      10.167
  49.4953           499.599       9.613
  49.5953           498.686       9.601
  49.6953           466.977       9.266
  49.7953           485.942       9.528
  49.8953           477.928       9.355
  49.9953           465.619       9.261
  50.0953           461.831       9.266
  50.1953           464.553       9.273
  50.2953           463.305       9.253
  50.3953           459.777       9.223
  50.4953           452.549       9.148
  50.5953           460.613       9.257
  50.6953           476.403       9.379
  50.7953           496.454       9.611
  50.8953           513.900       9.770
  50.9953           597.570      10.544
  51.0953           734.736      11.705
  51.1953           837.618      12.503
  51.2953           862.030      12.693
  51.3953           751.306      11.844
  51.4953           611.718      10.948
  51.5953           503.432       9.867
  51.6953           477.210       9.501
  51.7953           470.948       9.372
  51.8953           481.583       9.454
  51.9953           492.378       9.536
  52.0953           500.199       9.646
  52.1953           530.553       9.923
  52.2953           513.097       9.697
  52.3953           509.510       9.716
  52.4953           510.127       9.682
  52.5953           502.099       9.603
  52.6953           485.625       9.459
  52.7953           489.186       9.478
  52.8953           466.850       9.291
  52.9953           464.344       9.212
  53.0953           446.592       9.080
  53.1953           451.339       9.096
  53.2953           437.418       8.972
  53.3953           430.533       8.902
  53.4953           443.423       9.048
  53.5953           429.051       8.858
  53.6953           438.836       9.003
  53.7953           446.747       9.081
  53.8953           453.861       9.106
  53.9953           461.473       9.254
  54.0953           465.944       9.284
  54.1953           454.282       9.152
  54.2953           457.147       9.198
  54.3953           480.923       9.470
  54.4953           487.688       9.504
  54.5953           548.430      10.153
  54.6953           586.386      10.658
  54.7953           591.874      10.733
  54.8953           574.348      10.364
  54.9953           514.240       9.810
  55.0953           490.691       9.523
  55.1953           487.018       9.517
  55.2953           466.794       9.262
  55.3953           477.334       9.399
  55.4953           471.381       9.335
  55.5953           441.564       8.995
  55.6953           438.403       9.019
  55.7953           447.561       9.089
  55.8953           457.801       9.174
  55.9953           447.213       9.065
  56.0953           453.656       9.134
  56.1953           470.335       9.310
  56.2953           439.374       8.991
  56.3953           457.525       9.150
  56.4953           454.819       9.179
  56.5953           451.270       9.128
  56.6953           446.159       9.049
  56.7953           454.928       9.150
  56.8953           451.256       9.135
  56.9953           464.687       9.218
  57.0953           486.893       9.494
  57.1953           460.733       9.217
  57.2953           445.219       9.096
  57.3953           446.865       9.110
  57.4953           454.961       9.128
  57.5953           435.258       9.029
  57.6953           449.037       9.143
  57.7953           455.777       9.236
  57.8953           445.425       9.353
  57.9953           430.446       9.075
  58.0953           446.964       9.172
  58.1953           414.359       8.782
  58.2953           422.017       8.836
  58.3953           433.130       8.989
  58.4953           421.490       8.794
  58.5953           415.899       8.784
  58.6953           424.290       8.826
  58.7953           431.365       8.912
  58.8953           431.413       8.915
  58.9953           420.928       8.846
  59.0953           433.246       8.802
  59.1953           425.439       8.894
  59.2953           453.283       9.139
  59.3953           456.246       9.152
  59.4953           466.912       9.246
  59.5953           461.598       9.197
  59.6953           459.739       9.187
  59.7953           436.677       9.008
  59.8953           449.619       9.016
  59.9953           442.234       9.044
  60.0953           440.068       9.019
  60.1953           440.835       8.982
  60.2953           466.979       9.239
  60.3953           439.781       9.026
  60.4953           442.063       8.997
  60.5953           439.750       8.997
  60.6953           449.768       9.118
  60.7953           461.377       9.237
  60.8953           472.300       9.384
  60.9953           511.805       9.812
  61.0953           524.159      10.032
  61.1953           531.848      10.136
  61.2953           513.949       9.772
  61.3953           468.070       9.289
  61.4953           450.541       9.078
  61.5953           431.504       8.915
  61.6953           421.502       8.779
  61.7953           427.408       8.841
  61.8953           435.428       8.959
  61.9953           448.403       9.028
  62.0953           462.364       9.151
  62.1953           473.893       9.353
  62.2953           464.075       9.165
  62.3953           454.575       9.095
  62.4953           478.385       9.319
  62.5953           498.643       9.586
  62.6953           471.029       9.223
  62.7953           461.446       9.167
  62.8953           443.122       8.976
  62.9953           448.080       9.030
  63.0953           436.680       8.899
  63.1953           432.243       8.853
  63.2953           443.245       9.048
  63.3953           442.006       8.935
  63.4953           433.698       8.868
  63.5953           440.644       8.995
  63.6953           432.204       8.895
  63.7953           437.285       8.900
  63.8953           436.519       8.965
  63.9953           453.891       9.100
  64.0953           541.654       9.981
  64.1953           753.411      11.814
  64.2953          1145.557      14.578
  64.3953          1815.577      19.062
  64.4953          2253.858      20.207
  64.5953          2408.323      21.241
  64.6953           900.519      12.309
  64.7953          1113.649      13.773
  64.8953           724.701      12.662
  64.9953           583.784      12.007
  65.0953           560.189      10.353
  65.1953           587.081       9.553
  65.2953           683.108      11.074
  65.3953           716.220      11.394
  65.4953           648.470      10.891
  65.5953           541.702       9.887
  65.6953           469.494       9.297
  65.7953           453.298       9.095
  65.8953           441.440       8.959
  65.9953           430.104       8.865
  66.0953           434.191       8.934
  66.1953           441.937       8.976
  66.2953           439.923       8.961
  66.3953           432.383       8.880
  66.4953           462.771       9.268
  66.5953           435.532       8.881
  66.6953           429.271       8.878
  66.7953           448.366       9.099
  66.8953           447.329       9.088
  66.9953           443.720       9.003
  67.0953           439.690       9.020
  67.1953           439.791       8.992
  67.2953           445.463       9.108
  67.3953           462.276       9.283
  67.4953           491.504       9.743
  67.5953           552.504      10.285
  67.6953           640.515      10.894
  67.7953           668.671      11.094
  67.8953           609.394      10.570
  67.9953           515.706       9.720
  68.0953           451.483       9.048
  68.1953           428.331       8.826
  68.2953           435.560       8.932
  68.3953           441.118       8.925
  68.4953           424.062       8.772
  68.5953           431.876       8.843
  68.6953           411.580       8.639
  68.7953           438.188       8.900
  68.8953           478.713       9.275
  68.9953           556.901      10.081
  69.0953           717.216      11.315
  69.1953           868.683      12.544
  69.2953           850.031      12.423
  69.3953           688.602      11.199
  69.4953           535.173       9.781
  69.5953           492.697       9.457
  69.6953           454.353       9.069
  69.7953           446.693       8.993
  69.8953           428.345       8.782
  69.9953           430.840       8.863
  70.0953           412.608       8.681
  70.1953           431.946       8.843
  70.2953           498.491       9.555
  70.3953           530.430       9.848
  70.4953           542.466       9.931
  70.5953           527.476       9.894
  70.6953           492.202       9.688
  70.7953           508.650       9.811
  70.8953           550.379      10.072
  70.9953           518.605       9.737
  71.0953           488.945       9.478
  71.1953           472.942       9.250
  71.2953           425.616       8.804
  71.3953           450.425       9.039
  71.4953           420.878       8.736
  71.5953           431.642       8.842
  71.6953           434.338       8.851
  71.7953           427.190       8.782
  71.8953           423.451       8.771
  71.9953           430.836       8.820
  72.0953           424.542       8.784
  72.1953           411.206       8.612
  72.2953           406.675       8.568
  72.3953           413.375       8.629
  72.4953           455.379       9.066
  72.5953           520.616       9.757
  72.6953           628.892      10.601
  72.7953           714.580      11.321
  72.8953           732.616      11.486
  72.9953           610.328      10.414
  73.0953           583.007      10.250
  73.1953           485.892       9.217
  73.2953           427.661       8.574
  73.3953           428.214       7.592
  73.4953           432.218      16.837
  73.5953           462.953       8.779
  73.6953           539.710       9.197
  73.7953           593.921       9.547
  73.8953           580.991      13.920
  73.9953           559.084       9.771
  74.0953           472.032       9.297
  74.1953           445.975       8.995
  74.2953           423.189       8.773
  74.3953           412.350       8.676
  74.4953           418.930       8.698
  74.5953           406.978       8.651
  74.6953           428.081       8.829
  74.7953           429.239       8.845
  74.8953           425.047       8.751
  74.9953           434.682       8.918
  75.0953           428.870       8.841
  75.1953           416.099       8.676
  75.2953           422.651       8.763
  75.3953           436.979       8.933
  75.4953           432.107       8.839
  75.5953           411.677       8.637
  75.6953           428.699       8.832
  75.7953           445.931       8.996
  75.8953           464.014       9.182
  75.9953           484.041       9.392
  76.0953           500.180       9.519
  76.1953           552.068      10.051
  76.2953           647.183      10.797
  76.3953           699.913      11.329
  76.4953           840.106      12.357
  76.5953           897.564      12.774
  76.6953           786.118      12.018
  76.7953           645.491      10.878
  76.8953           551.976      10.073
  76.9953           605.641      10.609
  77.0953           848.264      12.746
  77.1953          1461.202      16.749
  77.2953          1966.293      19.159
  77.3953          2058.214      19.491
  77.4953          1498.243      16.595
  77.5953           983.599      13.513
  77.6953          1004.008      13.494
  77.7953          1593.949      17.098
  77.8953          2286.988      20.510
  77.9953          2441.633      21.128
  78.0953          1787.616      18.039
  78.1953           981.797      13.435
  78.2953           569.368      10.193
  78.3953           457.657       9.142
  78.4953           446.599       9.032
  78.5953           415.941       8.732
  78.6953           441.421       8.979
  78.7953           450.165       9.067
  78.8953           456.236       9.160
  78.9953           499.602       9.565
  79.0953           542.497       9.966
  79.1953           584.383      10.326
  79.2953           557.823      10.134
  79.3953           461.636       9.181
  79.4953           442.531       8.950
  79.5953           435.904       8.975
  79.6953           414.360       8.724
  79.7953           420.771       8.777
  79.8953           425.530       8.877
  79.9953           412.367       8.723
  80.0953           419.357       8.810
  80.1953           407.439       8.734
  80.2953           401.485       8.827
  80.3953           399.688       8.707
  80.4953           397.541       8.626
  80.5953           408.869       8.668
  80.6953           409.017       8.704
  80.7953           414.615       8.712
  80.8953           436.987       8.965
  80.9953           441.668       8.960
  81.0953           477.299       9.355
  81.1953           487.247       9.417
  81.2953           475.303       9.330
  81.3953           432.198       8.842
  81.4953           436.829       8.928
  81.5953           431.967       8.869
  81.6953           442.479       8.972
  81.7953           454.549       9.117
  81.8953           446.715       8.992
  81.9953           440.481       8.936
  82.0953           437.946       8.938
  82.1953           466.878       9.249
  82.2953           464.321       9.159
  82.3953           473.637       9.278
  82.4953           465.741       9.230
  82.5953           453.222       9.081
  82.6953           459.293       9.101
  82.7953           453.773       9.155
  82.8953           439.119       8.952
  82.9953           429.126       8.845
  83.0953           417.350       8.750
  83.1953           419.359       8.783
  83.2953           490.818       9.500
  83.3953           636.174      10.859
  83.4953           790.984      12.331
  83.5953           870.196      12.884
  83.6953           770.355      11.999
  83.7953           588.627      10.386
  83.8953           511.170       9.721
  83.9953           465.572       9.247
  84.0953           489.060       9.468
  84.1953           508.232       9.632
  84.2953           585.900      10.367
  84.3953           608.778      10.484
  84.4953           545.297       9.997
  84.5953           502.337       9.569
  84.6953           435.418       8.893
  84.7953           412.914       8.661
  84.8953           420.773       8.871
  84.9953           434.821       8.698
  85.0953           427.825       8.915
  85.1953           424.800       8.772
  85.2953           414.161       8.683
  85.3953           404.999       8.609
  85.4953           397.453       8.495
  85.5953           408.822       8.600
  85.6953           403.882       8.587
  85.7953           410.368       8.642
  85.8953           433.694       8.873
  85.9953           422.579       8.836
  86.0953           420.482       8.715
  86.1953           437.354       8.978
  86.2953           444.740       8.991
  86.3953           438.078       8.974
  86.4953           424.257       8.891
  86.5953           427.876       8.862
  86.6953           435.714       9.139
  86.7953           447.114       9.271
  86.8953           604.306      10.605
  86.9953          1040.024      13.822
  87.0953          1872.584      18.544
  87.1953          2789.007      22.607
  87.2953          3060.975      23.598
  87.3953          2481.830      21.311
  87.4953          1706.049      17.676
  87.5953          1021.041      13.601
  87.6953           591.508      10.361
  87.7953           448.157       9.047
  87.8953           442.692       8.973
  87.9953           413.066       8.636
  88.0953           406.158       8.605
  88.1953           412.595       8.673
  88.2953           411.643       8.623
  88.3953           402.088       8.536
  88.4953           400.984       8.551
  88.5953           411.877       8.652
  88.6953           426.049       8.789
  88.7953           415.846       8.719
  88.8953           413.790       8.649
  88.9953           400.854       8.566
  89.0953           404.451       8.553
  89.1953           409.066       8.672
  89.2953           414.258       8.666
  89.3953           398.169       8.530
  89.4953           410.833       8.690
  89.5953           403.409       8.556
  89.6953           418.531       8.794
  89.7953           429.389       8.896
  89.8953           426.927       9.025
  89.9953           508.798       9.863
  90.0953           644.895      10.943
  90.1953           759.778      11.830
  90.2953           770.339      11.891
  90.3953           660.758      10.970
  90.4953           502.412       9.508
  90.5953           426.944       8.824
  90.6953           393.348       8.446
  90.7953           383.357       8.346
  90.8953           380.915       8.300
  90.9953           390.909       8.419
  91.0953           390.958       8.447
  91.1953           400.213       8.481
  91.2953           414.331       8.687
  91.3953           414.695       8.645
  91.4953           389.270       8.419
  91.5953           450.029       9.028
  91.6953           523.185       9.746
  91.7953           729.378      11.537
  91.8953           902.063      12.701
  91.9953           902.994      12.849
  92.0953           711.428      11.334
  92.1953           496.504       9.511
  92.2953           444.955       8.973
  92.3953           444.022       9.013
  92.4953           455.979       9.125
  92.5953           461.589       9.162
  92.6953           433.422       8.886
  92.7953           416.784       8.767
  92.8953           401.308       8.564
  92.9953           393.661       8.568
  93.0953           419.053       8.959
  93.1953           454.533       9.327
  93.2953           451.873       9.233
  93.3953           438.927       9.007
  93.4953           430.259       8.912
  93.5953           409.197       8.683
  93.6953           389.513       8.472
  93.7953           384.855       8.408
  93.8953           399.321       8.578
  93.9953           382.731       8.392
  94.0953           401.473       8.546
  94.1953           384.262       8.397
  94.2953           394.949       8.516
  94.3953           404.875       8.587
  94.4953           415.387       8.724
  94.5953           474.488       9.323
  94.6953           513.436       9.700
  94.7953           566.124      10.163
  94.8953           659.676      11.004
  94.9953           659.395      11.036
  95.0953           566.393      10.122
  95.1953           487.440       9.514
  95.2953           550.058      10.023
  95.3953           753.400      11.752
  95.4953           944.568      13.156
  95.5953           941.711      13.165
  95.6953           769.462      11.904
  95.7953           668.011      11.087
  95.8953           669.700      11.031
  95.9953           701.205      11.526
  96.0953           669.864      11.038
  96.1953           669.102      11.219
  96.2953           576.962      10.534
  96.3953           530.753      10.066
  96.4953           482.380       9.530
  96.5953           530.356       9.898
  96.6953           730.354      11.638
  96.7953          1072.266      14.117
  96.8953          1399.879      16.010
  96.9953          1358.819      15.836
  97.0953           968.185      13.371
  97.1953           686.796      11.174
  97.2953           662.457      11.047
  97.3953           681.471      11.194
  97.4953           663.117      11.037
  97.5953           669.572      11.063
  97.6953           678.272      11.154
  97.7953           668.191      11.065
  97.8953           519.724       9.746
  97.9953           445.694       9.019
  98.0953           437.272       8.956
  98.1953           433.545       8.934
  98.2953           456.089       9.093
  98.3953           538.976       9.969
  98.4953           578.949      10.337
  98.5953           644.647      10.816
  98.6953           580.400      10.305
  98.7953           528.797       9.883
  98.8953           529.280       9.880
  98.9953           541.057       9.955
  99.0953           557.859      10.163
  99.1953           535.283       9.904
  99.2953           483.522       9.505
  99.3953           460.357       9.257
  99.4953           442.312       9.253
  99.5953           429.219       9.055
  99.6953           414.129       8.803
  99.7953           410.953       8.668
  99.8953           382.860       8.381
  99.9953           399.779       8.562
 100.0953           398.961       8.531
 100.1953           409.642       8.638
 100.2953           404.635       8.605
 100.3953           481.307       9.334
 100.4953           507.594       9.613
 100.5953           517.069       9.692
 100.6953           447.799       9.021
 100.7953           430.269       8.825
 100.8953           414.065       8.674
 100.9953           390.267       8.407
 101.0953           414.539       8.676
 101.1953           400.077       8.507
 101.2953           386.785       8.385
 101.3953           383.760       8.347
 101.4953           380.029       8.303
 101.5953           365.044       8.169
 101.6953           376.679       8.265
 101.7953           380.775       8.303
 101.8953           364.388       8.162
 101.9953           392.758       8.453
 102.0953           379.818       8.326
 102.1953           388.031       8.396
 102.2953           393.998       8.501
 102.3953           391.030       8.461
 102.4953           377.675       8.283
 102.5953           386.282       8.478
 102.6953           401.734       8.748
 102.8953           655.295      11.091
 102.9953           874.492      12.695
 103.0953           910.262      12.952
 103.1953           732.433      11.623
 103.2953           537.322       9.906
 103.3953           442.590       9.016
 103.4953           411.223       8.673
 103.5953           429.884       8.827
 103.6953           397.016       8.509
 103.7953           415.872       8.715
 103.8953           420.340       8.751
 103.9953           433.510       8.890
 104.0953           402.280       8.557
 104.1953           400.814       8.571
 104.2953           388.546       8.397
 104.3953           393.823       8.474
 104.4953           396.183       8.493
 104.5953           393.337       8.473
 104.6953           393.519       8.457
 104.7953           396.238       8.510
 104.8953           377.916       8.306
 104.9953           382.859       8.379
 105.0953           373.013       8.214
 105.1953           371.709       8.287
 105.2953           384.042       8.369
 105.3953           407.574       8.656
 105.4953           410.689       8.683
 105.5953           412.604       8.700
 105.6953           442.938       8.985
 105.7953           468.935       9.358
 105.8953           557.172      10.435
 105.9953           604.557      10.514
 106.0953           677.114      11.371
 106.1953           640.582      10.832
 106.2953           646.224      10.944
 106.3953           717.988      11.430
 106.4953           751.324      11.728
 106.5953           654.609      10.927
 106.6953           547.502      10.011
 106.7953           507.360       9.583
 106.8953           554.617       9.888
 106.9953           660.978      11.394
 107.0953           674.301      10.867
 107.1953           612.195      10.518
 107.2953           544.333       9.988
 107.3953           455.630       9.069
 107.4953           379.513       8.307
 107.5953           377.130       8.269
 107.6953           393.971       8.465
 107.7953           425.398       8.811
 107.8953           520.491       9.721
 107.9953           636.030      10.783
 108.0953           683.803      11.138
 108.1953           591.321      10.408
 108.2953           468.783       9.233
 108.3953           394.053       8.494
 108.4953           390.653       8.427
 108.5953           376.589       8.305
 108.6953           393.524       8.501
 108.7953           432.726       8.909
 108.8953           496.293       9.500
 108.9953           608.862      10.697
 109.0953           698.217      11.527
 109.1953           777.685      12.180
 109.2953           783.921      12.125
 109.3953           728.594      11.562
 109.4953           663.284      11.058
 109.5953           542.726      10.038
 109.6953           457.652       9.117
 109.7953           430.022       8.895
 109.8953           407.371       8.611
 109.9953           410.061       8.654
 110.0953           409.206       8.621
 110.1953           461.870       9.168
 110.2953           556.273      10.063
 110.3953           647.759      10.846
 110.4953           622.693      10.615
 110.5953           522.401       9.803
 110.6953           427.709       8.793
 110.7953           376.673       8.279
 110.8953           369.532       8.192
 110.9953           433.890       8.899
 111.0953           524.688       9.750
 111.1953           592.380      10.377
 111.2953           633.542      10.738
 111.3953           556.248      10.082
 111.4953           482.915       9.351
 111.5953           392.233       8.495
 111.6953           384.024       8.342
 111.7953           394.001       8.533
 111.8953           406.114       8.565
 111.9953           386.837       8.488
 112.0953           376.919       8.284
 112.1953           359.961       8.211
 112.2953           358.243       8.267
 112.3953           339.043       8.032
 112.4953           339.730       7.926
 112.5953           365.673       8.158
 112.6953           406.886       8.630
 112.7953           499.255       9.515
 112.8953           666.306      10.988
 112.9953           749.718      11.636
 113.0953           784.302      11.967
 113.1953           637.825      10.734
 113.2953           467.094       9.171
 113.3953           386.566       8.388
 113.4953           365.347       8.127
 113.5953           341.232       7.874
 113.6953           345.393       7.874
 113.7953           354.158       7.996
 113.8953           355.395       8.013
 113.9953           367.237       8.125
 114.0953           432.549       8.815
 114.1953           472.663       9.324
 114.2953           477.034       9.237
 114.3953           450.845       9.031
 114.4953           409.513       8.610
 114.5953           379.986       8.274
 114.6953           352.639       8.027
 114.7953           348.955       7.878
 114.8953           372.423       8.292
 114.9953           353.873       7.991
 115.0953           351.011       8.007
 115.1953           353.043       8.013
 115.2953           351.518       8.041
 115.3953           351.428       8.031
 115.4953           378.968       8.515
 115.5953           444.921       9.159
 115.6953           537.663       9.979
 115.7953           616.006      10.585
 115.8953           634.840      10.763
 115.9953           600.621      10.484
 116.0953           492.627       9.447
 116.1953           453.600       9.087
 116.2953           411.841       8.654
 116.3953           396.028       8.468
 116.4953           394.646       8.511
 116.5953           406.974       8.497
 116.6953           421.874       8.766
 116.7953           415.302       8.656
 116.8953           373.363       8.224
 116.9953           360.142       8.081
 117.0953           337.948       7.798
 117.1953           328.748       7.725
 117.2953           345.340       7.898
 117.3953           352.234       7.987
 117.4953           364.821       8.127
 117.5953           354.301       7.999
 117.6953           335.871       7.798
 117.7953           324.139       7.666
 117.8953           335.066       7.763
 117.9953           346.613       8.013
 118.0953           331.867       7.642
 118.1953           332.823       7.845
 118.2953           347.387       7.936
 118.3953           347.198       7.965
 118.4953           370.217       8.209
 118.5953           388.728       8.481
 118.6953           433.374       9.029
 118.7953           460.706       9.410
 118.8953           473.799       9.296
 118.9953           479.322       9.386
 119.0953           459.695       9.107
 119.1953           451.505       9.077
 119.2953           501.454       9.531
 119.3953           595.369      10.381
 119.4953           673.004      11.031
 119.5953           834.892      12.308
 119.6953           794.030      11.920
 119.7953           723.314      11.460
 119.8953           583.700      10.259
 119.9953           464.308       9.134
 120.0953           383.723       8.285
 120.1953           354.241       8.144
 120.2953           333.013       7.478
 120.3953           312.637       7.625
 120.4953           320.002       7.587
 120.5953           304.235       7.438
 120.6953           320.169       7.536
 120.7953           313.986       7.542
 120.8953           311.817       7.477
 120.9953           321.772       7.622
 121.0953           319.099       7.568
 121.1953           315.348       7.558
 121.2953           305.565       7.442
 121.3953           299.889       7.354
 121.4953           305.579       7.435
 121.5953           307.835       7.549
 121.6953           323.970       7.555
 121.7953           329.526       7.925
 121.8953           357.447       8.151
 121.9953           400.870       8.721
 122.0953           434.418       8.961
 122.1953           454.466       9.087
 122.2953           464.468       9.232
 122.3953           489.081       9.432
 122.4953           495.046       9.529
 122.5953           489.747       9.430
 122.6953           472.408       9.304
 122.7953           417.640       8.695
 122.8953           376.916       8.251
 122.9953           347.198       7.976
 123.0953           334.755       7.789
 123.1953           349.041       7.935
 123.2953           370.620       8.212
 123.3953           387.841       8.378
 123.4953           377.065       8.256
 123.5953           383.240       8.327
 123.6953           360.583       8.110
 123.7953           358.949       8.067
 123.8953           351.680       7.974
 123.9953           316.983       7.575
 124.0953           329.667       7.740
 124.1953           349.215       7.963
 124.2953           345.175       7.919
 124.3953           363.284       8.135
 124.4953           369.533       8.224
 124.5953           380.950       8.311
 124.6953           379.043       8.355
 124.7953           360.853       8.035
 124.8953           330.428       7.799
 124.9953           323.197       7.741
 125.0953           308.303       7.601
 125.1953           324.875       7.852
 125.2953           317.284       7.673
 125.3953           325.360       7.773
 125.4953           317.154       7.564
 125.5953           359.650       8.078
 125.6953           384.271       8.346
 125.7953           426.977       8.758
 125.8953           463.455       9.153
 125.9953           495.360       9.443
 126.0953           487.573       9.332
 126.1953           429.722       8.799
 126.2953           389.898       8.382
 126.3953           348.146       7.882
 126.4953           325.364       7.684
 126.5953           313.280       7.485
 126.6953           308.584       7.441
 126.7953           321.407       7.586
 126.8953           336.179       7.772
 126.9953           328.614       7.709
 127.0953           395.922       8.401
 127.1953           417.747       8.647
 127.2953           453.648       9.033
 127.3953           460.138       9.146
 127.4953           438.103       8.842
 127.5953           401.203       8.509
 127.6953           365.409       8.102
 127.7953           351.472       7.990
 127.8953           334.365       7.757
 127.9953           313.988       7.571
 128.0953           314.719       7.515
 128.1953           313.903       7.624
 128.2953           300.004       7.514
 128.3953           312.033       7.677
 128.4953           300.534       7.442
 128.5953           302.897       7.430
 128.6953           301.695       7.403
 128.7953           313.282       7.552
 128.8953           315.457       7.541
 128.9953           318.278       7.606
 129.0953           354.540       8.035
 129.1953           380.082       8.257
 129.2953           433.431       8.833
 129.3953           464.881       9.188
 129.4953           498.831       9.468
 129.5953           486.476       9.362
 129.6953           470.493       9.215
 129.7953           427.558       8.805
 129.8953           388.199       8.351
 129.9953           347.346       7.923
 130.0953           336.499       7.767
 130.1953           335.125       7.783
 130.2953           313.826       7.521
 130.3953           316.193       7.543
 130.4953           317.670       7.579
 130.5953           309.313       7.473
 130.6953           334.877       7.767
 130.7953           313.764       7.546
 130.8953           330.243       7.735
 130.9953           321.027       7.620
 131.0953           327.862       7.715
 131.1953           357.017       8.068
 131.2953           382.664       8.317
 131.3953           389.902       8.488
 131.4953           389.633       8.560
 131.5953           403.263       8.765
 131.6953           373.881       8.294
 131.7953           364.062       8.135
 131.8953           365.158       8.121
 131.9953           330.979       7.773
 132.0953           339.745       7.817
 132.1953           314.008       7.563
 132.2953           329.557       7.723
 132.3953           324.291       7.622
 132.4953           308.588       7.469
 132.5953           305.823       7.400
 132.6953           322.612       7.651
 132.7953           308.117       7.421
 132.8953           314.514       7.518
 132.9953           303.445       7.388
 133.0953           324.840       7.635
 133.1953           322.834       7.494
 133.2953           338.495       8.046
 133.3953           329.727       7.590
 133.4953           341.413       7.822
 133.5953           336.711       7.780
 133.6953           334.554       7.753
 133.7953           342.640       7.863
 133.8953           342.562       7.808
 133.9953           356.194       8.037
 134.0953           369.049       8.159
 134.1953           357.748       8.008
 134.2953           357.755       8.056
 134.3953           362.825       8.111
 134.4953           342.522       7.868
 134.5953           340.774       7.923
 134.6953           344.673       8.095
 134.7953           342.874       8.002
 134.8953           308.263       7.539
 134.9953           308.109       7.446
 135.0953           304.888       7.406
 135.1953           291.408       7.260
 135.2953           288.874       7.213
 135.3953           303.821       7.388
 135.4953           296.048       7.313
 135.5953           289.343       7.184
 135.6953           305.178       7.408
 135.7953           312.706       7.467
 135.8953           294.569       7.287
 135.9953           305.534       7.397
 136.0953           328.805       7.674
 136.1953           341.271       7.838
 136.2953           404.475       8.491
 136.3953           498.456       9.455
 136.4953           584.328      10.248
 136.5953           677.099      11.041
 136.6953           757.591      11.613
 136.7953           840.891      12.288
 136.8953           836.652      12.264
 136.9953           769.684      11.704
 137.0953           684.445      11.096
 137.1953           602.317      10.430
 137.2953           488.607       9.369
 137.3953           407.516       8.548
 137.4953           399.752       8.484
 137.5953           415.786       8.664
 137.6953           467.408       9.197
 137.7953           498.582       9.530
 137.8953           534.365      10.029
 137.9953           530.015       9.979
 138.0953           576.201      10.286
 138.1953           540.657       9.840
 138.2953           515.633       9.679
 138.3953           470.596       9.185
 138.4953           423.123       8.714
 138.5953           391.454       8.376
 138.6953           386.319       8.310
 138.7953           346.646       7.850
 138.8953           332.885       7.692
 138.9953           324.653       7.620
 139.0953           302.222       7.332
 139.1953           306.877       7.359
 139.2953           285.159       7.158
 139.3953           299.168       7.264
 139.4953           289.541       7.200
 139.5953           291.267       7.151
 139.6953           300.210       7.331
 139.7953           287.184       7.168
 139.8953           296.506       7.243
 139.9953           306.194       7.381
 140.0953           323.929       7.591
 140.1953           354.822       7.976
 140.2953           396.505       8.378
 140.3953           415.846       8.647
 140.4953           432.171       8.789
 140.5953           464.321       9.118
 140.6953           477.109       9.275
 140.7953           484.587       9.322
 140.8953           456.105       9.061
 140.9953           452.807       9.122
 141.0953           442.663       9.099
 141.1953           456.467       9.247
 141.2953           472.015       9.259
 141.3953           486.419       9.316
 141.4953           519.547       9.668
 141.5953           515.579       9.582
 141.6953           539.571       9.835
 141.7953           511.763       9.579
 141.8953           512.132       9.538
 141.9953           472.345       9.129
 142.0953           454.805       9.005
 142.1953           441.188       8.875
 142.2953           406.509       8.504
 142.3953           466.195       9.054
 142.4953           471.092       9.177
 142.5953           516.668       9.586
 142.6953           568.249      10.031
 142.7953           578.117      10.110
 142.8953           597.726      10.307
 142.9953           610.051      10.413
 143.0953           583.621      10.144
 143.1953           566.545      10.042
 143.2953           539.542       9.786
 143.3953           519.106       9.603
 143.4953           483.353       9.249
 143.5953           488.738       9.320
 143.6953           480.705       9.305
 143.7953           498.350       9.531
 143.8953           506.529       9.179
 143.9953           491.708       9.546
 144.0953           470.400       9.143
 144.1953           471.007       9.280
 144.2953           438.891       9.004
 144.3953           417.198       8.855
 144.4953           393.586       8.484
 144.5953           350.558       7.935
 144.6953           352.099       7.935
 144.7953           324.560       7.629
 144.8953           315.967       7.502
 144.9953           293.318       7.234
 145.0953           299.920       7.302
 145.1953           290.015       7.201
 145.2953           293.260       7.191
 145.3953           282.777       7.098
 145.4953           279.394       7.049
 145.5953           270.763       6.402
 145.6953           326.842       9.278
 145.7953           293.067       6.681
 145.8953           303.396       7.328
 145.9953           320.013       7.522
 146.0953           309.588       7.413
 146.1953           314.552       7.481
 146.2953           330.736       7.665
 146.3953           365.394       7.993
 146.4953           346.977       7.896
 146.5953           357.766       7.960
 146.6953           353.999       7.922
 146.7953           385.592       8.314
 146.8953           377.008       8.194
 146.9953           381.656       8.258
 147.0953           387.199       8.318
 147.1953           399.872       8.454
 147.2953           384.702       8.297
 147.3953           401.121       8.529
 147.4953           392.539       8.578
 147.5953           390.736       8.520
 147.6953           376.800       8.302
 147.7953           353.536       7.945
 147.8953           339.633       7.831
 147.9953           322.954       7.570
 148.0953           309.402       7.458
 148.1953           298.885       7.270
 148.2953           306.681       7.432
 148.3953           271.087       6.935
 148.4953           288.300       7.258
 148.5953           275.109       6.777
 148.6953           270.467       7.064
 148.7953           289.520       7.370
 148.8953           275.724       6.625
 148.9953           285.513       7.133
 149.0953           295.541       7.384
 149.1953           292.073       7.043
 149.2953           306.099       7.303
 149.3953           303.920       7.320
 149.4953           331.855       7.574
 149.5953           329.658       7.510
 149.6953           325.066       7.731
 149.7953           333.395       7.675
 149.8953           332.321       7.424
 149.9953           317.862       7.890
 150.0953           330.184       7.168
 150.1953           301.225       8.062
 150.2953           314.183       7.100
 150.3953           307.121       7.453
 150.4953           301.205       7.336
 150.5953           292.803       7.268
 150.6953           278.383       6.524
 150.7953             0.000       0.000
 150.8953             0.000       0.000
