XYDATA  Co2SiO4 8mmV 1.87A HiRes FullBeam 500K CF ROC 
INTER        1       1       0     0.100000
TEMP       50.4140      49.0450      48.9960
! d20 23-Apr-08 09:22:09 User Sazono   L.C.Hansen  Run 594842*d20_2008_04_5880
! d20 23-Apr-08 09:22:09 User Sazono   L.C.Hansen  Run 594842*d20_2008_04_5880
! Monitor/counts, Counting time/sec:       100000.      62.5111
   0.0953          4137.396      28.207
   0.1953          4304.587      29.241
   0.2953          4326.885      29.583
   0.3953          4204.105      28.973
   0.4953          3957.052      27.903
   0.5953          3517.769      26.098
   0.6953          3124.607      24.527
   0.7953          2695.559      22.841
   0.8953          2333.613      21.183
   0.9953          1953.118      19.428
   1.0953          1636.356      17.728
   1.1953          1355.765      16.105
   1.2953          1044.133      14.159
   1.3953           769.668      12.145
   1.4953           560.240      10.355
   1.5953           440.468       9.159
   1.6953           388.006       8.642
   1.7953           354.403       8.253
   1.8953           314.324       7.743
   1.9953           298.202       7.545
   2.0953           292.551       7.494
   2.1953           292.518       7.488
   2.2953           289.358       7.424
   2.3953           285.423       7.387
   2.4953           285.108       7.414
   2.5953           264.839       7.073
   2.6953           266.068       7.183
   2.7953           265.104       7.116
   2.8953           261.266       7.092
   2.9953           256.514       7.021
   3.0953           245.879       6.886
   3.1953           246.904       6.896
   3.2953           233.978       6.704
   3.3953           239.798       6.849
   3.4953           242.065       6.976
   3.5953           234.044       6.857
   3.6953           246.380       6.952
   3.7953           246.974       6.917
   3.8953           274.263       7.271
   3.9953           271.692       7.241
   4.0953           308.436       7.673
   4.1953           361.649       8.383
   4.2953           395.970       8.693
   4.3953           418.312       8.937
   4.4953           466.793       9.436
   4.5953           496.894       9.788
   4.6953           560.985      10.315
   4.7953           602.323      10.723
   4.8953           633.698      11.005
   4.9953           633.007      11.029
   5.0953           664.023      11.243
   5.1953           656.847      11.180
   5.2953           667.075      11.321
   5.3953           689.071      11.470
   5.4953           673.168      11.313
   5.5953           666.074      11.289
   5.6953           674.891      11.377
   5.7953           656.584      11.229
   5.8953           648.569      11.089
   5.9953           670.464      11.380
   6.0953           665.128      11.304
   6.1953           652.364      11.226
   6.2953           657.147      11.235
   6.3953           656.100      11.222
   6.4953           659.972      11.322
   6.5953           643.194      11.148
   6.6953           640.648      11.336
   6.7953           617.611      11.139
   6.8953           619.391      11.012
   6.9953           651.201      11.170
   7.0953           607.098      10.796
   7.1953           610.215      10.857
   7.2953           623.339      10.894
   7.3953           603.727      10.791
   7.4953           620.856      10.899
   7.5953           620.812      10.873
   7.6953           611.598      10.798
   7.7953           613.984      10.827
   7.8953           607.418      10.755
   7.9953           606.697      10.702
   8.0953           585.100      10.594
   8.1953           582.760      10.526
   8.2953           589.399      10.581
   8.3953           617.400      10.838
   8.4953           584.190      10.556
   8.5953           595.481      10.629
   8.6953           553.196      10.244
   8.7953           589.943      10.579
   8.8953           599.951      10.683
   8.9953           598.382      10.668
   9.0953           589.726      10.580
   9.1953           589.200      10.618
   9.2953           601.311      10.726
   9.3953           597.487      10.636
   9.4953           637.677      11.069
   9.5953           636.021      11.020
   9.6953           623.758      10.935
   9.7953           652.208      11.287
   9.8953           677.488      11.648
   9.9953           671.325      11.580
  10.0953           680.991      11.486
  10.1953           714.806      11.685
  10.2953           719.893      11.745
  10.3953           766.964      12.089
  10.4953           840.084      12.642
  10.5953           897.875      13.044
  10.6953           964.837      13.572
  10.7953           913.931      13.107
  10.8953           833.542      12.540
  10.9953           734.200      11.766
  11.0953           637.901      10.882
  11.1953           569.315      10.339
  11.2953           526.780      10.538
  11.3953           527.163       9.774
  11.4953           503.631       9.696
  11.5953           518.085       9.853
  11.6953           492.424       9.670
  11.7953           504.055       9.749
  11.8953           502.309       9.747
  11.9953           497.037       9.690
  12.0953           495.715       9.707
  12.1953           492.699       9.652
  12.2953           493.015       9.632
  12.3953           482.532       9.616
  12.4953           506.783       9.815
  12.5953           482.055       9.559
  12.6953           494.259       9.695
  12.7953           492.209       9.738
  12.8953           487.342       9.580
  12.9953           493.839       9.757
  13.0953           492.249      10.044
  13.1953           497.451       9.649
  13.2953           489.940       9.910
  13.3953           495.607       9.725
  13.4953           489.094       9.689
  13.5953           500.811       9.732
  13.6953           495.214       9.744
  13.7953           493.202       9.647
  13.8953           488.992       9.682
  13.9953           476.661       9.450
  14.0953           481.202       9.611
  14.1953           499.857       9.614
  14.2953           466.184       9.455
  14.3953           491.776       9.615
  14.4953           500.557       9.726
  14.5953           483.225       9.624
  14.6953           493.261       9.626
  14.7953           476.548       9.471
  14.8953           478.173       9.495
  14.9953           480.224       9.563
  15.0953           468.042       9.554
  15.1953           481.600       9.243
  15.2953           484.643       9.754
  15.3953           467.836       9.402
  15.4953           471.923       9.431
  15.5953           478.825       9.537
  15.6953           481.445       9.591
  15.7953           474.500       9.458
  15.8953           476.386       9.576
  15.9953           475.736       9.511
  16.0953           461.072       9.419
  16.1953           474.214       9.549
  16.2953           475.401       9.716
  16.3953           478.630       9.792
  16.4953           484.808       9.692
  16.5953           468.651       9.443
  16.6953           480.962       9.615
  16.7953           474.006       9.511
  16.8953           490.753       9.686
  16.9953           469.049       9.436
  17.0953           475.102       9.519
  17.1953           458.697       9.340
  17.2953           480.902       9.535
  17.3953           453.897       9.296
  17.4953           458.528       9.334
  17.5953           470.684       9.395
  17.6953           468.018       9.446
  17.7953           468.257       9.428
  17.8953           466.629       9.372
  17.9953           484.445       9.562
  18.0953           461.583       9.366
  18.1953           480.528       9.536
  18.2953           475.466       9.490
  18.3953           467.698       9.392
  18.4953           476.861       9.532
  18.5953           471.697       9.421
  18.6953           483.267       9.561
  18.7953           462.272       9.383
  18.8953           455.763       9.309
  18.9953           487.659       9.599
  19.0953           470.035       9.473
  19.1953           474.565       9.516
  19.2953           463.293       9.416
  19.3953           458.182       9.362
  19.4953           446.462       9.461
  19.5953           472.380       9.648
  19.6953           478.315       9.574
  19.7953           454.147       9.319
  19.8953           464.808       9.406
  19.9953           492.049       9.667
  20.0953           484.615       9.584
  20.1953           473.200       9.311
  20.2953           515.619      10.263
  20.3953           513.776       9.787
  20.4953           517.562       9.649
  20.5953           525.545      10.103
  20.6953           569.371      10.327
  20.7953           604.358      10.674
  20.8953           630.426      10.894
  20.9953           682.579      11.389
  21.0953           709.307      11.532
  21.1953           670.273      11.245
  21.2953           636.778      10.946
  21.3953           590.145      10.564
  21.4953           529.147       9.995
  21.5953           482.969       9.534
  21.6953           489.877       9.658
  21.7953           486.852       9.541
  21.8953           510.137       9.838
  21.9953           519.572       9.893
  22.0953           554.723      10.253
  22.1953           578.540      10.505
  22.2953           592.188      10.595
  22.3953           652.172      11.162
  22.4953           710.533      11.650
  22.5953           790.254      12.316
  22.6953           879.960      13.231
  22.7953           966.259      13.826
  22.8953           941.549      13.433
  22.9953           843.181      12.617
  23.0953           691.724      11.464
  23.1953           590.605      10.585
  23.2953           512.680       9.819
  23.3953           461.845       9.336
  23.4953           442.668       9.173
  23.5953           432.737       8.967
  23.6953           433.734       9.032
  23.7953           447.086       9.162
  23.8953           436.944       9.056
  23.9953           458.918       9.253
  24.0953           432.066       9.017
  24.1953           440.741       9.103
  24.2953           434.062       8.985
  24.3953           463.516       9.326
  24.4953           449.770       9.162
  24.5953           457.626       9.310
  24.6953           451.592       9.165
  24.7953           460.531       9.261
  24.8953           472.597       9.448
  24.9953           505.010       9.706
  25.0953           516.054       9.834
  25.1953           509.836       9.788
  25.2953           507.074       9.773
  25.3953           489.543       9.593
  25.4953           467.785       9.395
  25.5953           441.718       9.137
  25.6953           426.371       8.963
  25.7953           440.637       9.204
  25.8953           417.634       9.055
  25.9953           435.935       9.271
  26.0953           438.242       9.136
  26.1953           440.493       9.120
  26.2953           445.274       9.145
  26.3953           447.899       9.222
  26.4953           445.707       9.132
  26.5953           460.405       9.273
  26.6953           481.642       9.534
  26.7953           490.819       9.589
  26.8953           465.864       9.349
  26.9953           486.329       9.510
  27.0953           467.272       9.379
  27.1953           485.707       9.520
  27.2953           493.478       9.613
  27.3953           492.105       9.607
  27.4953           516.962       9.830
  27.5953           592.095      10.516
  27.6953           670.359      11.237
  27.7953           795.714      12.186
  27.8953           869.979      12.788
  27.9953           873.781      12.724
  28.0953           807.529      12.342
  28.1953           666.167      11.189
  28.2953           565.033      10.258
  28.3953           482.885       9.549
  28.4953           432.655       8.998
  28.5953           458.886       9.290
  28.6953           433.492       9.057
  28.7953           459.335       9.330
  28.8953           484.326       9.589
  28.9953           518.048       9.899
  29.0953           565.689      10.532
  29.1953           574.431      10.591
  29.2953           560.162      10.398
  29.3953           558.891      10.299
  29.4953           492.532       9.665
  29.5953           460.265       9.306
  29.6953           434.127       9.027
  29.7953           412.265       8.830
  29.8953           432.352       9.045
  29.9953           433.998       9.014
  30.0953           450.493       9.213
  30.1953           416.928       8.859
  30.2953           440.225       9.104
  30.3953           423.498       8.893
  30.4953           418.830       8.899
  30.5953           435.071       9.054
  30.6953           442.617       9.117
  30.7953           452.121       9.198
  30.8953           470.844       9.404
  30.9953           496.751       9.694
  31.0953           521.958       9.875
  31.1953           517.639       9.862
  31.2953           492.699       9.652
  31.3953           499.872       9.685
  31.4953           499.291       9.694
  31.5953           510.769       9.806
  31.6953           533.431      10.067
  31.7953           557.042      10.237
  31.8953           568.077      10.380
  31.9953           553.527      10.212
  32.0953           488.308       9.634
  32.1953           458.566       9.382
  32.2953           436.264       9.280
  32.3953           410.321       8.952
  32.4953           405.767       8.790
  32.5953           418.647       8.881
  32.6953           407.088       8.761
  32.7953           393.429       8.579
  32.8953           408.052       8.776
  32.9953           403.622       8.667
  33.0953           394.819       8.638
  33.1953           408.620       8.716
  33.2953           398.355       8.650
  33.3953           410.256       8.727
  33.4953           408.501       8.739
  33.5953           414.586       8.775
  33.6953           402.081       8.647
  33.7953           389.103       8.561
  33.8953           411.169       8.721
  33.9953           402.817       8.657
  34.0953           408.014       8.729
  34.1953           411.043       8.761
  34.2953           403.614       8.694
  34.3953           404.383       8.602
  34.4953           424.648       8.970
  34.5953           420.037       8.803
  34.6953           412.364       8.816
  34.7953           428.672       8.954
  34.8953           428.093       8.942
  34.9953           417.022       8.819
  35.0953           427.505       8.981
  35.1953           442.044       9.109
  35.2953           439.689       9.117
  35.3953           425.682       9.043
  35.4953           439.850       9.269
  35.5953           421.964       9.086
  35.6953           453.204       9.313
  35.7953           438.629       9.073
  35.8953           439.877       9.111
  35.9953           444.007       9.107
  36.0953           479.324       9.490
  36.1953           492.756       9.592
  36.2953           515.263       9.863
  36.3953           531.471       9.954
  36.4953           529.847       9.979
  36.5953           558.510      10.170
  36.6953           529.890       9.966
  36.7953           519.434       9.816
  36.8953           483.140       9.504
  36.9953           448.252       9.154
  37.0953           432.568       8.975
  37.1953           437.275       8.997
  37.2953           423.407       8.912
  37.3953           403.598       8.664
  37.4953           403.368       8.651
  37.5953           420.224       8.871
  37.6953           432.254       8.976
  37.7953           409.098       8.752
  37.8953           413.700       8.766
  37.9953           420.873       8.875
  38.0953           406.961       8.732
  38.1953           454.426       9.238
  38.2953           427.725       8.930
  38.3953           436.904       9.081
  38.4953           423.339       8.887
  38.5953           436.954       9.147
  38.6953           428.618       9.159
  38.7953           421.180       9.090
  38.8953           423.579       8.980
  38.9953           469.081       9.437
  39.0953           480.535       9.518
  39.1953           532.545       9.975
  39.2953           597.186      10.592
  39.3953           631.779      10.862
  39.4953           640.269      10.972
  39.5953           600.003      10.567
  39.6953           533.811       9.994
  39.7953           464.277       9.295
  39.8953           446.427       9.143
  39.9953           428.468       8.915
  40.0953           447.213       9.133
  40.1953           415.302       8.838
  40.2953           439.232       9.030
  40.3953           442.736       9.073
  40.4953           425.349       8.931
  40.5953           437.766       9.042
  40.6953           436.403       9.016
  40.7953           446.779       9.147
  40.8953           410.490       8.774
  40.9953           420.674       8.861
  41.0953           430.066       8.940
  41.1953           440.055       9.115
  41.2953           426.974       8.940
  41.3953           444.712       9.127
  41.4953           442.061       9.144
  41.5953           422.144       8.906
  41.6953           445.326       9.151
  41.7953           434.225       9.142
  41.8953           450.663       9.556
  41.9953           460.927       9.226
  42.0953           498.102       9.917
  42.1953           528.729       9.971
  42.2953           634.876      11.018
  42.3953           727.224      11.684
  42.4953           876.122      12.877
  42.5953           910.772      13.002
  42.6953           904.488      13.113
  42.7953           808.262      12.306
  42.8953           677.975      11.234
  42.9953           600.803      10.657
  43.0953           519.743       9.840
  43.1953           495.038       9.606
  43.2953           480.186       9.513
  43.3953           504.581       9.684
  43.4953           568.250      10.320
  43.5953           612.207      10.698
  43.6953           617.159      10.709
  43.7953           588.325      10.489
  43.8953           526.938       9.944
  43.9953           468.862       9.333
  44.0953           451.149       9.177
  44.1953           449.378       9.217
  44.2953           469.393       9.349
  44.3953           516.158       9.868
  44.4953           552.629      10.176
  44.5953           649.514      10.988
  44.6953           716.276      11.661
  44.7953           772.110      12.067
  44.8953           735.322      11.784
  44.9953           622.310      10.908
  45.0953           534.297      10.258
  45.1953           459.831       9.469
  45.2953           448.764       9.216
  45.3953           429.347       8.978
  45.4953           433.255       8.989
  45.5953           426.017       8.940
  45.6953           439.417       9.045
  45.7953           466.137       9.308
  45.8953           494.082       9.614
  45.9953           582.546      10.386
  46.0953           716.109      11.510
  46.1953           860.533      12.640
  46.2953           897.414      12.915
  46.3953           852.300      12.549
  46.4953           690.072      11.317
  46.5953           545.887      10.059
  46.6953           466.761       9.296
  46.7953           450.056       9.147
  46.8953           432.726       8.947
  46.9953           452.588       9.131
  47.0953           474.246       9.390
  47.1953           484.480       9.478
  47.2953           521.810       9.845
  47.3953           587.068      10.427
  47.4953           652.626      11.019
  47.5953           673.354      11.150
  47.6953           617.672      10.743
  47.7953           554.007      10.144
  47.8953           504.680       9.707
  47.9953           492.483       9.616
  48.0953           521.966       9.847
  48.1953           605.827      10.769
  48.2953           806.219      12.532
  48.3953          1133.279      14.906
  48.4953          1874.756      18.805
  48.5953          2837.279      23.101
  48.6953          3566.406      25.815
  48.7953          3832.703      26.853
  48.8953          3596.134      25.845
  48.9953          2882.763      23.180
  49.0953          2026.202      19.523
  49.1953          1299.323      15.500
  49.2953           829.834      12.416
  49.3953           577.474      10.370
  49.4953           482.382       9.466
  49.5953           472.009       9.360
  49.6953           459.159       9.207
  49.7953           460.402       9.294
  49.8953           458.974       9.187
  49.9953           464.623       9.270
  50.0953           445.476       9.120
  50.1953           452.197       9.168
  50.2953           435.741       8.992
  50.3953           460.974       9.255
  50.4953           453.902       9.181
  50.5953           468.725       9.358
  50.6953           454.670       9.182
  50.7953           467.706       9.349
  50.8953           525.771       9.903
  50.9953           609.810      10.674
  51.0953           776.611      12.060
  51.1953           896.643      12.964
  51.2953           914.668      13.103
  51.3953           789.359      12.166
  51.4953           634.180      11.171
  51.5953           524.210      10.090
  51.6953           469.533       9.444
  51.7953           454.760       9.229
  51.8953           454.532       9.204
  51.9953           481.098       9.446
  52.0953           504.740       9.710
  52.1953           524.404       9.886
  52.2953           510.292       9.690
  52.3953           519.477       9.831
  52.4953           541.632       9.998
  52.5953           549.235      10.065
  52.6953           515.066       9.762
  52.7953           506.378       9.663
  52.8953           448.388       9.124
  52.9953           442.988       9.016
  53.0953           419.728       8.821
  53.1953           440.168       9.002
  53.2953           440.743       9.025
  53.3953           430.685       8.922
  53.4953           431.014       8.939
  53.5953           432.699       8.915
  53.6953           412.113       8.743
  53.7953           422.112       8.846
  53.8953           445.681       9.043
  53.9953           429.680       8.948
  54.0953           437.063       9.010
  54.1953           438.047       9.006
  54.2953           438.252       9.025
  54.3953           454.103       9.221
  54.4953           494.956       9.595
  54.5953           539.605      10.092
  54.6953           571.347      10.543
  54.7953           571.106      10.565
  54.8953           541.264      10.082
  54.9953           500.431       9.697
  55.0953           480.137       9.440
  55.1953           463.667       9.305
  55.2953           463.595       9.250
  55.3953           448.854       9.134
  55.4953           459.814       9.239
  55.5953           458.705       9.187
  55.6953           443.422       9.089
  55.7953           452.787       9.161
  55.8953           417.805       8.783
  55.9953           437.472       8.984
  56.0953           440.422       9.018
  56.1953           439.733       9.021
  56.2953           441.043       9.027
  56.3953           436.474       8.956
  56.4953           438.313       9.030
  56.5953           436.479       8.996
  56.6953           435.320       8.957
  56.7953           429.855       8.913
  56.8953           471.740       9.360
  56.9953           517.172       9.746
  57.0953           551.439      10.125
  57.1953           525.652       9.865
  57.2953           516.730       9.820
  57.3953           491.853       9.578
  57.4953           470.498       9.303
  57.5953           448.385       9.183
  57.6953           452.616       9.199
  57.7953           444.914       9.145
  57.8953           445.924       9.378
  57.9953           425.343       9.040
  58.0953           425.216       8.964
  58.1953           422.092       8.883
  58.2953           408.557       8.712
  58.3953           401.788       8.675
  58.4953           414.973       8.745
  58.5953           416.536       8.809
  58.6953           406.898       8.661
  58.7953           413.949       8.748
  58.8953           417.873       8.792
  58.9953           432.231       8.983
  59.0953           415.135       8.634
  59.1953           418.641       8.841
  59.2953           443.348       9.057
  59.3953           438.805       8.995
  59.4953           456.375       9.161
  59.5953           446.057       9.060
  59.6953           431.429       8.919
  59.7953           424.145       8.896
  59.8953           430.085       8.836
  59.9953           449.117       9.133
  60.0953           445.453       9.093
  60.1953           454.646       9.141
  60.2953           476.478       9.352
  60.3953           487.420       9.523
  60.4953           449.448       9.091
  60.5953           451.777       9.138
  60.6953           453.709       9.178
  60.7953           447.719       9.118
  60.8953           464.552       9.327
  60.9953           513.965       9.853
  61.0953           543.538      10.237
  61.1953           573.684      10.550
  61.2953           572.864      10.339
  61.3953           538.016       9.980
  61.4953           472.106       9.313
  61.5953           441.096       9.032
  61.6953           422.546       8.809
  61.7953           419.107       8.773
  61.8953           420.227       8.820
  61.9953           425.644       8.814
  62.0953           454.672       9.093
  62.1953           440.285       9.034
  62.2953           455.670       9.101
  62.3953           465.268       9.221
  62.4953           457.423       9.132
  62.5953           471.314       9.339
  62.6953           498.600       9.510
  62.7953           463.394       9.205
  62.8953           424.533       8.804
  62.9953           415.597       8.715
  63.0953           419.576       8.741
  63.1953           416.035       8.703
  63.2953           416.172       8.785
  63.3953           412.659       8.652
  63.4953           391.993       8.448
  63.5953           440.660       9.014
  63.6953           421.339       8.801
  63.7953           437.128       8.917
  63.8953           412.652       8.734
  63.9953           447.926       9.059
  64.0953           516.965       9.771
  64.1953           734.076      11.686
  64.2953          1103.624      14.339
  64.3953          1737.214      18.685
  64.4953          2199.145      20.002
  64.5953          2419.053      21.333
  64.6953           913.277      12.422
  64.7953          1113.902      13.804
  64.8953           739.982      12.821
  64.9953           578.309      11.976
  65.0953           537.568      10.163
  65.1953           584.250       9.550
  65.2953           689.958      11.153
  65.3953           742.732      11.628
  65.4953           678.769      11.166
  65.5953           589.125      10.332
  65.6953           474.435       9.366
  65.7953           463.644       9.218
  65.8953           444.216       9.006
  65.9953           439.629       8.981
  66.0953           440.271       9.015
  66.1953           434.828       8.922
  66.2953           449.115       9.074
  66.3953           440.804       8.985
  66.4953           430.597       8.959
  66.5953           411.354       8.649
  66.6953           435.141       8.957
  66.7953           439.312       9.026
  66.8953           459.233       9.227
  66.9953           470.368       9.289
  67.0953           454.374       9.189
  67.1953           456.424       9.180
  67.2953           441.917       9.091
  67.3953           440.257       9.078
  67.4953           480.579       9.654
  67.5953           552.143      10.303
  67.6953           616.418      10.709
  67.7953           655.593      11.008
  67.8953           609.388      10.592
  67.9953           505.921       9.648
  68.0953           473.061       9.281
  68.1953           430.139       8.864
  68.2953           432.246       8.917
  68.3953           424.840       8.777
  68.4953           425.852       8.809
  68.5953           418.599       8.725
  68.6953           423.882       8.785
  68.7953           425.872       8.793
  68.8953           465.931       9.169
  68.9953           531.390       9.868
  69.0953           690.121      11.122
  69.1953           826.322      12.260
  69.2953           818.606      12.217
  69.3953           706.510      11.367
  69.4953           557.005       9.999
  69.5953           492.588       9.476
  69.6953           476.639       9.308
  69.7953           452.762       9.073
  69.8953           434.313       8.862
  69.9953           424.233       8.813
  70.0953           428.846       8.869
  70.1953           431.769       8.860
  70.2953           487.349       9.467
  70.3953           525.873       9.826
  70.4953           541.834       9.946
  70.5953           526.533       9.906
  70.6953           488.532       9.672
  70.7953           487.224       9.622
  70.8953           517.522       9.787
  70.9953           510.694       9.682
  71.0953           479.564       9.407
  71.1953           455.853       9.101
  71.2953           438.756       8.958
  71.3953           421.709       8.765
  71.4953           428.120       8.830
  71.5953           413.082       8.668
  71.6953           419.681       8.719
  71.7953           432.440       8.855
  71.8953           453.892       9.100
  71.9953           442.088       8.953
  72.0953           445.870       9.021
  72.1953           429.249       8.817
  72.2953           414.013       8.663
  72.3953           416.025       8.675
  72.4953           432.641       8.855
  72.5953           479.093       9.380
  72.6953           596.181      10.344
  72.7953           712.732      11.330
  72.8953           713.277      11.358
  72.9953           609.870      10.432
  73.0953           586.916      10.306
  73.1953           468.973       9.074
  73.2953           431.193       8.627
  73.3953           420.285       7.538
  73.4953           422.829      16.688
  73.5953           467.249       8.838
  73.6953           523.255       9.074
  73.7953           612.460       9.715
  73.8953           613.939      14.340
  73.9953           565.046       9.844
  74.0953           487.820       9.471
  74.1953           430.541       8.857
  74.2953           418.763       8.745
  74.3953           414.274       8.714
  74.4953           406.910       8.590
  74.5953           416.271       8.768
  74.6953           404.094       8.596
  74.7953           408.162       8.643
  74.8953           436.254       8.885
  74.9953           436.332       8.953
  75.0953           409.988       8.663
  75.1953           410.585       8.637
  75.2953           421.879       8.774
  75.3953           407.453       8.644
  75.4953           418.492       8.717
  75.5953           433.803       8.885
  75.6953           408.206       8.637
  75.7953           428.485       8.837
  75.8953           461.957       9.181
  75.9953           466.311       9.238
  76.0953           492.646       9.467
  76.1953           559.177      10.137
  76.2953           619.518      10.586
  76.3953           714.102      11.467
  76.4953           804.400      12.117
  76.5953           911.396      12.899
  76.6953           836.677      12.424
  76.7953           681.915      11.205
  76.8953           556.891      10.139
  76.9953           591.396      10.506
  77.0953           802.789      12.426
  77.1953          1317.162      15.935
  77.2953          1858.351      18.665
  77.3953          2030.753      19.401
  77.4953          1614.040      17.261
  77.5953          1036.979      13.904
  77.6953           958.698      13.214
  77.7953          1485.553      16.541
  77.8953          2197.252      20.146
  77.9953          2435.413      21.146
  78.0953          1870.668      18.492
  78.1953          1058.885      13.982
  78.2953           582.037      10.328
  78.3953           446.012       9.044
  78.4953           423.528       8.814
  78.5953           416.039       8.751
  78.6953           430.624       8.887
  78.7953           445.277       9.037
  78.8953           484.580       9.460
  78.9953           527.468       9.849
  79.0953           556.374      10.114
  79.1953           607.560      10.551
  79.2953           553.519      10.116
  79.3953           472.757       9.311
  79.4953           445.126       8.995
  79.5953           411.939       8.743
  79.6953           415.739       8.757
  79.7953           419.603       8.784
  79.8953           419.699       8.834
  79.9953           412.995       8.748
  80.0953           407.554       8.703
  80.1953           400.694       8.680
  80.2953           398.696       8.814
  80.3953           409.761       8.835
  80.4953           426.861       8.957
  80.5953           416.318       8.765
  80.6953           409.068       8.723
  80.7953           411.032       8.692
  80.8953           434.951       8.963
  80.9953           445.541       9.018
  81.0953           446.340       9.066
  81.1953           481.076       9.377
  81.2953           462.404       9.222
  81.3953           451.652       9.058
  81.4953           428.040       8.856
  81.5953           440.925       8.980
  81.6953           426.251       8.825
  81.7953           444.712       9.036
  81.8953           452.237       9.067
  81.9953           451.991       9.071
  82.0953           457.203       9.151
  82.1953           474.003       9.339
  82.2953           501.674       9.541
  82.3953           523.656       9.776
  82.4953           490.678       9.494
  82.5953           469.027       9.257
  82.6953           453.622       9.063
  82.7953           445.298       9.088
  82.8953           428.137       8.858
  82.9953           420.864       8.778
  83.0953           415.978       8.754
  83.1953           428.335       8.895
  83.2953           465.733       9.274
  83.3953           616.888      10.716
  83.4953           771.346      12.202
  83.5953           856.051      12.805
  83.6953           769.664      12.019
  83.7953           597.738      10.488
  83.8953           509.799       9.729
  83.9953           498.165       9.585
  84.0953           492.045       9.517
  84.1953           501.941       9.593
  84.2953           566.445      10.215
  84.3953           619.146      10.595
  84.4953           591.605      10.435
  84.5953           483.034       9.403
  84.6953           422.839       8.782
  84.7953           416.664       8.718
  84.8953           423.112       8.914
  84.9953           440.153       8.770
  85.0953           487.860       9.540
  85.1953           501.574       9.552
  85.2953           456.512       9.136
  85.3953           438.150       8.974
  85.4953           404.968       8.593
  85.5953           400.915       8.534
  85.6953           405.953       8.628
  85.7953           413.197       8.690
  85.8953           407.073       8.614
  85.9953           425.105       8.881
  86.0953           426.430       8.795
  86.1953           435.867       8.982
  86.2953           440.409       8.966
  86.3953           446.391       9.078
  86.4953           425.299       8.921
  86.5953           414.007       8.736
  86.6953           423.109       9.025
  86.7953           451.318       9.334
  86.8953           574.513      10.362
  86.9953          1008.622      13.640
  87.0953          1928.994      18.861
  87.1953          2846.971      22.889
  87.2953          3142.406      23.960
  87.3953          2595.401      21.839
  87.4953          1749.114      17.935
  87.5953          1054.828      13.853
  87.6953           634.116      10.751
  87.7953           476.101       9.344
  87.8953           424.644       8.807
  87.9953           405.922       8.579
  88.0953           416.847       8.736
  88.1953           404.811       8.609
  88.2953           404.125       8.562
  88.3953           397.959       8.510
  88.4953           412.935       8.696
  88.5953           412.703       8.679
  88.6953           414.733       8.689
  88.7953           409.337       8.668
  88.8953           399.918       8.520
  88.9953           404.384       8.622
  89.0953           407.067       8.599
  89.1953           382.348       8.402
  89.2953           389.960       8.426
  89.3953           410.681       8.681
  89.4953           393.546       8.523
  89.5953           404.200       8.583
  89.6953           398.020       8.594
  89.7953           412.687       8.739
  89.8953           442.911       9.211
  89.9953           506.720       9.864
  90.0953           636.239      10.892
  90.1953           757.249      11.835
  90.2953           781.149      11.999
  90.3953           650.923      10.911
  90.4953           504.352       9.547
  90.5953           448.534       9.064
  90.6953           418.148       8.727
  90.7953           411.261       8.662
  90.8953           388.337       8.399
  90.9953           394.199       8.472
  91.0953           389.858       8.453
  91.1953           402.805       8.526
  91.2953           384.609       8.387
  91.3953           389.104       8.392
  91.4953           394.571       8.494
  91.5953           421.364       8.754
  91.6953           517.369       9.712
  91.7953           684.615      11.201
  91.8953           880.183      12.573
  91.9953           892.297      12.799
  92.0953           726.583      11.478
  92.1953           528.801       9.837
  92.2953           449.741       9.040
  92.3953           441.853       9.010
  92.4953           462.856       9.213
  92.5953           466.460       9.230
  92.6953           435.617       8.927
  92.7953           402.609       8.635
  92.8953           387.396       8.432
  92.9953           391.201       8.559
  93.0953           404.851       8.824
  93.1953           422.227       9.008
  93.2953           447.904       9.212
  93.3953           439.851       9.035
  93.4953           421.320       8.837
  93.5953           387.601       8.468
  93.6953           391.157       8.507
  93.7953           398.845       8.578
  93.8953           381.567       8.403
  93.9953           396.178       8.556
  94.0953           376.850       8.297
  94.1953           387.359       8.449
  94.2953           388.683       8.466
  94.3953           399.448       8.547
  94.4953           405.358       8.636
  94.5953           460.663       9.206
  94.6953           470.136       9.301
  94.7953           562.466      10.151
  94.8953           650.291      10.948
  94.9953           673.867      11.180
  95.0953           583.866      10.299
  95.1953           500.503       9.661
  95.2953           529.448       9.854
  95.3953           702.630      11.373
  95.4953           929.783      13.080
  95.5953           946.056      13.223
  95.6953           772.709      11.955
  95.7953           673.788      11.159
  95.8953           670.154      11.058
  95.9953           718.248      11.690
  96.0953           653.326      10.924
  96.1953           654.165      11.116
  96.2953           610.695      10.860
  96.3953           566.557      10.422
  96.4953           524.894       9.962
  96.5953           561.358      10.205
  96.6953           708.473      11.487
  96.7953          1024.520      13.828
  96.8953          1370.109      15.873
  96.9953          1415.341      16.196
  97.0953          1080.219      14.153
  97.1953           723.842      11.495
  97.2953           671.175      11.143
  97.3953           687.302      11.266
  97.4953           653.369      10.978
  97.5953           667.624      11.070
  97.6953           719.088      11.509
  97.7953           678.741      11.175
  97.8953           557.532      10.115
  97.9953           457.109       9.153
  98.0953           419.400       8.789
  98.1953           415.955       8.769
  98.2953           465.298       9.203
  98.3953           511.058       9.728
  98.4953           559.516      10.183
  98.5953           634.425      10.753
  98.6953           620.162      10.675
  98.7953           519.711       9.818
  98.8953           501.687       9.639
  98.9953           529.541       9.869
  99.0953           559.655      10.201
  99.1953           537.911       9.949
  99.2953           487.064       9.559
  99.3953           455.381       9.226
  99.4953           443.790       9.288
  99.5953           435.444       9.139
  99.6953           412.868       8.808
  99.7953           398.179       8.550
  99.8953           379.131       8.357
  99.9953           378.068       8.344
 100.0953           390.931       8.463
 100.1953           391.791       8.465
 100.2953           423.442       8.822
 100.3953           485.339       9.393
 100.4953           515.406       9.707
 100.5953           529.290       9.827
 100.6953           462.286       9.185
 100.7953           411.354       8.647
 100.8953           393.726       8.476
 100.9953           396.463       8.491
 101.0953           401.148       8.553
 101.1953           413.214       8.663
 101.2953           393.714       8.477
 101.3953           392.128       8.455
 101.4953           372.885       8.242
 101.5953           362.545       8.158
 101.6953           394.304       8.474
 101.7953           367.829       8.178
 101.8953           392.746       8.492
 101.9953           378.150       8.311
 102.0953           370.052       8.236
 102.1953           375.250       8.274
 102.2953           384.972       8.421
 102.3953           375.391       8.307
 102.4953           378.174       8.306
 102.5953           387.913       8.514
 102.6953           403.047       8.781
 102.8953           667.488      11.217
 102.9953           845.417      12.509
 103.0953           893.001      12.856
 103.1953           716.071      11.517
 103.2953           534.086       9.897
 103.3953           449.993       9.110
 103.4953           421.045       8.795
 103.5953           426.964       8.815
 103.6953           409.502       8.660
 103.7953           403.131       8.599
 103.8953           406.372       8.623
 103.9953           423.252       8.802
 104.0953           423.180       8.795
 104.1953           396.798       8.546
 104.2953           385.263       8.379
 104.3953           383.578       8.380
 104.4953           379.929       8.334
 104.5953           392.796       8.485
 104.6953           397.553       8.519
 104.7953           374.223       8.287
 104.8953           379.878       8.345
 104.9953           384.106       8.410
 105.0953           385.492       8.368
 105.1953           383.116       8.431
 105.2953           376.502       8.303
 105.3953           386.207       8.444
 105.4953           419.985       8.799
 105.5953           429.644       8.897
 105.6953           423.932       8.809
 105.7953           461.721       9.305
 105.8953           551.474      10.403
 105.9953           584.698      10.362
 106.0953           650.817      11.171
 106.1953           613.661      10.625
 106.2953           633.500      10.858
 106.3953           704.021      11.342
 106.4953           780.055      11.975
 106.5953           700.977      11.331
 106.6953           577.763      10.306
 106.7953           525.321       9.772
 106.8953           558.374       9.942
 106.9953           616.018      11.023
 107.0953           668.351      10.842
 107.1953           652.714      10.883
 107.2953           551.417      10.074
 107.3953           473.150       9.261
 107.4953           412.722       8.682
 107.5953           386.009       8.384
 107.6953           374.618       8.272
 107.7953           434.344       8.922
 107.8953           512.293       9.664
 107.9953           617.779      10.650
 108.0953           672.656      11.070
 108.1953           586.640      10.388
 108.2953           477.703       9.340
 108.3953           416.872       8.755
 108.4953           360.340       8.110
 108.5953           364.744       8.191
 108.6953           394.263       8.527
 108.7953           427.918       8.878
 108.8953           487.609       9.437
 108.9953           584.437      10.502
 109.0953           676.314      11.369
 109.1953           769.472      12.141
 109.2953           808.516      12.340
 109.3953           793.963      12.095
 109.4953           677.564      11.200
 109.5953           569.451      10.304
 109.6953           474.544       9.303
 109.7953           437.198       8.988
 109.8953           413.845       8.698
 109.9953           400.231       8.568
 110.0953           401.444       8.557
 110.1953           431.643       8.881
 110.2953           518.576       9.736
 110.3953           611.456      10.560
 110.4953           621.141      10.624
 110.5953           553.247      10.109
 110.6953           454.759       9.086
 110.7953           378.812       8.320
 110.8953           381.309       8.339
 110.9953           406.380       8.631
 111.0953           474.303       9.289
 111.1953           597.985      10.448
 111.2953           634.936      10.772
 111.3953           587.783      10.386
 111.4953           472.765       9.272
 111.5953           411.633       8.721
 111.6953           388.558       8.409
 111.7953           371.156       8.299
 111.8953           407.283       8.596
 111.9953           397.078       8.618
 112.0953           405.768       8.614
 112.1953           344.168       8.045
 112.2953           335.797       8.020
 112.3953           341.430       8.077
 112.4953           354.543       8.115
 112.5953           360.816       8.121
 112.6953           391.501       8.483
 112.7953           466.019       9.212
 112.8953           637.446      10.770
 112.9953           758.143      11.726
 113.0953           782.843      11.982
 113.1953           636.525      10.745
 113.2953           494.210       9.453
 113.3953           396.974       8.518
 113.4953           359.443       8.078
 113.5953           344.680       7.931
 113.6953           330.618       7.720
 113.7953           345.497       7.914
 113.8953           362.704       8.112
 113.9953           371.134       8.185
 114.0953           404.418       8.541
 114.1953           469.854       9.315
 114.2953           476.891       9.255
 114.3953           456.201       9.104
 114.4953           410.150       8.635
 114.5953           382.857       8.323
 114.6953           354.495       8.065
 114.7953           356.861       7.984
 114.8953           350.249       8.059
 114.9953           372.409       8.215
 115.0953           346.254       7.969
 115.1953           331.507       7.781
 115.2953           334.889       7.865
 115.3953           349.777       8.029
 115.4953           379.799       8.542
 115.5953           436.382       9.089
 115.6953           531.560       9.943
 115.7953           619.885      10.640
 115.8953           642.835      10.854
 115.9953           568.779      10.224
 116.0953           492.704       9.468
 116.1953           429.914       8.865
 116.2953           403.715       8.586
 116.3953           402.429       8.555
 116.4953           385.247       8.427
 116.5953           397.641       8.417
 116.6953           411.027       8.671
 116.7953           417.599       8.698
 116.8953           373.301       8.241
 116.9953           359.658       8.093
 117.0953           345.521       7.902
 117.1953           330.866       7.766
 117.2953           343.350       7.892
 117.3953           349.900       7.977
 117.4953           357.993       8.068
 117.5953           360.514       8.086
 117.6953           366.215       8.160
 117.7953           335.526       7.816
 117.8953           348.949       7.939
 117.9953           344.353       8.004
 118.0953           337.334       7.721
 118.1953           345.932       8.015
 118.2953           339.563       7.863
 118.3953           363.903       8.172
 118.4953           364.648       8.164
 118.5953           408.400       8.711
 118.6953           423.865       8.948
 118.7953           443.148       9.248
 118.8953           473.600       9.313
 118.9953           475.067       9.364
 119.0953           461.273       9.142
 119.1953           451.211       9.094
 119.2953           444.605       8.993
 119.3953           529.511       9.811
 119.4953           664.765      10.987
 119.5953           820.189      12.225
 119.6953           806.189      12.037
 119.7953           731.290      11.547
 119.8953           618.225      10.581
 119.9953           492.081       9.423
 120.0953           399.362       8.470
 120.1953           354.796       8.168
 120.2953           324.464       7.397
 120.3953           310.966       7.621
 120.4953           326.232       7.677
 120.5953           320.137       7.646
 120.6953           324.016       7.597
 120.7953           306.754       7.471
 120.8953           321.601       7.610
 120.9953           310.611       7.505
 121.0953           307.102       7.440
 121.1953           304.303       7.440
 121.2953           309.768       7.509
 121.3953           307.678       7.464
 121.4953           316.140       7.579
 121.5953           307.646       7.562
 121.6953           323.744       7.568
 121.7953           332.641       7.979
 121.8953           350.739       8.091
 121.9953           402.752       8.760
 122.0953           417.122       8.800
 122.1953           441.415       8.975
 122.2953           468.088       9.288
 122.3953           465.565       9.221
 122.4953           509.481       9.687
 122.5953           492.362       9.476
 122.6953           470.168       9.302
 122.7953           429.406       8.835
 122.8953           399.374       8.511
 122.9953           347.927       8.001
 123.0953           340.356       7.871
 123.1953           339.639       7.844
 123.2953           342.753       7.913
 123.3953           371.840       8.221
 123.4953           393.366       8.450
 123.5953           389.766       8.416
 123.6953           374.932       8.287
 123.7953           358.643       8.080
 123.8953           333.726       7.784
 123.9953           322.868       7.661
 124.0953           326.311       7.717
 124.1953           331.713       7.778
 124.2953           331.481       7.776
 124.3953           365.732       8.180
 124.4953           389.298       8.459
 124.5953           386.748       8.392
 124.6953           369.540       8.267
 124.7953           355.725       7.994
 124.8953           334.597       7.865
 124.9953           321.767       7.741
 125.0953           309.039       7.627
 125.1953           325.102       7.871
 125.2953           312.284       7.628
 125.3953           331.025       7.857
 125.4953           329.188       7.723
 125.5953           342.207       7.897
 125.6953           352.567       8.011
 125.7953           421.019       8.715
 125.8953           459.418       9.132
 125.9953           489.856       9.410
 126.0953           479.404       9.273
 126.1953           469.005       9.212
 126.2953           423.041       8.749
 126.3953           360.552       8.038
 126.4953           327.284       7.723
 126.5953           329.155       7.688
 126.6953           324.848       7.650
 126.7953           296.856       7.306
 126.8953           315.031       7.539
 126.9953           340.358       7.862
 127.0953           359.445       8.021
 127.1953           420.410       8.693
 127.2953           430.625       8.820
 127.3953           452.218       9.086
 127.4953           449.096       8.971
 127.5953           435.171       8.881
 127.6953           373.269       8.206
 127.7953           345.473       7.938
 127.8953           324.385       7.656
 127.9953           335.858       7.847
 128.0953           313.524       7.516
 128.1953           302.760       7.504
 128.2953           297.109       7.494
 128.3953           299.685       7.539
 128.4953           296.248       7.404
 128.5953           298.132       7.387
 128.6953           311.729       7.541
 128.7953           303.812       7.452
 128.8953           302.298       7.397
 128.9953           328.023       7.738
 129.0953           340.851       7.895
 129.1953           364.566       8.103
 129.2953           406.146       8.568
 129.3953           455.168       9.111
 129.4953           469.706       9.206
 129.5953           477.126       9.291
 129.6953           472.298       9.252
 129.7953           418.250       8.727
 129.8953           363.849       8.102
 129.9953           352.080       7.994
 130.0953           329.634       7.703
 130.1953           324.553       7.675
 130.2953           328.191       7.708
 130.3953           320.240       7.608
 130.4953           311.744       7.523
 130.5953           309.167       7.487
 130.6953           307.150       7.454
 130.7953           308.524       7.498
 130.8953           317.622       7.601
 130.9953           324.199       7.673
 131.0953           330.705       7.765
 131.1953           345.883       7.958
 131.2953           363.576       8.124
 131.3953           374.282       8.334
 131.4953           393.355       8.619
 131.5953           394.247       8.684
 131.6953           384.703       8.431
 131.7953           377.834       8.305
 131.8953           355.994       8.035
 131.9953           343.015       7.930
 132.0953           333.047       7.756
 132.1953           331.438       7.786
 132.2953           320.038       7.626
 132.3953           315.398       7.533
 132.4953           313.524       7.544
 132.5953           310.352       7.470
 132.6953           303.919       7.441
 132.7953           288.407       7.194
 132.8953           305.909       7.430
 132.9953           300.569       7.368
 133.0953           318.096       7.572
 133.1953           312.487       7.388
 133.2953           321.284       7.855
 133.3953           326.554       7.570
 133.4953           323.046       7.625
 133.5953           322.959       7.636
 133.6953           333.981       7.763
 133.7953           339.736       7.846
 133.8953           346.869       7.873
 133.9953           349.498       7.978
 134.0953           356.833       8.040
 134.1953           361.779       8.069
 134.2953           346.870       7.949
 134.3953           345.774       7.935
 134.4953           354.501       8.022
 134.5953           332.403       7.841
 134.6953           335.812       8.007
 134.7953           343.383       8.025
 134.8953           327.720       7.790
 134.9953           319.174       7.595
 135.0953           321.538       7.621
 135.1953           289.185       7.248
 135.2953           294.256       7.295
 135.3953           286.869       7.194
 135.4953           291.308       7.269
 135.5953           286.442       7.163
 135.6953           293.817       7.284
 135.7953           303.457       7.371
 135.8953           307.044       7.456
 135.9953           308.803       7.452
 136.0953           309.140       7.456
 136.1953           337.647       7.812
 136.2953           392.213       8.379
 136.3953           449.567       8.999
 136.4953           557.365      10.030
 136.5953           659.341      10.918
 136.6953           746.663      11.553
 136.7953           792.677      11.955
 136.8953           824.654      12.201
 136.9953           788.305      11.869
 137.0953           724.736      11.442
 137.1953           611.753      10.533
 137.2953           527.483       9.755
 137.3953           427.969       8.778
 137.4953           400.354       8.509
 137.5953           406.114       8.581
 137.6953           445.567       8.998
 137.7953           487.144       9.440
 137.8953           529.246      10.002
 137.9953           543.765      10.129
 138.0953           553.731      10.105
 138.1953           534.303       9.802
 138.2953           529.855       9.832
 138.3953           469.700       9.196
 138.4953           448.525       8.990
 138.5953           405.351       8.542
 138.6953           379.328       8.252
 138.7953           343.108       7.826
 138.8953           363.755       8.058
 138.9953           341.660       7.834
 139.0953           317.975       7.537
 139.1953           315.442       7.477
 139.2953           290.516       7.240
 139.3953           291.923       7.191
 139.4953           292.922       7.258
 139.5953           306.257       7.348
 139.6953           290.325       7.224
 139.7953           295.409       7.286
 139.8953           286.380       7.133
 139.9953           299.621       7.317
 140.0953           320.292       7.564
 140.1953           345.872       7.891
 140.2953           368.302       8.091
 140.3953           409.293       8.596
 140.4953           436.150       8.848
 140.5953           475.455       9.247
 140.6953           474.051       9.265
 140.7953           473.660       9.236
 140.8953           467.795       9.195
 140.9953           432.379       8.933
 141.0953           440.961       9.100
 141.1953           435.436       9.050
 141.2953           458.864       9.148
 141.3953           483.453       9.308
 141.4953           489.210       9.401
 141.5953           511.494       9.564
 141.6953           534.285       9.807
 141.7953           512.842       9.610
 141.8953           548.020       9.887
 141.9953           501.458       9.426
 142.0953           471.769       9.191
 142.1953           460.988       9.092
 142.2953           435.213       8.818
 142.3953           463.217       9.045
 142.4953           437.878       8.866
 142.5953           502.054       9.469
 142.6953           526.533       9.676
 142.7953           583.576      10.179
 142.8953           589.537      10.258
 142.9953           600.484      10.353
 143.0953           597.420      10.285
 143.1953           558.924       9.995
 143.2953           548.238       9.885
 143.3953           508.447       9.524
 143.4953           495.349       9.383
 143.5953           484.017       9.294
 143.6953           485.629       9.372
 143.7953           494.044       9.510
 143.8953           490.619       9.053
 143.9953           504.210       9.687
 144.0953           478.098       9.237
 144.1953           478.689       9.375
 144.2953           446.868       9.105
 144.3953           428.021       8.988
 144.4953           407.375       8.650
 144.5953           373.690       8.210
 144.6953           346.398       7.887
 144.7953           323.407       7.631
 144.8953           322.311       7.593
 144.9953           306.030       7.405
 145.0953           307.438       7.409
 145.1953           299.144       7.329
 145.2953           287.410       7.134
 145.3953           294.714       7.262
 145.4953           290.581       7.204
 145.5953           274.795       6.463
 145.6953           348.073       9.595
 145.7953           288.642       6.645
 145.8953           302.898       7.338
 145.9953           313.902       7.465
 146.0953           320.348       7.557
 146.1953           341.979       7.817
 146.2953           351.050       7.913
 146.3953           349.898       7.838
 146.4953           345.372       7.894
 146.5953           365.682       8.065
 146.6953           370.632       8.123
 146.7953           376.593       8.234
 146.8953           373.947       8.178
 146.9953           380.394       8.262
 147.0953           393.142       8.399
 147.1953           386.474       8.329
 147.2953           385.607       8.324
 147.3953           388.603       8.412
 147.4953           408.510       8.769
 147.5953           380.252       8.423
 147.6953           378.207       8.335
 147.7953           363.639       8.075
 147.8953           347.235       7.935
 147.9953           322.890       7.585
 148.0953           321.185       7.615
 148.1953           322.893       7.573
 148.2953           297.299       7.332
 148.3953           277.758       7.035
 148.4953           293.005       7.332
 148.5953           273.083       6.766
 148.6953           267.901       7.045
 148.7953           276.601       7.219
 148.8953           271.449       6.587
 148.9953           281.525       7.098
 149.0953           283.627       7.249
 149.1953           284.262       6.962
 149.2953           296.888       7.207
 149.3953           304.140       7.338
 149.4953           301.823       7.238
 149.5953           317.471       7.385
 149.6953           332.904       7.840
 149.7953           345.454       7.829
 149.8953           323.561       7.340
 149.9953           326.485       8.013
 150.0953           330.640       7.188
 150.1953           314.423       8.254
 150.2953           309.544       7.062
 150.3953           308.781       7.489
 150.4953           305.708       7.406
 150.5953           284.612       7.181
 150.6953           276.332       6.513
 150.7953             0.000       0.000
 150.8953             0.000       0.000
