XYDATA  Co2SiO4 8mmV 1.87A HiRes FullBeam 500K CF ROC 
INTER        1       1       0     0.100000
TEMP       113.063      118.010      117.701
! d20 23-Apr-08 09:22:09 User Sazono   L.C.Hansen  Run 594842*d20_2008_04_5880
! d20 23-Apr-08 09:22:09 User Sazono   L.C.Hansen  Run 594842*d20_2008_04_5880
! Monitor/counts, Counting time/sec:       100000.      62.5111
   0.0953          4123.332      28.092
   0.1953          4260.258      29.020
   0.2953          4328.315      29.517
   0.3953          4186.763      28.844
   0.4953          3885.041      27.582
   0.5953          3466.436      25.844
   0.6953          3081.673      24.300
   0.7953          2619.278      22.462
   0.8953          2303.112      20.994
   0.9953          1959.157      19.412
   1.0953          1626.229      17.631
   1.1953          1362.413      16.105
   1.2953          1052.323      14.180
   1.3953           793.456      12.302
   1.4953           532.595      10.072
   1.5953           435.515       9.085
   1.6953           366.027       8.373
   1.7953           340.267       8.067
   1.8953           328.014       7.891
   1.9953           306.090       7.626
   2.0953           297.650       7.541
   2.1953           296.081       7.516
   2.2953           287.593       7.384
   2.3953           292.814       7.464
   2.4953           273.376       7.242
   2.5953           258.492       6.971
   2.6953           269.816       7.216
   2.7953           258.699       7.012
   2.8953           253.113       6.964
   2.9953           247.057       6.873
   3.0953           245.855       6.869
   3.1953           232.870       6.681
   3.2953           236.302       6.721
   3.3953           235.143       6.765
   3.4953           236.901       6.885
   3.5953           228.522       6.759
   3.6953           245.396       6.921
   3.7953           246.949       6.900
   3.8953           276.021       7.276
   3.9953           278.847       7.318
   4.0953           311.902       7.697
   4.1953           344.825       8.166
   4.2953           384.194       8.542
   4.3953           440.452       9.148
   4.4953           463.419       9.380
   4.5953           551.915      10.291
   4.6953           591.341      10.565
   4.7953           606.092      10.731
   4.8953           655.777      11.168
   4.9953           686.987      11.463
   5.0953           687.756      11.415
   5.1953           694.240      11.466
   5.2953           689.129      11.479
   5.3953           692.045      11.467
   5.4953           684.897      11.383
   5.5953           683.268      11.407
   5.6953           668.606      11.297
   5.7953           689.191      11.477
   5.8953           691.703      11.424
   5.9953           693.983      11.550
   6.0953           666.534      11.289
   6.1953           689.819      11.516
   6.2953           693.585      11.515
   6.3953           678.374      11.384
   6.4953           675.374      11.426
   6.5953           642.423      11.114
   6.6953           664.938      11.521
   6.7953           663.659      11.520
   6.8953           662.614      11.362
   6.9953           641.027      11.055
   7.0953           635.348      11.018
   7.1953           654.409      11.216
   7.2953           629.263      10.919
   7.3953           627.912      10.979
   7.4953           631.597      10.966
   7.5953           614.428      10.791
   7.6953           617.970      10.828
   7.7953           626.820      10.913
   7.8953           623.656      10.871
   7.9953           622.209      10.812
   8.0953           608.464      10.778
   8.1953           624.831      10.874
   8.2953           602.084      10.668
   8.3953           597.776      10.639
   8.4953           581.014      10.502
   8.5953           608.494      10.718
   8.6953           579.633      10.461
   8.7953           580.321      10.467
   8.8953           602.192      10.677
   8.9953           569.008      10.378
   9.0953           573.676      10.410
   9.1953           585.998      10.564
   9.2953           570.054      10.418
   9.3953           570.502      10.368
   9.4953           574.184      10.478
   9.5953           561.695      10.331
   9.6953           553.027      10.271
   9.7953           573.249      10.556
   9.8953           564.595      10.608
   9.9953           546.221      10.420
  10.0953           547.546      10.275
  10.1953           566.103      10.374
  10.2953           544.011      10.185
  10.3953           557.105      10.278
  10.4953           546.329      10.170
  10.5953           552.520      10.207
  10.6953           557.166      10.288
  10.7953           551.048      10.152
  10.8953           534.879      10.021
  10.9953           540.366      10.069
  11.0953           553.528      10.113
  11.1953           532.942       9.979
  11.2953           559.936      10.838
  11.3953           539.794       9.867
  11.4953           531.327       9.935
  11.5953           532.954       9.969
  11.6953           526.746       9.978
  11.7953           529.615       9.970
  11.8953           517.604       9.870
  11.9953           525.127       9.936
  12.0953           521.917       9.936
  12.1953           533.258      10.017
  12.2953           515.384       9.824
  12.3953           532.500      10.078
  12.4953           511.170       9.834
  12.5953           522.589       9.929
  12.6953           512.720       9.851
  12.7953           508.457       9.873
  12.8953           527.755       9.945
  12.9953           514.888       9.939
  13.0953           525.191      10.350
  13.1953           517.802       9.821
  13.2953           528.311      10.267
  13.3953           516.034       9.900
  13.4953           514.081       9.910
  13.5953           506.698       9.766
  13.6953           513.649       9.900
  13.7953           530.664       9.982
  13.8953           518.331       9.944
  13.9953           513.367       9.784
  14.0953           519.412       9.961
  14.1953           516.427       9.749
  14.2953           520.657       9.968
  14.3953           499.902       9.671
  14.4953           513.963       9.831
  14.5953           516.598       9.927
  14.6953           506.234       9.728
  14.7953           507.434       9.749
  14.8953           503.480       9.720
  14.9953           505.794       9.790
  15.0953           527.546      10.119
  15.1953           501.899       9.413
  15.2953           497.762       9.861
  15.3953           502.279       9.719
  15.4953           503.252       9.716
  15.5953           501.872       9.740
  15.6953           505.770       9.806
  15.7953           521.592       9.893
  15.8953           527.189      10.049
  15.9953           500.529       9.732
  16.0953           491.053       9.698
  16.1953           513.873       9.917
  16.2953           518.599      10.124
  16.3953           499.877       9.984
  16.4953           501.972       9.839
  16.5953           497.098       9.702
  16.6953           506.603       9.845
  16.7953           496.625       9.712
  16.8953           492.781       9.683
  16.9953           508.948       9.806
  17.0953           483.271       9.578
  17.1953           480.547       9.537
  17.2953           477.659       9.480
  17.3953           508.403       9.815
  17.4953           491.334       9.640
  17.5953           494.943       9.611
  17.6953           495.957       9.700
  17.7953           500.598       9.724
  17.8953           482.386       9.506
  17.9953           487.387       9.568
  18.0953           477.348       9.501
  18.1953           501.592       9.720
  18.2953           511.664       9.822
  18.3953           485.737       9.548
  18.4953           500.375       9.740
  18.5953           493.604       9.614
  18.6953           503.363       9.734
  18.7953           482.057       9.559
  18.8953           488.035       9.610
  18.9953           493.037       9.629
  19.0953           517.586       9.917
  19.1953           486.162       9.609
  19.2953           499.943       9.758
  19.3953           486.845       9.628
  19.4953           494.227       9.930
  19.5953           485.619       9.759
  19.6953           479.459       9.562
  19.7953           477.294       9.531
  19.8953           486.461       9.600
  19.9953           495.744       9.680
  20.0953           480.031       9.515
  20.1953           476.771       9.323
  20.2953           478.168       9.860
  20.3953           489.045       9.525
  20.4953           511.681       9.571
  20.5953           522.449      10.049
  20.6953           510.895       9.758
  20.7953           502.941       9.713
  20.8953           530.149       9.966
  20.9953           539.893      10.104
  21.0953           547.259      10.105
  21.1953           556.638      10.223
  21.2953           543.625      10.090
  21.3953           539.130      10.072
  21.4953           510.075       9.789
  21.5953           503.518       9.712
  21.6953           488.480       9.621
  21.7953           504.439       9.688
  21.8953           491.263       9.631
  21.9953           498.705       9.669
  22.0953           487.729       9.591
  22.1953           505.888       9.800
  22.2953           507.074       9.780
  22.3953           497.865       9.728
  22.4953           482.956       9.581
  22.5953           488.965       9.664
  22.6953           483.820       9.787
  22.7953           480.128       9.722
  22.8953           483.019       9.597
  22.9953           459.885       9.295
  23.0953           473.000       9.456
  23.1953           467.654       9.396
  23.2953           465.476       9.334
  23.3953           455.312       9.248
  23.4953           463.068       9.359
  23.5953           468.774       9.311
  23.6953           472.670       9.406
  23.7953           463.454       9.306
  23.8953           459.146       9.261
  23.9953           455.049       9.192
  24.0953           458.852       9.270
  24.1953           450.800       9.185
  24.2953           457.537       9.202
  24.3953           459.428       9.263
  24.4953           463.597       9.279
  24.5953           473.728       9.450
  24.6953           468.689       9.314
  24.7953           474.827       9.381
  24.8953           502.493       9.719
  24.9953           522.280       9.847
  25.0953           536.903      10.006
  25.1953           534.150       9.995
  25.2953           540.090      10.062
  25.3953           500.302       9.675
  25.4953           481.327       9.507
  25.5953           468.019       9.383
  25.6953           459.784       9.285
  25.7953           460.732       9.389
  25.8953           460.991       9.491
  25.9953           459.369       9.494
  26.0953           459.658       9.334
  26.1953           433.121       9.021
  26.2953           451.930       9.191
  26.3953           465.037       9.374
  26.4953           505.424       9.702
  26.5953           477.727       9.424
  26.6953           493.805       9.631
  26.7953           501.898       9.673
  26.8953           508.092       9.740
  26.9953           492.333       9.546
  27.0953           487.153       9.554
  27.1953           520.351       9.830
  27.2953           526.542       9.907
  27.3953           529.892       9.945
  27.4953           567.889      10.278
  27.5953           620.500      10.740
  27.6953           676.338      11.260
  27.7953           813.824      12.294
  27.8953           892.948      12.925
  27.9953           904.641      12.916
  28.0953           811.174      12.340
  28.1953           712.551      11.544
  28.2953           588.841      10.447
  28.3953           502.572       9.719
  28.4953           455.737       9.213
  28.5953           483.840       9.516
  28.6953           459.487       9.302
  28.7953           481.663       9.531
  28.8953           506.392       9.782
  28.9953           540.424      10.086
  29.0953           571.375      10.559
  29.1953           596.562      10.767
  29.2953           563.053      10.400
  29.3953           560.372      10.288
  29.4953           523.595       9.941
  29.5953           486.351       9.544
  29.6953           469.611       9.366
  29.7953           454.917       9.253
  29.8953           458.729       9.294
  29.9953           444.596       9.102
  30.0953           449.650       9.182
  30.1953           455.788       9.240
  30.2953           462.489       9.310
  30.3953           456.051       9.206
  30.4953           468.787       9.393
  30.5953           460.566       9.293
  30.6953           469.852       9.371
  30.7953           465.793       9.314
  30.8953           493.272       9.602
  30.9953           499.458       9.697
  31.0953           513.880       9.774
  31.1953           514.413       9.808
  31.2953           514.811       9.842
  31.3953           508.501       9.745
  31.4953           464.486       9.327
  31.5953           448.907       9.171
  31.6953           452.012       9.244
  31.7953           442.002       9.097
  31.8953           426.756       8.975
  31.9953           442.465       9.108
  32.0953           441.121       9.135
  32.1953           427.895       9.041
  32.2953           423.168       9.118
  32.3953           426.052       9.100
  32.4953           420.129       8.923
  32.5953           433.338       9.014
  32.6953           404.576       8.713
  32.7953           433.457       8.984
  32.8953           438.233       9.073
  32.9953           408.915       8.702
  33.0953           428.308       8.976
  33.1953           436.835       8.990
  33.2953           423.377       8.896
  33.3953           431.026       8.924
  33.4953           426.091       8.904
  33.5953           436.829       8.986
  33.6953           419.970       8.817
  33.7953           428.121       8.958
  33.8953           444.191       9.043
  33.9953           439.421       9.021
  34.0953           444.175       9.086
  34.1953           434.922       8.991
  34.2953           421.636       8.865
  34.3953           434.330       8.894
  34.4953           452.236       9.235
  34.5953           445.944       9.048
  34.6953           431.594       8.997
  34.7953           453.621       9.189
  34.8953           444.826       9.093
  34.9953           453.093       9.171
  35.0953           426.210       8.946
  35.1953           450.581       9.175
  35.2953           456.782       9.270
  35.3953           448.317       9.258
  35.4953           449.801       9.351
  35.5953           462.601       9.490
  35.6953           471.614       9.478
  35.7953           447.555       9.143
  35.8953           465.954       9.355
  35.9953           462.153       9.269
  36.0953           482.081       9.495
  36.1953           500.807       9.647
  36.2953           531.218       9.991
  36.3953           555.837      10.155
  36.4953           553.133      10.172
  36.5953           539.797       9.974
  36.6953           520.636       9.855
  36.7953           489.059       9.502
  36.8953           480.641       9.457
  36.9953           436.428       9.010
  37.0953           456.083       9.194
  37.1953           448.085       9.086
  37.2953           451.452       9.181
  37.3953           439.444       9.019
  37.4953           424.160       8.850
  37.5953           427.535       8.926
  37.6953           450.414       9.141
  37.7953           435.475       9.008
  37.8953           444.458       9.065
  37.9953           456.682       9.223
  38.0953           435.235       9.009
  38.1953           451.876       9.189
  38.2953           449.068       9.129
  38.3953           459.616       9.291
  38.4953           452.521       9.167
  38.5953           439.056       9.147
  38.6953           445.468       9.315
  38.7953           450.806       9.382
  38.8953           464.578       9.382
  38.9953           497.076       9.691
  39.0953           494.376       9.631
  39.1953           545.622      10.073
  39.2953           623.315      10.795
  39.3953           665.379      11.121
  39.4953           628.967      10.849
  39.5953           630.295      10.805
  39.6953           528.834       9.923
  39.7953           496.328       9.587
  39.8953           461.629       9.275
  39.9953           446.731       9.081
  40.0953           446.372       9.102
  40.1953           464.440       9.324
  40.2953           445.817       9.076
  40.3953           436.359       8.986
  40.4953           465.513       9.321
  40.5953           453.707       9.183
  40.6953           465.654       9.291
  40.7953           460.674       9.266
  40.8953           454.456       9.210
  40.9953           445.233       9.094
  41.0953           457.244       9.197
  41.1953           445.466       9.148
  41.2953           452.327       9.180
  41.3953           424.119       8.892
  41.4953           455.576       9.261
  41.5953           471.189       9.386
  41.6953           462.293       9.302
  41.7953           467.983       9.468
  41.8953           481.191       9.851
  41.9953           478.025       9.373
  42.0953           503.384       9.945
  42.1953           588.346      10.493
  42.2953           656.205      11.175
  42.3953           767.096      11.971
  42.4953           904.522      13.053
  42.5953           947.058      13.227
  42.6953           927.028      13.243
  42.7953           780.520      12.064
  42.8953           709.940      11.469
  42.9953           618.064      10.784
  43.0953           552.678      10.123
  43.1953           526.069       9.878
  43.2953           498.151       9.666
  43.3953           547.498      10.063
  43.4953           580.083      10.402
  43.5953           627.886      10.808
  43.6953           625.305      10.754
  43.7953           616.413      10.711
  43.8953           532.449       9.972
  43.9953           484.002       9.459
  44.0953           485.786       9.500
  44.1953           463.038       9.334
  44.2953           482.347       9.454
  44.3953           527.023       9.947
  44.4953           581.513      10.414
  44.5953           675.644      11.180
  44.6953           758.392      11.970
  44.7953           791.318      12.187
  44.8953           732.930      11.736
  44.9953           633.796      10.982
  45.0953           535.660      10.246
  45.1953           485.976       9.712
  45.2953           458.864       9.297
  45.3953           450.096       9.170
  45.4953           430.995       8.944
  45.5953           439.107       9.054
  45.6953           462.526       9.258
  45.7953           475.009       9.374
  45.8953           509.411       9.739
  45.9953           609.990      10.603
  46.0953           722.994      11.537
  46.1953           861.589      12.617
  46.2953           905.699      12.944
  46.3953           874.520      12.681
  46.4953           706.539      11.424
  46.5953           580.181      10.346
  46.6953           499.367       9.593
  46.7953           460.117       9.226
  46.8953           455.153       9.154
  46.9953           443.636       9.018
  47.0953           466.238       9.288
  47.1953           491.390       9.522
  47.2953           519.127       9.797
  47.3953           590.342      10.431
  47.4953           623.759      10.746
  47.5953           646.972      10.903
  47.6953           605.415      10.610
  47.7953           529.537       9.893
  47.8953           497.431       9.614
  47.9953           500.032       9.666
  48.0953           526.125       9.862
  48.1953           589.779      10.600
  48.2953           828.536      12.673
  48.3953          1133.513      14.872
  48.4953          1880.238      18.787
  48.5953          2734.778      22.625
  48.6953          3418.779      25.215
  48.7953          3557.644      25.809
  48.8953          3269.630      24.585
  48.9953          2625.029      22.066
  49.0953          1843.499      18.578
  49.1953          1193.719      14.821
  49.2953           751.708      11.789
  49.3953           559.508      10.183
  49.4953           495.422       9.570
  49.5953           473.261       9.350
  49.6953           477.364       9.365
  49.7953           476.504       9.432
  49.8953           477.098       9.344
  49.9953           465.714       9.259
  50.0953           467.323       9.319
  50.1953           461.875       9.243
  50.2953           450.839       9.125
  50.3953           463.207       9.255
  50.4953           462.269       9.244
  50.5953           476.339       9.411
  50.6953           454.524       9.159
  50.7953           486.117       9.508
  50.8953           536.994       9.984
  50.9953           615.446      10.697
  51.0953           720.137      11.585
  51.1953           828.358      12.430
  51.2953           843.774      12.555
  51.3953           712.603      11.531
  51.4953           612.927      10.956
  51.5953           503.137       9.862
  51.6953           480.712       9.533
  51.7953           457.804       9.238
  51.8953           485.383       9.488
  51.9953           512.955       9.730
  52.0953           526.687       9.895
  52.1953           516.699       9.789
  52.2953           495.574       9.527
  52.3953           506.247       9.682
  52.4953           521.034       9.782
  52.5953           513.739       9.710
  52.6953           521.441       9.798
  52.7953           493.122       9.513
  52.8953           471.567       9.335
  52.9953           444.339       9.008
  53.0953           447.807       9.090
  53.1953           443.193       9.011
  53.2953           447.648       9.074
  53.3953           451.996       9.119
  53.4953           448.146       9.093
  53.5953           450.559       9.075
  53.6953           449.289       9.107
  53.7953           439.287       9.003
  53.8953           442.999       8.994
  53.9953           454.524       9.181
  54.0953           445.512       9.075
  54.1953           448.117       9.087
  54.2953           470.017       9.324
  54.3953           472.997       9.389
  54.4953           505.735       9.676
  54.5953           536.458      10.038
  54.6953           601.730      10.793
  54.7953           590.165      10.714
  54.8953           558.118      10.214
  54.9953           523.667       9.896
  55.0953           494.284       9.555
  55.1953           480.969       9.454
  55.2953           502.166       9.604
  55.3953           491.302       9.533
  55.4953           468.148       9.300
  55.5953           455.960       9.137
  55.6953           455.026       9.185
  55.7953           453.019       9.141
  55.8953           455.511       9.149
  55.9953           445.665       9.046
  56.0953           469.202       9.286
  56.1953           448.131       9.085
  56.2953           460.455       9.202
  56.3953           442.435       8.996
  56.4953           449.181       9.120
  56.5953           454.513       9.158
  56.6953           435.071       8.933
  56.7953           439.941       8.995
  56.8953           456.169       9.182
  56.9953           466.975       9.238
  57.0953           476.243       9.387
  57.1953           480.555       9.410
  57.2953           460.193       9.245
  57.3953           444.745       9.086
  57.4953           440.777       8.982
  57.5953           445.302       9.130
  57.6953           431.463       8.960
  57.7953           451.954       9.195
  57.8953           442.807       9.323
  57.9953           440.522       9.178
  58.0953           439.175       9.089
  58.1953           439.800       9.045
  58.2953           429.169       8.908
  58.3953           430.265       8.956
  58.4953           433.168       8.913
  58.5953           428.823       8.916
  58.6953           431.567       8.899
  58.7953           435.162       8.948
  58.8953           411.453       8.703
  58.9953           423.656       8.872
  59.0953           449.260       8.960
  59.1953           455.308       9.199
  59.2953           454.859       9.152
  59.3953           440.192       8.987
  59.4953           444.854       9.022
  59.5953           463.526       9.214
  59.6953           461.121       9.199
  59.7953           438.093       9.020
  59.8953           426.942       8.783
  59.9953           439.385       9.012
  60.0953           462.170       9.240
  60.1953           455.945       9.132
  60.2953           451.173       9.078
  60.3953           439.152       9.017
  60.4953           454.804       9.123
  60.5953           434.707       8.943
  60.6953           451.537       9.134
  60.7953           464.065       9.261
  60.8953           461.769       9.276
  60.9953           503.230       9.726
  61.0953           536.329      10.145
  61.1953           529.605      10.112
  61.2953           517.178       9.800
  61.3953           466.137       9.267
  61.4953           448.448       9.054
  61.5953           433.829       8.936
  61.6953           423.083       8.793
  61.7953           431.729       8.883
  61.8953           425.957       8.859
  61.9953           446.686       9.008
  62.0953           442.718       8.952
  62.1953           453.128       9.143
  62.2953           465.794       9.179
  62.3953           467.408       9.220
  62.4953           480.645       9.339
  62.5953           495.035       9.548
  62.6953           490.796       9.412
  62.7953           475.741       9.305
  62.8953           445.225       8.995
  62.9953           442.176       8.968
  63.0953           425.183       8.778
  63.1953           429.814       8.825
  63.2953           415.103       8.753
  63.3953           417.004       8.676
  63.4953           435.075       8.879
  63.5953           450.115       9.088
  63.6953           416.759       8.732
  63.7953           452.604       9.052
  63.8953           448.596       9.085
  63.9953           453.078       9.089
  64.0953           524.604       9.820
  64.1953           752.229      11.801
  64.2953          1164.356      14.693
  64.3953          1828.115      19.122
  64.4953          2251.993      20.193
  64.5953          2367.401      21.054
  64.6953           904.027      12.330
  64.7953          1103.972      13.709
  64.8953           720.738      12.623
  64.9953           587.886      12.045
  65.0953           544.559      10.204
  65.1953           598.701       9.644
  65.2953           693.834      11.158
  65.3953           729.029      11.493
  65.4953           652.661      10.923
  65.5953           535.431       9.826
  65.6953           474.925       9.348
  65.7953           436.428       8.922
  65.8953           462.995       9.172
  65.9953           434.785       8.910
  66.0953           437.796       8.968
  66.1953           450.063       9.056
  66.2953           453.901       9.100
  66.3953           444.164       8.997
  66.4953           441.157       9.047
  66.5953           427.310       8.794
  66.6953           436.546       8.950
  66.7953           438.502       8.996
  66.8953           425.286       8.858
  66.9953           437.250       8.935
  67.0953           433.326       8.952
  67.1953           429.055       8.879
  67.2953           435.706       9.005
  67.3953           460.141       9.259
  67.4953           483.106       9.656
  67.5953           550.457      10.263
  67.6953           644.400      10.924
  67.7953           667.543      11.081
  67.8953           591.442      10.410
  67.9953           523.280       9.788
  68.0953           448.861       9.019
  68.1953           434.445       8.887
  68.2953           418.273       8.750
  68.3953           435.082       8.861
  68.4953           418.915       8.716
  68.5953           444.115       8.965
  68.6953           416.777       8.690
  68.7953           438.292       8.899
  68.8953           474.480       9.231
  68.9953           583.026      10.311
  69.0953           719.471      11.329
  69.1953           838.842      12.323
  69.2953           838.280      12.333
  69.3953           690.383      11.210
  69.4953           552.909       9.939
  69.5953           481.699       9.349
  69.6953           455.535       9.078
  69.7953           436.112       8.884
  69.8953           428.994       8.786
  69.9953           429.676       8.848
  70.0953           458.570       9.149
  70.1953           454.861       9.072
  70.2953           499.480       9.561
  70.3953           540.722       9.940
  70.4953           535.424       9.863
  70.5953           520.672       9.828
  70.6953           497.824       9.741
  70.7953           520.081       9.918
  70.8953           522.968       9.815
  70.9953           540.232       9.935
  71.0953           482.780       9.416
  71.1953           460.183       9.122
  71.2953           439.023       8.939
  71.3953           434.926       8.880
  71.4953           449.821       9.029
  71.5953           432.656       8.850
  71.6953           435.886       8.864
  71.7953           422.787       8.734
  71.8953           437.189       8.909
  71.9953           422.279       8.730
  72.0953           419.023       8.724
  72.1953           412.768       8.626
  72.2953           413.475       8.637
  72.3953           434.384       8.843
  72.4953           451.864       9.028
  72.5953           532.194       9.862
  72.6953           625.665      10.571
  72.7953           726.891      11.415
  72.8953           727.145      11.440
  72.9953           601.444      10.334
  73.0953           593.836      10.342
  73.1953           477.915       9.138
  73.2953           425.005       8.545
  73.3953           427.963       7.588
  73.4953           433.934      16.865
  73.5953           456.690       8.717
  73.6953           555.060       9.324
  73.7953           607.380       9.652
  73.8953           568.977      13.771
  73.9953           564.902       9.819
  74.0953           470.473       9.279
  74.1953           425.396       8.783
  74.2953           402.576       8.554
  74.3953           431.271       8.870
  74.4953           408.212       8.583
  74.5953           434.873       8.940
  74.6953           431.835       8.865
  74.7953           420.787       8.755
  74.8953           446.236       8.964
  74.9953           429.671       8.863
  75.0953           437.183       8.924
  75.1953           435.029       8.869
  75.2953           429.670       8.833
  75.3953           414.449       8.697
  75.4953           397.146       8.471
  75.5953           425.204       8.775
  75.6953           432.450       8.868
  75.7953           438.411       8.917
  75.8953           463.016       9.169
  75.9953           492.867       9.475
  76.0953           519.810       9.701
  76.1953           551.378      10.042
  76.2953           645.183      10.777
  76.3953           722.782      11.509
  76.4953           863.597      12.525
  76.5953           892.858      12.737
  76.6953           802.920      12.142
  76.7953           653.176      10.940
  76.8953           547.977      10.033
  76.9953           643.372      10.931
  77.0953           914.585      13.231
  77.1953          1498.917      16.959
  77.2953          1994.061      19.288
  77.3953          2001.846      19.217
  77.4953          1448.310      16.311
  77.5953           965.021      13.381
  77.6953          1033.875      13.689
  77.7953          1641.043      17.343
  77.8953          2330.323      20.698
  77.9953          2364.367      20.785
  78.0953          1695.047      17.561
  78.1953           940.789      13.148
  78.2953           562.284      10.127
  78.3953           461.953       9.182
  78.4953           443.415       8.997
  78.5953           437.875       8.957
  78.6953           437.328       8.934
  78.7953           436.207       8.923
  78.8953           456.520       9.160
  78.9953           519.816       9.754
  79.0953           582.082      10.321
  79.1953           599.362      10.454
  79.2953           549.581      10.056
  79.3953           464.834       9.211
  79.4953           439.557       8.917
  79.5953           416.249       8.768
  79.6953           404.567       8.618
  79.7953           409.722       8.659
  79.8953           405.285       8.660
  79.9953           410.465       8.700
  80.0953           418.556       8.799
  80.1953           402.333       8.677
  80.2953           431.906       9.152
  80.3953           427.525       9.003
  80.4953           424.631       8.912
  80.5953           418.735       8.769
  80.6953           417.852       8.795
  80.7953           413.823       8.701
  80.8953           443.902       9.033
  80.9953           436.139       8.901
  81.0953           461.436       9.196
  81.1953           505.705       9.591
  81.2953           472.460       9.300
  81.3953           451.480       9.035
  81.4953           432.012       8.876
  81.5953           425.158       8.797
  81.6953           443.493       8.980
  81.7953           443.314       9.000
  81.8953           453.511       9.058
  81.9953           434.241       8.869
  82.0953           442.431       8.981
  82.1953           448.101       9.059
  82.2953           474.526       9.257
  82.3953           476.812       9.306
  82.4953           474.795       9.317
  82.5953           456.231       9.108
  82.6953           442.977       8.935
  82.7953           462.001       9.234
  82.8953           441.233       8.971
  82.9953           425.229       8.802
  83.0953           416.555       8.739
  83.1953           440.078       8.994
  83.2953           492.185       9.511
  83.3953           629.130      10.796
  83.4953           787.061      12.296
  83.5953           887.991      13.011
  83.6953           764.859      11.952
  83.7953           576.006      10.271
  83.8953           501.814       9.629
  83.9953           501.656       9.596
  84.0953           490.789       9.482
  84.1953           480.922       9.367
  84.2953           558.048      10.115
  84.3953           602.826      10.429
  84.4953           560.187      10.130
  84.5953           470.152       9.254
  84.6953           417.545       8.706
  84.7953           408.494       8.612
  84.8953           410.803       8.762
  84.9953           423.954       8.586
  85.0953           434.817       8.985
  85.1953           430.346       8.827
  85.2953           406.455       8.599
  85.3953           415.741       8.720
  85.4953           422.999       8.761
  85.5953           410.391       8.614
  85.6953           404.193       8.588
  85.7953           403.759       8.569
  85.8953           411.659       8.642
  85.9953           428.243       8.893
  86.0953           423.666       8.745
  86.1953           433.043       8.931
  86.2953           451.384       9.055
  86.3953           439.292       8.984
  86.4953           434.068       8.991
  86.5953           421.018       8.788
  86.6953           415.717       8.924
  86.7953           459.921       9.400
  86.8953           621.627      10.753
  86.9953          1070.812      14.021
  87.0953          1920.494      18.774
  87.1953          2880.595      22.968
  87.2953          3037.361      23.500
  87.3953          2453.124      21.181
  87.4953          1652.331      17.390
  87.5953           962.674      13.202
  87.6953           590.254      10.347
  87.7953           462.319       9.186
  87.8953           406.245       8.593
  87.9953           415.171       8.655
  88.0953           407.560       8.617
  88.1953           426.390       8.815
  88.2953           421.154       8.719
  88.3953           414.535       8.664
  88.4953           418.069       8.729
  88.5953           420.904       8.744
  88.6953           414.923       8.671
  88.7953           415.054       8.708
  88.8953           420.777       8.719
  88.9953           402.632       8.582
  89.0953           403.310       8.539
  89.1953           415.444       8.737
  89.2953           405.133       8.568
  89.3953           418.033       8.738
  89.4953           408.571       8.664
  89.5953           406.801       8.589
  89.6953           402.581       8.622
  89.7953           422.688       8.823
  89.8953           454.524       9.309
  89.9953           532.205      10.085
  90.0953           657.325      11.045
  90.1953           786.399      12.032
  90.2953           754.108      11.761
  90.3953           629.600      10.705
  90.4953           490.064       9.388
  90.5953           435.263       8.907
  90.6953           394.387       8.455
  90.7953           407.112       8.598
  90.8953           393.351       8.432
  90.9953           398.294       8.496
  91.0953           400.219       8.544
  91.1953           399.080       8.466
  91.2953           402.434       8.559
  91.3953           389.404       8.375
  91.4953           409.795       8.635
  91.5953           444.515       8.970
  91.6953           551.191      10.000
  91.7953           732.598      11.559
  91.8953           924.595      12.855
  91.9953           898.078      12.810
  92.0953           662.996      10.938
  92.1953           510.786       9.644
  92.2953           441.076       8.931
  92.3953           452.359       9.095
  92.4953           460.641       9.169
  92.5953           483.502       9.375
  92.6953           411.127       8.652
  92.7953           405.292       8.643
  92.8953           406.554       8.617
  92.9953           393.803       8.567
  93.0953           405.402       8.809
  93.1953           423.841       9.004
  93.2953           427.839       8.982
  93.3953           446.245       9.079
  93.4953           413.951       8.739
  93.5953           426.089       8.858
  93.6953           406.234       8.649
  93.7953           385.548       8.413
  93.8953           411.800       8.709
  93.9953           402.377       8.602
  94.0953           402.147       8.551
  94.1953           385.505       8.408
  94.2953           397.287       8.538
  94.3953           407.551       8.613
  94.4953           419.357       8.763
  94.5953           463.952       9.217
  94.6953           537.683       9.923
  94.7953           583.849      10.318
  94.8953           675.987      11.136
  94.9953           649.407      10.949
  95.0953           559.911      10.061
  95.1953           477.685       9.415
  95.2953           554.117      10.057
  95.3953           772.565      11.897
  95.4953           963.796      13.285
  95.5953           925.890      13.050
  95.6953           736.056      11.640
  95.7953           649.038      10.926
  95.8953           683.474      11.140
  95.9953           706.666      11.568
  96.0953           673.108      11.061
  96.1953           636.177      10.936
  96.2953           602.196      10.759
  96.3953           533.114      10.086
  96.4953           502.051       9.720
  96.5953           546.482      10.045
  96.6953           746.426      11.762
  96.7953          1120.128      14.425
  96.8953          1397.777      15.994
  96.9953          1339.576      15.718
  97.0953           934.391      13.132
  97.1953           682.214      11.133
  97.2953           669.067      11.099
  97.3953           690.630      11.266
  97.4953           676.317      11.143
  97.5953           691.838      11.242
  97.6953           699.693      11.325
  97.7953           637.944      10.808
  97.8953           509.736       9.649
  97.9953           433.571       8.893
  98.0953           419.043       8.764
  98.1953           441.941       9.017
  98.2953           485.363       9.377
  98.3953           532.761       9.909
  98.4953           597.798      10.501
  98.5953           636.105      10.741
  98.6953           595.974      10.440
  98.7953           540.121       9.985
  98.8953           514.589       9.739
  98.9953           531.950       9.868
  99.0953           570.674      10.276
  99.1953           521.412       9.772
  99.2953           476.887       9.436
  99.3953           450.595       9.156
  99.4953           447.665       9.306
  99.5953           422.091       8.977
  99.6953           415.196       8.812
  99.7953           388.413       8.424
  99.8953           391.440       8.472
  99.9953           390.560       8.461
 100.0953           396.539       8.503
 100.1953           418.326       8.726
 100.2953           429.466       8.863
 100.3953           463.290       9.155
 100.4953           511.482       9.647
 100.5953           496.967       9.499
 100.6953           440.631       8.946
 100.7953           408.479       8.596
 100.8953           396.019       8.480
 100.9953           397.100       8.478
 101.0953           407.397       8.598
 101.1953           388.088       8.376
 101.2953           389.103       8.407
 101.3953           377.727       8.278
 101.4953           378.174       8.280
 101.5953           376.345       8.292
 101.6953           389.152       8.399
 101.7953           391.052       8.412
 101.8953           397.264       8.520
 101.9953           385.616       8.373
 102.0953           392.188       8.458
 102.1953           382.899       8.338
 102.2953           383.496       8.385
 102.3953           377.987       8.316
 102.4953           389.987       8.415
 102.5953           397.033       8.593
 102.6953           416.545       8.905
 102.8953           691.690      11.391
 102.9953           870.479      12.662
 103.0953           871.777      12.672
 103.1953           710.246      11.442
 103.2953           521.852       9.760
 103.3953           442.330       9.010
 103.4953           421.590       8.779
 103.5953           409.337       8.610
 103.6953           394.960       8.484
 103.7953           396.271       8.505
 103.8953           410.985       8.651
 103.9953           420.861       8.757
 104.0953           425.522       8.798
 104.1953           386.836       8.417
 104.2953           392.673       8.439
 104.3953           384.659       8.372
 104.4953           390.853       8.433
 104.5953           407.524       8.622
 104.6953           379.475       8.303
 104.7953           395.275       8.497
 104.8953           385.544       8.387
 104.9953           383.551       8.384
 105.0953           373.156       8.214
 105.1953           367.242       8.234
 105.2953           390.381       8.435
 105.3953           398.328       8.555
 105.4953           403.290       8.602
 105.5953           414.197       8.715
 105.6953           435.206       8.904
 105.7953           466.232       9.328
 105.8953           592.015      10.753
 105.9953           615.719      10.608
 106.0953           669.845      11.306
 106.1953           642.404      10.845
 106.2953           670.671      11.145
 106.3953           751.399      11.689
 106.4953           764.060      11.824
 106.5953           647.843      10.867
 106.6953           506.554       9.626
 106.7953           509.234       9.598
 106.8953           574.559      10.061
 106.9953           680.620      11.559
 107.0953           679.333      10.905
 107.1953           638.029      10.734
 107.2953           517.995       9.741
 107.3953           443.270       8.943
 107.4953           399.109       8.517
 107.5953           398.302       8.496
 107.6953           385.010       8.366
 107.7953           461.095       9.171
 107.8953           542.874       9.925
 107.9953           658.686      10.970
 108.0953           672.338      11.041
 108.1953           594.820      10.435
 108.2953           478.143       9.322
 108.3953           386.315       8.408
 108.4953           382.790       8.339
 108.5953           382.595       8.369
 108.6953           395.497       8.520
 108.7953           423.852       8.815
 108.8953           495.456       9.489
 108.9953           623.158      10.818
 109.0953           722.539      11.723
 109.1953           782.759      12.216
 109.2953           780.086      12.092
 109.3953           752.562      11.747
 109.4953           666.765      11.084
 109.5953           524.402       9.865
 109.6953           445.763       8.995
 109.7953           435.473       8.949
 109.8953           402.764       8.560
 109.9953           418.952       8.745
 110.0953           410.056       8.627
 110.1953           479.430       9.338
 110.2953           555.037      10.048
 110.3953           646.653      10.833
 110.4953           643.133      10.785
 110.5953           527.243       9.845
 110.6953           439.388       8.910
 110.7953           386.096       8.380
 110.8953           393.646       8.452
 110.9953           443.674       8.997
 111.0953           519.489       9.699
 111.1953           617.473      10.591
 111.2953           628.803      10.695
 111.3953           543.499       9.963
 111.4953           443.166       8.955
 111.5953           401.752       8.595
 111.6953           394.853       8.457
 111.7953           385.640       8.439
 111.8953           398.108       8.478
 111.9953           377.671       8.384
 112.0953           379.065       8.306
 112.1953           349.263       8.085
 112.2953           342.201       8.077
 112.3953           358.821       8.260
 112.4953           356.360       8.116
 112.5953           366.915       8.170
 112.6953           410.124       8.662
 112.7953           523.983       9.745
 112.8953           664.285      10.968
 112.9953           809.401      12.087
 113.0953           733.277      11.568
 113.1953           616.864      10.553
 113.2953           467.000       9.167
 113.3953           376.694       8.277
 113.4953           359.710       8.062
 113.5953           365.560       8.148
 113.6953           342.139       7.835
 113.7953           357.921       8.036
 113.8953           370.001       8.174
 113.9953           400.812       8.486
 114.0953           432.116       8.808
 114.1953           482.131       9.414
 114.2953           495.531       9.412
 114.3953           462.881       9.148
 114.4953           402.213       8.531
 114.5953           384.086       8.316
 114.6953           357.731       8.082
 114.7953           351.418       7.904
 114.8953           363.896       8.195
 114.9953           356.372       8.017
 115.0953           343.135       7.914
 115.1953           355.201       8.035
 115.2953           366.394       8.207
 115.3953           348.836       7.999
 115.4953           375.303       8.471
 115.5953           444.660       9.153
 115.6953           543.458      10.030
 115.7953           640.918      10.793
 115.8953           629.178      10.712
 115.9953           572.094      10.229
 116.0953           500.670       9.521
 116.1953           446.055       9.008
 116.2953           421.781       8.755
 116.3953           417.704       8.695
 116.4953           389.643       8.455
 116.5953           428.198       8.713
 116.6953           433.465       8.883
 116.7953           409.286       8.590
 116.8953           360.284       8.076
 116.9953           337.990       7.826
 117.0953           342.788       7.852
 117.1953           342.170       7.879
 117.2953           329.425       7.711
 117.3953           370.498       8.189
 117.4953           360.444       8.076
 117.5953           349.940       7.947
 117.6953           346.718       7.921
 117.7953           339.358       7.841
 117.8953           335.769       7.769
 117.9953           330.479       7.822
 118.0953           334.487       7.670
 118.1953           330.409       7.814
 118.2953           320.352       7.619
 118.3953           352.476       8.023
 118.4953           383.468       8.352
 118.5953           403.115       8.634
 118.6953           426.162       8.951
 118.7953           455.439       9.353
 118.8953           472.609       9.281
 118.9953           460.482       9.197
 119.0953           436.518       8.872
 119.1953           449.781       9.057
 119.2953           491.198       9.430
 119.3953           591.400      10.344
 119.4953           722.861      11.429
 119.5953           833.858      12.297
 119.6953           785.693      11.854
 119.7953           690.584      11.194
 119.8953           562.085      10.065
 119.9953           445.891       8.948
 120.0953           386.360       8.311
 120.1953           351.600       8.111
 120.2953           329.291       7.434
 120.3953           329.006       7.820
 120.4953           312.439       7.494
 120.5953           321.333       7.642
 120.6953           332.575       7.678
 120.7953           321.048       7.625
 120.8953           317.552       7.544
 120.9953           327.180       7.684
 121.0953           305.991       7.408
 121.1953           304.296       7.422
 121.2953           321.153       7.627
 121.3953           315.042       7.535
 121.4953           316.436       7.564
 121.5953           321.167       7.708
 121.6953           318.671       7.490
 121.7953           351.060       8.177
 121.8953           349.060       8.053
 121.9953           405.946       8.773
 122.0953           440.078       9.017
 122.1953           449.476       9.035
 122.2953           488.231       9.463
 122.3953           516.616       9.691
 122.4953           508.142       9.651
 122.5953           518.690       9.702
 122.6953           481.841       9.394
 122.7953           409.250       8.605
 122.8953           376.695       8.246
 122.9953           342.781       7.923
 123.0953           330.028       7.732
 123.1953           342.884       7.862
 123.2953           356.576       8.052
 123.3953           391.413       8.414
 123.4953           395.460       8.452
 123.5953           393.508       8.436
 123.6953           373.502       8.251
 123.7953           340.974       7.860
 123.8953           343.157       7.875
 123.9953           314.805       7.547
 124.0953           329.110       7.731
 124.1953           337.570       7.827
 124.2953           365.137       8.142
 124.3953           386.025       8.384
 124.4953           386.336       8.407
 124.5953           399.038       8.504
 124.6953           381.399       8.379
 124.7953           352.055       7.934
 124.8953           338.518       7.892
 124.9953           315.962       7.652
 125.0953           320.679       7.750
 125.1953           318.422       7.771
 125.2953           318.396       7.684
 125.3953           316.812       7.668
 125.4953           343.307       7.868
 125.5953           352.363       7.994
 125.6953           401.989       8.534
 125.7953           438.220       8.870
 125.8953           473.484       9.249
 125.9953           501.368       9.497
 126.0953           497.465       9.423
 126.1953           446.044       8.962
 126.2953           378.680       8.258
 126.3953           347.942       7.877
 126.4953           333.520       7.777
 126.5953           317.566       7.533
 126.6953           319.167       7.565
 126.7953           323.188       7.605
 126.8953           340.833       7.823
 126.9953           347.591       7.926
 127.0953           379.826       8.226
 127.1953           425.555       8.725
 127.2953           453.382       9.028
 127.3953           451.143       9.054
 127.4953           439.452       8.853
 127.5953           400.246       8.497
 127.6953           349.387       7.920
 127.7953           345.453       7.919
 127.8953           344.606       7.873
 127.9953           320.194       7.643
 128.0953           304.846       7.394
 128.1953           293.162       7.366
 128.2953           313.003       7.673
 128.3953           314.117       7.700
 128.4953           314.915       7.615
 128.5953           308.187       7.492
 128.6953           301.155       7.394
 128.7953           313.826       7.556
 128.8953           329.332       7.703
 128.9953           330.451       7.748
 129.0953           340.858       7.876
 129.1953           384.522       8.302
 129.2953           426.338       8.757
 129.3953           465.698       9.193
 129.4953           487.759       9.359
 129.5953           493.036       9.422
 129.6953           466.428       9.172
 129.7953           413.166       8.653
 129.8953           370.190       8.152
 129.9953           351.479       7.968
 130.0953           334.509       7.742
 130.1953           332.941       7.755
 130.2953           327.882       7.686
 130.3953           330.405       7.709
 130.4953           305.732       7.433
 130.5953           324.118       7.648
 130.6953           320.270       7.593
 130.7953           318.117       7.596
 130.8953           317.731       7.584
 130.9953           316.679       7.566
 131.0953           346.367       7.927
 131.1953           378.686       8.307
 131.2953           394.006       8.437
 131.3953           382.283       8.402
 131.4953           402.754       8.700
 131.5953           406.264       8.794
 131.6953           394.636       8.519
 131.7953           361.486       8.103
 131.8953           354.109       7.994
 131.9953           348.857       7.978
 132.0953           334.869       7.758
 132.1953           325.845       7.702
 132.2953           308.553       7.470
 132.3953           304.035       7.378
 132.4953           319.254       7.595
 132.5953           304.390       7.380
 132.6953           304.278       7.428
 132.7953           321.519       7.578
 132.8953           320.979       7.593
 132.9953           322.334       7.612
 133.0953           322.316       7.603
 133.1953           324.384       7.509
 133.2953           333.324       7.982
 133.3953           331.281       7.606
 133.4953           347.485       7.889
 133.5953           341.726       7.836
 133.6953           346.935       7.893
 133.7953           363.910       8.101
 133.8953           344.497       7.827
 133.9953           342.565       7.880
 134.0953           364.865       8.110
 134.1953           380.658       8.258
 134.2953           358.452       8.062
 134.3953           361.343       8.092
 134.4953           358.949       8.053
 134.5953           343.152       7.948
 134.6953           321.278       7.813
 134.7953           330.722       7.857
 134.8953           330.023       7.798
 134.9953           320.166       7.589
 135.0953           306.328       7.421
 135.1953           296.845       7.326
 135.2953           297.710       7.320
 135.3953           288.730       7.200
 135.4953           289.552       7.230
 135.5953           294.882       7.251
 135.6953           298.165       7.320
 135.7953           288.990       7.176
 135.8953           301.968       7.376
 135.9953           323.622       7.611
 136.0953           334.701       7.740
 136.1953           368.428       8.141
 136.2953           419.566       8.646
 136.3953           509.820       9.560
 136.4953           612.197      10.487
 136.5953           700.279      11.225
 136.6953           782.059      11.795
 136.7953           828.910      12.196
 136.8953           825.199      12.176
 136.9953           773.502      11.729
 137.0953           656.351      10.863
 137.1953           566.214      10.109
 137.2953           460.124       9.089
 137.3953           410.145       8.573
 137.4953           380.613       8.276
 137.5953           418.069       8.685
 137.6953           463.335       9.154
 137.7953           500.475       9.545
 137.8953           533.299      10.016
 137.9953           548.488      10.148
 138.0953           562.095      10.156
 138.1953           535.148       9.787
 138.2953           516.420       9.684
 138.3953           459.924       9.078
 138.4953           412.648       8.602
 138.5953           396.063       8.423
 138.6953           370.005       8.131
 138.7953           359.596       7.993
 138.8953           345.841       7.838
 138.9953           312.121       7.470
 139.0953           304.535       7.358
 139.1953           311.814       7.416
 139.2953           296.313       7.295
 139.3953           277.120       6.989
 139.4953           290.266       7.207
 139.5953           290.043       7.134
 139.6953           288.935       7.190
 139.7953           294.352       7.255
 139.8953           305.531       7.350
 139.9953           317.935       7.519
 140.0953           334.234       7.709
 140.1953           388.139       8.340
 140.2953           408.130       8.497
 140.3953           433.219       8.823
 140.4953           463.726       9.101
 140.5953           464.227       9.115
 140.6953           480.615       9.306
 140.7953           481.434       9.289
 140.8953           456.737       9.064
 140.9953           456.216       9.154
 141.0953           439.411       9.062
 141.1953           453.016       9.209
 141.2953           460.843       9.146
 141.3953           495.054       9.396
 141.4953           525.717       9.722
 141.5953           513.853       9.563
 141.6953           546.244       9.893
 141.7953           522.757       9.679
 141.8953           501.353       9.434
 141.9953           472.597       9.129
 142.0953           455.786       9.012
 142.1953           423.078       8.689
 142.2953           410.717       8.545
 142.3953           477.350       9.160
 142.4953           483.150       9.291
 142.5953           523.300       9.645
 142.6953           566.145      10.010
 142.7953           600.402      10.300
 142.8953           602.529      10.345
 142.9953           611.470      10.422
 143.0953           593.855      10.230
 143.1953           554.291       9.930
 143.2953           530.354       9.699
 143.3953           513.651       9.550
 143.4953           505.011       9.451
 143.5953           484.720       9.279
 143.6953           491.587       9.407
 143.7953           480.563       9.356
 143.8953           482.949       8.960
 143.9953           478.448       9.414
 144.0953           483.272       9.265
 144.1953           468.720       9.255
 144.2953           424.228       8.850
 144.3953           415.450       8.833
 144.4953           367.205       8.193
 144.5953           372.440       8.176
 144.6953           332.223       7.705
 144.7953           331.363       7.706
 144.8953           311.507       7.446
 144.9953           301.353       7.330
 145.0953           305.967       7.373
 145.1953           292.706       7.232
 145.2953           295.734       7.219
 145.3953           280.295       7.065
 145.4953           287.411       7.147
 145.5953           282.257       6.534
 145.6953           361.686       9.757
 145.7953           279.035       6.517
 145.8953           296.315       7.240
 145.9953           317.173       7.486
 146.0953           338.164       7.746
 146.1953           331.091       7.673
 146.2953           340.311       7.773
 146.3953           335.287       7.654
 146.4953           349.828       7.926
 146.5953           357.025       7.950
 146.6953           379.670       8.202
 146.7953           372.460       8.169
 146.8953           379.992       8.224
 146.9953           390.186       8.347
 147.0953           389.473       8.340
 147.1953           390.880       8.356
 147.2953           395.748       8.413
 147.3953           383.480       8.337
 147.4953           400.556       8.663
 147.5953           369.700       8.285
 147.6953           366.886       8.189
 147.7953           353.686       7.944
 147.8953           334.559       7.770
 147.9953           318.506       7.516
 148.0953           312.816       7.497
 148.1953           296.234       7.236
 148.2953           288.853       7.210
 148.3953           292.219       7.198
 148.4953           287.948       7.251
 148.5953           297.317       7.043
 148.6953           279.903       7.184
 148.7953           279.217       7.236
 148.8953           278.586       6.658
 148.9953           292.653       7.220
 149.0953           284.668       7.245
 149.1953           293.430       7.057
 149.2953           316.198       7.420
 149.3953           318.020       7.485
 149.4953           321.118       7.448
 149.5953           321.254       7.411
 149.6953           330.759       7.796
 149.7953           337.970       7.725
 149.8953           347.713       7.591
 149.9953           332.757       8.071
 150.0953           320.033       7.055
 150.1953           319.176       8.297
 150.2953           319.133       7.154
 150.3953           313.995       7.534
 150.4953           300.671       7.327
 150.5953           307.786       7.450
 150.6953           293.353       6.695
 150.7953             0.000       0.000
 150.8953             0.000       0.000
