XYDATA  Co2SiO4 8mmV 1.87A HiRes FullBeam 500K CF ROC 
INTER        1       1       0     0.100000
TEMP       380.282      387.964      388.010
! d20 23-Apr-08 09:22:09 User Sazono   L.C.Hansen  Run 594842*d20_2008_04_5880
! d20 23-Apr-08 09:22:09 User Sazono   L.C.Hansen  Run 594842*d20_2008_04_5880
! Monitor/counts, Counting time/sec:       100000.      62.5111
   0.0953          4110.787      28.011
   0.1953          4295.797      29.101
   0.2953          4285.232      29.330
   0.3953          4126.628      28.597
   0.4953          3847.138      27.410
   0.5953          3484.879      25.878
   0.6953          3023.036      24.035
   0.7953          2571.815      22.227
   0.8953          2284.064      20.878
   0.9953          1939.828      19.290
   1.0953          1637.059      17.665
   1.1953          1333.833      15.914
   1.2953          1024.684      13.974
   1.3953           759.716      12.021
   1.4953           560.983      10.323
   1.5953           424.310       8.955
   1.6953           380.130       8.521
   1.7953           334.571       7.989
   1.8953           322.198       7.810
   1.9953           306.016       7.615
   2.0953           293.600       7.479
   2.1953           294.325       7.483
   2.2953           287.379       7.371
   2.3953           290.879       7.429
   2.4953           278.951       7.305
   2.5953           268.671       7.097
   2.6953           263.882       7.127
   2.7953           256.668       6.975
   2.8953           253.190       6.956
   2.9953           236.843       6.720
   3.0953           252.274       6.949
   3.1953           231.089       6.646
   3.2953           256.077       6.988
   3.3953           233.921       6.739
   3.4953           239.852       6.918
   3.5953           232.490       6.809
   3.6953           248.821       6.960
   3.7953           244.738       6.859
   3.8953           256.703       7.007
   3.9953           269.848       7.189
   4.0953           317.120       7.751
   4.1953           348.519       8.199
   4.2953           397.172       8.673
   4.3953           440.203       9.133
   4.4953           504.587       9.774
   4.5953           546.777      10.230
   4.6953           611.011      10.724
   4.7953           652.019      11.115
   4.8953           679.608      11.354
   4.9953           707.632      11.618
   5.0953           692.502      11.439
   5.1953           733.157      11.767
   5.2953           689.545      11.467
   5.3953           704.949      11.558
   5.4953           705.495      11.538
   5.5953           705.156      11.572
   5.6953           713.818      11.657
   5.7953           703.333      11.578
   5.8953           691.141      11.404
   5.9953           684.426      11.455
   6.0953           700.009      11.553
   6.1953           680.272      11.421
   6.2953           697.612      11.533
   6.3953           663.762      11.245
   6.4953           683.951      11.482
   6.5953           684.795      11.460
   6.6953           684.040      11.670
   6.7953           661.855      11.488
   6.8953           659.453      11.320
   6.9953           641.947      11.048
   7.0953           645.820      11.094
   7.1953           657.424      11.227
   7.2953           652.692      11.106
   7.3953           660.676      11.246
   7.4953           643.937      11.058
   7.5953           617.673      10.805
   7.6953           606.637      10.714
   7.7953           629.097      10.918
   7.8953           610.807      10.744
   7.9953           612.459      10.712
   8.0953           601.096      10.698
   8.1953           624.454      10.856
   8.2953           622.700      10.835
   8.3953           613.718      10.765
   8.4953           614.087      10.782
   8.5953           598.177      10.613
   8.6953           595.198      10.586
   8.7953           602.850      10.654
   8.8953           599.989      10.643
   8.9953           586.157      10.519
   9.0953           580.220      10.455
   9.1953           598.085      10.658
   9.2953           585.219      10.541
   9.3953           583.612      10.472
   9.4953           573.196      10.455
   9.5953           577.040      10.457
   9.6953           577.406      10.481
   9.7953           575.182      10.560
   9.8953           558.090      10.532
   9.9953           553.858      10.478
  10.0953           569.908      10.468
  10.1953           568.167      10.378
  10.2953           586.475      10.561
  10.3953           552.186      10.219
  10.4953           572.605      10.397
  10.5953           547.444      10.147
  10.6953           551.482      10.221
  10.7953           551.976      10.147
  10.8953           531.178       9.973
  10.9953           542.266      10.073
  11.0953           538.753       9.963
  11.1953           525.901       9.900
  11.2953           549.624      10.723
  11.3953           531.670       9.779
  11.4953           538.223       9.986
  11.5953           530.761       9.935
  11.6953           527.765       9.974
  11.7953           521.436       9.879
  11.8953           521.267       9.892
  11.9953           525.012       9.922
  12.0953           512.005       9.828
  12.1953           524.675       9.923
  12.2953           526.501       9.916
  12.3953           515.830       9.905
  12.4953           528.465       9.985
  12.5953           525.497       9.943
  12.6953           518.313       9.891
  12.7953           505.736       9.834
  12.8953           529.685       9.950
  12.9953           509.469       9.873
  13.0953           515.420      10.239
  13.1953           521.040       9.838
  13.2953           522.297      10.194
  13.3953           508.947       9.818
  13.4953           526.024      10.011
  13.5953           505.321       9.739
  13.6953           521.010       9.957
  13.7953           504.868       9.723
  13.8953           501.886       9.772
  13.9953           510.111       9.740
  14.0953           501.800       9.777
  14.1953           495.010       9.532
  14.2953           492.204       9.679
  14.3953           515.342       9.806
  14.4953           506.562       9.747
  14.5953           499.017       9.744
  14.6953           499.823       9.653
  14.7953           510.166       9.762
  14.8953           508.664       9.757
  14.9953           507.822       9.797
  15.0953           516.043       9.994
  15.1953           507.404       9.452
  15.2953           512.780       9.995
  15.3953           494.160       9.627
  15.4953           501.135       9.682
  15.5953           490.890       9.620
  15.6953           486.754       9.607
  15.7953           485.171       9.528
  15.8953           499.382       9.767
  15.9953           502.189       9.735
  16.0953           506.341       9.834
  16.1953           493.764       9.708
  16.2953           503.781       9.965
  16.3953           512.642      10.097
  16.4953           506.187       9.867
  16.5953           511.050       9.824
  16.6953           506.180       9.827
  16.7953           489.970       9.633
  16.8953           511.183       9.849
  16.9953           505.115       9.755
  17.0953           491.048       9.641
  17.1953           492.459       9.641
  17.2953           493.253       9.620
  17.3953           478.664       9.511
  17.4953           503.206       9.742
  17.5953           498.438       9.632
  17.6953           505.398       9.779
  17.7953           483.407       9.543
  17.8953           496.027       9.627
  17.9953           494.682       9.626
  18.0953           490.390       9.617
  18.1953           492.336       9.617
  18.2953           486.010       9.559
  18.3953           488.911       9.566
  18.4953           500.906       9.732
  18.5953           491.141       9.577
  18.6953           487.159       9.563
  18.7953           497.768       9.701
  18.8953           500.679       9.721
  18.9953           501.452       9.697
  19.0953           499.497       9.729
  19.1953           482.946       9.564
  19.2953           496.494       9.711
  19.3953           474.315       9.490
  19.4953           478.352       9.756
  19.5953           495.452       9.844
  19.6953           489.192       9.646
  19.7953           478.845       9.533
  19.8953           466.617       9.389
  19.9953           487.419       9.585
  20.0953           484.371       9.545
  20.1953           482.388       9.365
  20.2953           497.963      10.048
  20.3953           500.672       9.625
  20.4953           494.037       9.392
  20.5953           504.252       9.859
  20.6953           494.072       9.583
  20.7953           513.926       9.806
  20.8953           526.278       9.916
  20.9953           543.331      10.123
  21.0953           542.235      10.045
  21.1953           568.422      10.316
  21.2953           571.291      10.329
  21.3953           518.516       9.864
  21.4953           499.504       9.674
  21.5953           490.937       9.577
  21.6953           488.097       9.604
  21.7953           479.121       9.429
  21.8953           463.745       9.344
  21.9953           469.854       9.373
  22.0953           473.420       9.436
  22.1953           473.454       9.467
  22.2953           484.240       9.545
  22.3953           487.598       9.614
  22.4953           453.769       9.274
  22.5953           486.683       9.628
  22.6953           464.532       9.576
  22.7953           464.485       9.549
  22.8953           475.999       9.514
  22.9953           475.129       9.435
  23.0953           458.135       9.294
  23.1953           474.105       9.448
  23.2953           479.709       9.463
  23.3953           475.438       9.437
  23.4953           472.001       9.436
  23.5953           463.257       9.243
  23.6953           460.180       9.269
  23.7953           469.093       9.350
  23.8953           457.711       9.234
  23.9953           478.819       9.416
  24.0953           468.816       9.358
  24.1953           466.004       9.326
  24.2953           459.802       9.213
  24.3953           472.154       9.378
  24.4953           471.417       9.345
  24.5953           482.784       9.527
  24.6953           488.837       9.500
  24.7953           504.970       9.661
  24.8953           501.127       9.693
  24.9953           540.680      10.006
  25.0953           547.909      10.095
  25.1953           557.327      10.196
  25.2953           518.798       9.848
  25.3953           512.568       9.780
  25.4953           485.265       9.533
  25.5953           480.447       9.494
  25.6953           461.528       9.290
  25.7953           470.170       9.472
  25.8953           442.581       9.287
  25.9953           474.761       9.639
  26.0953           467.296       9.399
  26.1953           476.938       9.454
  26.2953           464.501       9.305
  26.3953           473.010       9.441
  26.4953           479.711       9.439
  26.5953           483.661       9.469
  26.6953           497.147       9.650
  26.7953           495.326       9.597
  26.8953           501.122       9.660
  26.9953           507.983       9.683
  27.0953           509.382       9.756
  27.1953           503.559       9.657
  27.2953           543.891      10.055
  27.3953           567.369      10.277
  27.4953           601.789      10.566
  27.5953           648.484      10.965
  27.6953           767.251      11.977
  27.7953           912.763      13.002
  27.8953           951.170      13.322
  27.9953           883.053      12.743
  28.0953           803.539      12.265
  28.1953           642.146      10.944
  28.2953           528.442       9.883
  28.3953           489.580       9.579
  28.4953           476.981       9.412
  28.5953           471.880       9.385
  28.6953           484.166       9.536
  28.7953           500.486       9.702
  28.8953           525.940       9.955
  28.9953           551.161      10.172
  29.0953           588.122      10.698
  29.1953           624.794      11.004
  29.2953           578.004      10.523
  29.3953           565.444      10.320
  29.4953           506.919       9.768
  29.5953           484.655       9.514
  29.6953           458.457       9.242
  29.7953           444.667       9.136
  29.8953           466.876       9.364
  29.9953           451.568       9.161
  30.0953           475.554       9.430
  30.1953           459.969       9.270
  30.2953           456.745       9.239
  30.3953           453.699       9.170
  30.4953           480.655       9.498
  30.5953           474.095       9.416
  30.6953           483.678       9.495
  30.7953           485.710       9.498
  30.8953           496.780       9.623
  30.9953           506.364       9.750
  31.0953           551.619      10.113
  31.1953           547.713      10.107
  31.2953           533.122      10.002
  31.3953           499.480       9.645
  31.4953           480.415       9.473
  31.5953           468.622       9.357
  31.6953           466.061       9.374
  31.7953           444.909       9.114
  31.8953           438.402       9.084
  31.9953           442.384       9.095
  32.0953           448.414       9.197
  32.1953           445.219       9.210
  32.2953           453.380       9.425
  32.3953           439.050       9.225
  32.4953           427.117       8.984
  32.5953           455.733       9.232
  32.6953           431.935       8.991
  32.7953           455.314       9.195
  32.8953           450.723       9.189
  32.9953           430.347       8.915
  33.0953           431.835       9.000
  33.1953           429.926       8.907
  33.2953           445.538       9.114
  33.3953           442.389       9.028
  33.4953           434.772       8.982
  33.5953           441.544       9.022
  33.6953           426.400       8.872
  33.7953           456.506       9.238
  33.8953           461.533       9.205
  33.9953           447.464       9.090
  34.0953           434.809       8.977
  34.1953           428.177       8.909
  34.2953           445.038       9.096
  34.3953           446.594       9.006
  34.4953           437.083       9.067
  34.5953           450.776       9.085
  34.6953           449.322       9.168
  34.7953           469.845       9.339
  34.8953           471.435       9.349
  34.9953           457.602       9.204
  35.0953           470.947       9.391
  35.1953           462.030       9.278
  35.2953           473.747       9.428
  35.3953           469.225       9.459
  35.4953           452.651       9.367
  35.5953           453.962       9.389
  35.6953           473.563       9.485
  35.7953           466.093       9.318
  35.8953           471.808       9.400
  35.9953           486.306       9.495
  36.0953           499.800       9.654
  36.1953           531.519       9.925
  36.2953           547.396      10.128
  36.3953           558.953      10.170
  36.4953           569.358      10.306
  36.5953           527.483       9.846
  36.6953           505.635       9.699
  36.7953           493.624       9.533
  36.8953           475.436       9.393
  36.9953           458.071       9.219
  37.0953           446.523       9.084
  37.1953           458.631       9.180
  37.2953           458.421       9.239
  37.3953           459.672       9.212
  37.4953           449.537       9.099
  37.5953           459.843       9.245
  37.6953           452.521       9.150
  37.7953           446.933       9.114
  37.8953           450.812       9.117
  37.9953           474.022       9.383
  38.0953           447.076       9.118
  38.1953           462.767       9.287
  38.2953           467.102       9.298
  38.3953           455.368       9.236
  38.4953           467.965       9.309
  38.5953           454.784       9.297
  38.6953           466.023       9.515
  38.7953           476.267       9.630
  38.8953           458.211       9.305
  38.9953           504.395       9.749
  39.0953           555.738      10.197
  39.1953           605.918      10.601
  39.2953           658.362      11.079
  39.3953           687.117      11.285
  39.4953           659.180      11.092
  39.5953           594.584      10.480
  39.6953           535.756       9.975
  39.7953           478.720       9.403
  39.8953           470.228       9.349
  39.9953           477.379       9.375
  40.0953           465.343       9.281
  40.1953           481.107       9.477
  40.2953           472.992       9.336
  40.3953           461.944       9.233
  40.4953           474.676       9.400
  40.5953           481.031       9.443
  40.6953           458.286       9.204
  40.7953           446.035       9.105
  40.8953           463.275       9.286
  40.9953           465.149       9.283
  41.0953           455.263       9.164
  41.1953           463.938       9.324
  41.2953           460.948       9.254
  41.3953           467.606       9.324
  41.4953           463.917       9.333
  41.5953           474.944       9.411
  41.6953           463.277       9.299
  41.7953           470.151       9.477
  41.8953           490.144       9.929
  41.9953           545.117       9.996
  42.0953           567.095      10.542
  42.1953           665.714      11.146
  42.2953           802.506      12.342
  42.3953           890.059      12.878
  42.4953           944.526      13.320
  42.5953           908.923      12.940
  42.6953           787.502      12.189
  42.7953           698.978      11.401
  42.8953           624.106      10.738
  42.9953           576.218      10.398
  43.0953           522.692       9.831
  43.1953           508.724       9.701
  43.2953           512.889       9.795
  43.3953           579.593      10.340
  43.4953           639.167      10.904
  43.5953           681.484      11.245
  43.6953           634.859      10.821
  43.7953           561.266      10.207
  43.8953           521.500       9.855
  43.9953           489.327       9.498
  44.0953           488.543       9.514
  44.1953           488.060       9.570
  44.2953           529.287       9.890
  44.3953           581.034      10.431
  44.4953           656.772      11.053
  44.5953           782.141      12.013
  44.6953           789.124      12.194
  44.7953           767.074      11.983
  44.8953           656.701      11.094
  44.9953           546.658      10.185
  45.0953           484.929       9.736
  45.1953           464.131       9.478
  45.2953           476.974       9.466
  45.3953           443.839       9.094
  45.4953           452.417       9.151
  45.5953           469.020       9.345
  45.6953           464.226       9.262
  45.7953           514.870       9.746
  45.8953           567.466      10.265
  45.9953           661.829      11.029
  46.0953           825.345      12.310
  46.1953           949.189      13.225
  46.2953           920.583      13.032
  46.3953           789.239      12.030
  46.4953           611.750      10.615
  46.5953           511.063       9.696
  46.6953           471.537       9.309
  46.7953           449.083       9.103
  46.8953           467.693       9.267
  46.9953           480.107       9.369
  47.0953           476.600       9.378
  47.1953           512.330       9.710
  47.2953           560.874      10.169
  47.3953           629.923      10.760
  47.4953           670.454      11.126
  47.5953           643.747      10.861
  47.6953           574.276      10.319
  47.7953           516.850       9.761
  47.8953           499.231       9.618
  47.9953           542.855      10.058
  48.0953           614.510      10.644
  48.1953           813.373      12.431
  48.2953          1254.606      15.575
  48.3953          1851.745      18.984
  48.4953          2779.831      22.813
  48.5953          3373.849      25.096
  48.6953          3490.721      25.444
  48.7953          3184.773      24.386
  48.8953          2644.767      22.081
  48.9953          2027.753      19.367
  49.0953          1352.258      15.889
  49.1953           837.149      12.394
  49.2953           578.339      10.326
  49.3953           484.402       9.462
  49.4953           476.740       9.375
  49.5953           479.531       9.399
  49.6953           487.065       9.447
  49.7953           476.885       9.423
  49.8953           469.411       9.256
  49.9953           458.755       9.177
  50.0953           473.838       9.371
  50.1953           489.039       9.498
  50.2953           460.485       9.210
  50.3953           480.397       9.412
  50.4953           484.985       9.455
  50.5953           480.980       9.444
  50.6953           477.039       9.370
  50.7953           524.871       9.866
  50.8953           584.051      10.398
  50.9953           705.404      11.437
  51.0953           824.707      12.381
  51.1953           865.365      12.688
  51.2953           782.040      12.070
  51.3953           634.350      10.865
  51.4953           516.319      10.041
  51.5953           483.257       9.652
  51.6953           466.015       9.373
  51.7953           498.031       9.622
  51.8953           509.599       9.709
  51.9953           520.768       9.791
  52.0953           522.844       9.846
  52.1953           541.012      10.003
  52.2953           532.231       9.860
  52.3953           538.122       9.969
  52.4953           514.671       9.709
  52.5953           503.187       9.597
  52.6953           491.736       9.502
  52.7953           472.923       9.303
  52.8953           447.794       9.084
  52.9953           456.068       9.114
  53.0953           457.451       9.175
  53.1953           454.784       9.116
  53.2953           440.927       8.993
  53.3953           465.818       9.245
  53.4953           462.390       9.224
  53.5953           448.422       9.041
  53.6953           439.044       8.990
  53.7953           453.555       9.135
  53.8953           457.099       9.124
  53.9953           432.381       8.942
  54.0953           441.350       9.020
  54.1953           466.201       9.256
  54.2953           491.992       9.527
  54.3953           502.018       9.660
  54.4953           567.151      10.233
  54.5953           592.716      10.537
  54.6953           593.913      10.709
  54.7953           567.021      10.488
  54.8953           535.717       9.993
  54.9953           479.516       9.457
  55.0953           496.810       9.566
  55.1953           467.054       9.304
  55.2953           472.582       9.304
  55.3953           501.593       9.619
  55.4953           453.420       9.140
  55.5953           449.057       9.056
  55.6953           476.173       9.384
  55.7953           454.548       9.144
  55.8953           474.438       9.324
  55.9953           451.965       9.098
  56.0953           452.158       9.103
  56.1953           470.619       9.298
  56.2953           472.413       9.308
  56.3953           468.604       9.245
  56.4953           460.337       9.220
  56.5953           450.699       9.107
  56.6953           448.711       9.060
  56.7953           459.297       9.179
  56.8953           476.135       9.368
  56.9953           455.312       9.110
  57.0953           473.287       9.345
  57.1953           453.696       9.131
  57.2953           464.315       9.273
  57.3953           473.353       9.361
  57.4953           445.788       9.021
  57.5953           459.592       9.263
  57.6953           455.536       9.194
  57.7953           457.258       9.236
  57.8953           444.150       9.324
  57.9953           436.273       9.121
  58.0953           448.677       9.174
  58.1953           444.730       9.084
  58.2953           411.584       8.712
  58.3953           442.860       9.074
  58.4953           441.322       8.984
  58.5953           424.698       8.861
  58.6953           448.518       9.060
  58.7953           438.385       8.969
  58.8953           439.723       8.985
  58.9953           434.554       8.974
  59.0953           452.675       8.982
  59.1953           453.514       9.168
  59.2953           479.161       9.381
  59.3953           458.949       9.164
  59.4953           486.001       9.418
  59.5953           444.177       9.007
  59.6953           454.192       9.117
  59.7953           448.945       9.119
  59.8953           454.263       9.047
  59.9953           446.859       9.076
  60.0953           457.412       9.180
  60.1953           455.071       9.111
  60.2953           442.657       8.980
  60.3953           442.022       9.034
  60.4953           436.403       8.925
  60.5953           468.215       9.268
  60.6953           501.922       9.617
  60.7953           490.829       9.511
  60.8953           545.106      10.065
  60.9953           543.121      10.091
  61.0953           536.403      10.132
  61.1953           503.702       9.848
  61.2953           470.753       9.337
  61.3953           457.885       9.172
  61.4953           458.537       9.143
  61.5953           444.219       9.030
  61.6953           449.649       9.053
  61.7953           452.804       9.085
  61.8953           467.628       9.270
  61.9953           471.751       9.245
  62.0953           484.312       9.350
  62.1953           452.816       9.128
  62.2953           453.880       9.049
  62.3953           487.729       9.406
  62.4953           505.768       9.567
  62.5953           491.852       9.504
  62.6953           459.028       9.090
  62.7953           446.849       9.006
  62.8953           425.703       8.783
  62.9953           433.897       8.872
  63.0953           461.638       9.135
  63.1953           459.199       9.110
  63.2953           438.282       8.982
  63.3953           438.565       8.886
  63.4953           461.914       9.137
  63.5953           452.919       9.104
  63.6953           427.673       8.834
  63.7953           433.131       8.843
  63.8953           505.020       9.627
  63.9953           574.085      10.217
  64.0953           859.860      12.556
  64.1953          1392.143      16.033
  64.2953          1978.223      19.126
  64.3953          2291.549      21.380
  64.4953          2047.775      19.229
  64.5953          1663.115      17.622
  64.6953           599.146      10.023
  64.7953           761.205      11.368
  64.8953           612.473      11.620
  64.9953           605.987      12.213
  65.0953           684.809      11.428
  65.1953           736.076      10.679
  65.2953           704.477      11.228
  65.3953           607.409      10.476
  65.4953           499.883       9.546
  65.5953           476.584       9.258
  65.6953           469.228       9.279
  65.7953           439.609       8.942
  65.8953           462.099       9.151
  65.9953           451.821       9.071
  66.0953           465.933       9.240
  66.1953           460.838       9.151
  66.2953           456.671       9.115
  66.3953           456.412       9.108
  66.4953           459.577       9.221
  66.5953           447.997       8.992
  66.6953           463.188       9.207
  66.7953           450.567       9.107
  66.8953           453.399       9.134
  66.9953           445.351       9.005
  67.0953           438.976       8.998
  67.1953           462.721       9.208
  67.2953           446.963       9.108
  67.3953           532.491       9.947
  67.4953           618.705      10.913
  67.5953           698.035      11.541
  67.6953           676.452      11.177
  67.7953           609.762      10.576
  67.8953           503.927       9.596
  67.9953           461.580       9.180
  68.0953           445.472       8.972
  68.1953           436.347       8.894
  68.2953           456.950       9.134
  68.3953           440.201       8.901
  68.4953           439.307       8.914
  68.5953           455.547       9.068
  68.6953           457.588       9.094
  68.7953           514.968       9.633
  68.8953           625.665      10.586
  68.9953           797.754      12.046
  69.0953           888.353      12.572
  69.1953           829.701      12.239
  69.2953           658.086      10.912
  69.3953           528.182       9.791
  69.4953           488.851       9.332
  69.5953           456.859       9.092
  69.6953           442.565       8.936
  69.7953           431.496       8.824
  69.8953           454.398       9.030
  69.9953           472.868       9.270
  70.0953           509.958       9.636
  70.1953           551.823       9.979
  70.2953           550.345      10.023
  70.3953           531.595       9.843
  70.4953           498.262       9.501
  70.5953           497.421       9.592
  70.6953           536.021      10.094
  70.7953           536.214      10.057
  70.8953           534.962       9.914
  70.9953           498.484       9.530
  71.0953           468.093       9.259
  71.1953           440.351       8.911
  71.2953           453.265       9.071
  71.3953           450.022       9.020
  71.4953           435.942       8.876
  71.5953           447.193       8.985
  71.6953           449.989       8.994
  71.7953           438.201       8.880
  71.8953           438.536       8.911
  71.9953           445.077       8.950
  72.0953           438.905       8.916
  72.1953           444.376       8.938
  72.2953           464.188       9.139
  72.3953           532.344       9.776
  72.4953           613.505      10.506
  72.5953           697.392      11.275
  72.6953           705.746      11.212
  72.7953           668.410      10.931
  72.8953           605.594      10.426
  72.9953           515.312       9.553
  73.0953           489.266       9.374
  73.1953           452.559       8.881
  73.2953           420.936       8.492
  73.3953           479.411       8.020
  73.4953           557.802      19.099
  73.5953           575.452       9.772
  73.6953           641.982      10.014
  73.7953           594.560       9.536
  73.8953           502.239      12.920
  73.9953           483.518       9.071
  74.0953           454.954       9.112
  74.1953           442.873       8.949
  74.2953           427.594       8.804
  74.3953           426.459       8.808
  74.4953           411.244       8.603
  74.5953           439.559       8.976
  74.6953           442.462       8.961
  74.7953           460.172       9.143
  74.8953           463.888       9.127
  74.9953           436.529       8.922
  75.0953           441.810       8.959
  75.1953           428.254       8.788
  75.2953           448.433       9.012
  75.3953           440.452       8.953
  75.4953           430.319       8.806
  75.5953           454.763       9.063
  75.6953           472.280       9.255
  75.7953           500.558       9.516
  75.8953           531.501       9.811
  75.9953           592.377      10.373
  76.0953           626.050      10.632
  76.1953           693.096      11.243
  76.2953           817.261      12.113
  76.3953           912.036      12.911
  76.4953           845.667      12.378
  76.5953           702.304      11.281
  76.6953           641.396      10.837
  76.7953           729.810      11.548
  76.8953          1099.756      14.195
  76.9953          1669.553      17.587
  77.0953          2049.502      19.781
  77.1953          1809.657      18.609
  77.2953          1234.829      15.157
  77.3953           787.449      12.035
  77.4953           840.092      12.405
  77.5953          1377.894      15.968
  77.6953          2127.757      19.613
  77.7953          2461.821      21.214
  77.8953          1977.636      19.041
  77.9953          1127.306      14.332
  78.0953           622.937      10.630
  78.1953           466.642       9.246
  78.2953           445.220       8.998
  78.3953           432.291       8.870
  78.4953           449.131       9.042
  78.5953           469.587       9.263
  78.6953           471.103       9.260
  78.7953           518.056       9.711
  78.8953           559.243      10.125
  78.9953           604.590      10.505
  79.0953           563.706      10.142
  79.1953           490.228       9.441
  79.2953           442.545       9.011
  79.3953           444.634       8.996
  79.4953           430.963       8.817
  79.5953           438.517       8.987
  79.6953           425.994       8.831
  79.7953           427.414       8.832
  79.8953           441.481       9.027
  79.9953           435.473       8.949
  80.0953           415.941       8.759
  80.1953           411.695       8.765
  80.2953           424.153       9.057
  80.3953           435.821       9.078
  80.4953           423.663       8.890
  80.5953           453.511       9.114
  80.6953           443.685       9.051
  80.7953           483.884       9.396
  80.8953           500.462       9.578
  80.9953           500.740       9.525
  81.0953           462.010       9.189
  81.1953           453.879       9.074
  81.2953           444.695       9.010
  81.3953           447.908       8.987
  81.4953           455.036       9.097
  81.5953           450.151       9.039
  81.6953           450.814       9.042
  81.7953           456.147       9.117
  81.8953           464.911       9.158
  81.9953           466.860       9.184
  82.0953           483.060       9.371
  82.1953           500.780       9.563
  82.2953           494.312       9.435
  82.3953           476.603       9.292
  82.4953           467.303       9.230
  82.5953           463.517       9.168
  82.6953           452.741       9.021
  82.7953           420.232       8.795
  82.8953           421.654       8.758
  82.9953           420.983       8.746
  83.0953           473.410       9.304
  83.1953           575.149      10.269
  83.2953           736.545      11.620
  83.3953           868.778      12.670
  83.4953           850.843      12.768
  83.5953           663.280      11.229
  83.6953           574.600      10.345
  83.7953           490.211       9.462
  83.8953           495.657       9.557
  83.9953           482.713       9.400
  84.0953           547.941      10.006
  84.1953           618.857      10.612
  84.2953           605.545      10.522
  84.3953           524.509       9.715
  84.4953           448.283       9.049
  84.5953           417.625       8.710
  84.6953           425.829       8.780
  84.7953           425.135       8.774
  84.8953           433.555       8.990
  84.9953           450.561       8.840
  85.0953           444.194       9.069
  85.1953           429.176       8.803
  85.2953           416.968       8.698
  85.3953           426.473       8.820
  85.4953           418.228       8.700
  85.5953           440.661       8.914
  85.6953           436.776       8.916
  85.7953           450.204       9.037
  85.8953           440.769       8.930
  85.9953           429.106       8.890
  86.0953           460.336       9.104
  86.1953           457.227       9.165
  86.2953           457.950       9.108
  86.3953           423.800       8.812
  86.4953           441.806       9.058
  86.5953           459.591       9.170
  86.6953           568.648      10.424
  86.7953           883.607      13.013
  86.8953          1710.255      17.813
  86.9953          2589.916      21.776
  87.0953          3017.247      23.501
  87.1953          2570.292      21.667
  87.2953          1827.980      18.205
  87.3953          1184.287      14.696
  87.4953           719.960      11.463
  87.5953           508.383       9.580
  87.6953           451.304       9.035
  87.7953           428.467       8.831
  87.8953           431.256       8.842
  87.9953           433.304       8.830
  88.0953           433.719       8.877
  88.1953           436.866       8.910
  88.2953           417.847       8.673
  88.3953           412.866       8.635
  88.4953           430.206       8.843
  88.5953           441.147       8.940
  88.6953           426.268       8.776
  88.7953           424.861       8.798
  88.8953           403.230       8.524
  88.9953           420.701       8.761
  89.0953           442.976       8.937
  89.1953           413.032       8.700
  89.2953           430.244       8.817
  89.3953           415.985       8.704
  89.4953           414.975       8.719
  89.5953           423.067       8.748
  89.6953           459.526       9.200
  89.7953           537.123       9.933
  89.8953           691.061      11.464
  89.9953           861.147      12.812
  90.0953           804.197      12.200
  90.1953           648.746      10.913
  90.2953           499.908       9.562
  90.3953           436.327       8.899
  90.4953           424.680       8.727
  90.5953           417.350       8.710
  90.6953           413.930       8.650
  90.7953           427.202       8.796
  90.8953           399.676       8.488
  90.9953           420.715       8.720
  91.0953           422.427       8.766
  91.1953           422.904       8.703
  91.2953           430.215       8.837
  91.3953           462.564       9.116
  91.4953           570.992      10.180
  91.5953           798.493      12.006
  91.6953           957.301      13.162
  91.7953           883.605      12.677
  91.8953           656.083      10.814
  91.9953           507.600       9.617
  92.0953           470.919       9.205
  92.1953           494.864       9.480
  92.2953           488.411       9.386
  92.3953           441.643       8.974
  92.4953           435.900       8.907
  92.5953           415.817       8.682
  92.6953           409.283       8.621
  92.7953           413.201       8.715
  92.8953           428.227       8.832
  92.9953           457.258       9.219
  93.0953           457.965       9.350
  93.1953           467.153       9.440
  93.2953           447.558       9.174
  93.3953           424.209       8.840
  93.4953           406.568       8.648
  93.5953           393.515       8.501
  93.6953           400.720       8.579
  93.7953           399.337       8.551
  93.8953           393.592       8.502
  93.9953           409.907       8.671
  94.0953           416.291       8.688
  94.1953           417.760       8.741
  94.2953           445.642       9.031
  94.3953           512.322       9.644
  94.4953           586.673      10.352
  94.5953           691.205      11.235
  94.6953           687.497      11.206
  94.7953           568.074      10.164
  94.8953           467.732       9.250
  94.9953           462.022       9.222
  95.0953           562.538      10.071
  95.1953           780.956      12.023
  95.2953           980.680      13.361
  95.3953           928.177      13.023
  95.4953           731.020      11.554
  95.5953           671.844      11.101
  95.6953           681.544      11.185
  95.7953           695.526      11.295
  95.8953           691.760      11.192
  95.9953           671.311      11.259
  96.0953           578.800      10.243
  96.1953           528.863       9.957
  96.2953           543.801      10.210
  96.3953           758.379      12.014
  96.4953          1091.484      14.313
  96.5953          1393.341      16.019
  96.6953          1319.983      15.621
  96.7953           904.191      12.942
  96.8953           632.282      10.741
  96.9953           612.411      10.613
  97.0953           665.108      11.064
  97.1953           683.622      11.129
  97.2953           629.046      10.747
  97.3953           658.871      10.989
  97.4953           710.006      11.401
  97.5953           634.375      10.751
  97.6953           519.504       9.745
  97.7953           449.347       9.058
  97.8953           445.854       9.011
  97.9953           476.615       9.311
  98.0953           528.187       9.827
  98.1953           562.077      10.156
  98.2953           610.749      10.505
  98.3953           618.639      10.663
  98.4953           563.052      10.177
  98.5953           540.830       9.891
  98.6953           559.875      10.105
  98.7953           575.299      10.291
  98.8953           567.065      10.210
  98.9953           474.075       9.303
  99.0953           435.657       8.966
  99.1953           443.987       9.005
  99.2953           455.658       9.211
  99.3953           438.605       9.021
  99.4953           418.654       8.987
  99.5953           412.754       8.865
  99.6953           407.723       8.720
  99.7953           394.284       8.476
  99.8953           403.547       8.590
  99.9953           437.043       8.938
 100.0953           451.305       9.059
 100.1953           505.276       9.578
 100.2953           558.960      10.098
 100.3953           528.086       9.761
 100.4953           458.720       9.123
 100.5953           416.999       8.689
 100.6953           411.708       8.636
 100.7953           440.399       8.914
 100.8953           415.595       8.675
 100.9953           435.929       8.871
 101.0953           415.705       8.674
 101.1953           407.953       8.576
 101.2953           389.495       8.400
 101.3953           400.595       8.514
 101.4953           405.726       8.565
 101.5953           387.535       8.403
 101.6953           401.658       8.521
 101.7953           404.975       8.549
 101.8953           392.538       8.458
 101.9953           394.182       8.454
 102.0953           403.862       8.571
 102.1953           399.792       8.508
 102.2953           394.891       8.497
 102.3953           412.191       8.672
 102.4953           422.802       8.750
 102.5953           511.177       9.737
 102.6953           685.137      11.406
 102.8953           900.533      12.981
 102.9953           727.561      11.560
 103.0953           534.469       9.908
 103.1953           472.762       9.322
 103.2953           423.375       8.779
 103.3953           419.337       8.761
 103.4953           420.991       8.761
 103.5953           421.235       8.723
 103.6953           431.711       8.859
 103.7953           452.925       9.080
 103.8953           416.590       8.698
 103.9953           408.447       8.615
 104.0953           418.920       8.718
 104.1953           418.862       8.747
 104.2953           418.751       8.703
 104.3953           411.248       8.645
 104.4953           414.845       8.677
 104.5953           394.768       8.474
 104.6953           402.369       8.538
 104.7953           402.402       8.562
 104.8953           406.525       8.601
 104.9953           402.987       8.582
 105.0953           437.984       8.887
 105.1953           428.697       8.885
 105.2953           438.962       8.932
 105.3953           435.742       8.936
 105.4953           468.646       9.261
 105.5953           553.749      10.063
 105.6953           668.120      11.018
 105.7953           760.107      11.896
 105.8953           779.413      12.322
 105.9953           766.099      11.817
 106.0953           785.866      12.230
 106.1953           639.927      10.809
 106.2953           507.548       9.682
 106.3953           485.241       9.380
 106.4953           544.977       9.972
 106.5953           651.174      10.880
 106.6953           696.261      11.271
 106.7953           672.441      11.015
 106.8953           524.662       9.601
 106.9953           483.913       9.733
 107.0953           455.907       8.921
 107.1953           412.006       8.613
 107.2953           396.348       8.508
 107.3953           402.287       8.507
 107.4953           437.192       8.902
 107.5953           513.655       9.635
 107.6953           649.854      10.855
 107.7953           714.965      11.405
 107.8953           614.526      10.545
 107.9953           514.179       9.679
 108.0953           435.552       8.874
 108.1953           377.875       8.305
 108.2953           399.062       8.504
 108.3953           399.142       8.535
 108.4953           454.256       9.072
 108.5953           501.190       9.566
 108.6953           591.999      10.410
 108.7953           669.808      11.067
 108.8953           748.145      11.646
 108.9953           742.497      11.793
 109.0953           735.184      11.809
 109.1953           717.877      11.682
 109.2953           610.631      10.683
 109.3953           495.344       9.517
 109.4953           445.875       9.051
 109.5953           439.300       9.016
 109.6953           415.216       8.669
 109.7953           444.014       9.024
 109.8953           515.473       9.671
 109.9953           638.376      10.781
 110.0953           652.531      10.869
 110.1953           587.180      10.320
 110.2953           481.116       9.343
 110.3953           411.162       8.626
 110.4953           392.408       8.412
 110.5953           375.422       8.296
 110.6953           415.481       8.652
 110.7953           482.306       9.353
 110.8953           572.386      10.179
 110.9953           632.305      10.726
 111.0953           574.437      10.185
 111.1953           499.994       9.517
 111.2953           416.974       8.696
 111.3953           408.839       8.629
 111.4953           413.798       8.641
 111.5953           397.542       8.538
 111.6953           405.526       8.559
 111.7953           386.987       8.443
 111.8953           365.322       8.110
 111.9953           361.787       8.195
 112.0953           357.698       8.057
 112.1953           367.363       8.281
 112.2953           398.149       8.701
 112.3953           422.736       8.954
 112.4953           550.699      10.076
 112.5953           705.154      11.312
 112.6953           823.677      12.260
 112.7953           743.516      11.593
 112.8953           589.131      10.315
 112.9953           442.763       8.927
 113.0953           383.027       8.348
 113.1953           382.691       8.300
 113.2953           371.292       8.163
 113.3953           368.048       8.171
 113.4953           359.814       8.052
 113.5953           375.438       8.246
 113.6953           397.779       8.437
 113.7953           436.330       8.861
 113.8953           468.992       9.191
 113.9953           496.874       9.436
 114.0953           481.809       9.288
 114.1953           444.511       9.027
 114.2953           390.390       8.342
 114.3953           379.183       8.269
 114.4953           383.790       8.322
 114.5953           364.357       8.089
 114.6953           369.877       8.207
 114.7953           367.667       8.073
 114.8953           365.485       8.201
 114.9953           364.940       8.102
 115.0953           385.911       8.381
 115.1953           396.134       8.475
 115.2953           466.470       9.248
 115.3953           566.576      10.181
 115.4953           652.037      11.151
 115.5953           707.004      11.527
 115.6953           658.317      11.024
 115.7953           537.452       9.870
 115.8953           450.088       9.047
 115.9953           415.999       8.710
 116.0953           413.863       8.645
 116.1953           437.945       8.914
 116.2953           437.496       8.904
 116.3953           409.526       8.597
 116.4953           388.583       8.432
 116.5953           365.827       8.043
 116.6953           354.729       8.025
 116.7953           354.386       7.982
 116.8953           344.672       7.889
 116.9953           360.218       8.069
 117.0953           372.183       8.170
 117.1953           375.273       8.240
 117.2953           370.136       8.163
 117.3953           365.699       8.125
 117.4953           349.534       7.942
 117.5953           351.510       7.954
 117.6953           341.262       7.848
 117.7953           331.385       7.738
 117.8953           357.455       8.005
 117.9953           358.585       8.137
 118.0953           391.310       8.285
 118.1953           432.218       8.925
 118.2953           435.195       8.869
 118.3953           454.477       9.099
 118.4953           474.448       9.278
 118.5953           477.294       9.382
 118.6953           453.137       9.217
 118.7953           443.469       9.217
 118.8953           482.599       9.366
 118.9953           563.501      10.160
 119.0953           689.334      11.134
 119.1953           795.213      12.028
 119.2953           782.661      11.889
 119.3953           717.028      11.374
 119.4953           583.351      10.253
 119.5953           497.290       9.483
 119.6953           406.230       8.511
 119.7953           381.549       8.308
 119.8953           351.292       7.945
 119.9953           341.303       7.818
 120.0953           338.752       7.771
 120.1953           344.669       8.020
 120.2953           338.277       7.525
 120.3953           324.031       7.750
 120.4953           333.654       7.734
 120.5953           323.180       7.654
 120.6953           328.487       7.621
 120.7953           329.571       7.715
 120.8953           340.114       7.797
 120.9953           339.977       7.822
 121.0953           328.426       7.665
 121.1953           326.229       7.674
 121.2953           357.333       8.035
 121.3953           358.067       8.023
 121.4953           375.660       8.231
 121.5953           407.614       8.673
 121.6953           444.294       8.833
 121.7953           493.227       9.680
 121.8953           513.083       9.750
 121.9953           540.484      10.110
 122.0953           522.013       9.807
 122.1953           496.812       9.486
 122.2953           426.887       8.836
 122.3953           367.594       8.163
 122.4953           350.032       7.999
 122.5953           350.164       7.960
 122.6953           334.362       7.814
 122.7953           349.291       7.938
 122.8953           377.472       8.243
 122.9953           404.336       8.593
 123.0953           394.017       8.437
 123.1953           387.281       8.345
 123.2953           373.569       8.231
 123.3953           365.806       8.123
 123.4953           338.508       7.809
 123.5953           341.196       7.844
 123.6953           339.203       7.852
 123.7953           332.454       7.750
 123.8953           347.634       7.915
 123.9953           363.777       8.102
 124.0953           401.435       8.528
 124.1953           411.082       8.626
 124.2953           394.580       8.453
 124.3953           365.717       8.149
 124.4953           355.901       8.058
 124.5953           331.417       7.739
 124.6953           329.488       7.777
 124.7953           342.356       7.813
 124.8953           345.675       7.964
 124.9953           369.469       8.264
 125.0953           365.601       8.264
 125.1953           435.647       9.078
 125.2953           478.147       9.404
 125.3953           486.706       9.492
 125.4953           510.052       9.578
 125.5953           473.727       9.257
 125.6953           429.996       8.814
 125.7953           368.788       8.125
 125.8953           346.217       7.897
 125.9953           342.251       7.835
 126.0953           341.367       7.795
 126.1953           321.766       7.601
 126.2953           325.189       7.641
 126.3953           311.229       7.440
 126.4953           343.833       7.886
 126.5953           366.098       8.078
 126.6953           384.858       8.296
 126.7953           431.235       8.773
 126.8953           481.101       9.283
 126.9953           453.237       9.039
 127.0953           447.229       8.914
 127.1953           406.195       8.512
 127.2953           356.554       7.995
 127.3953           351.668       7.982
 127.4953           339.681       7.772
 127.5953           332.391       7.732
 127.6953           345.213       7.862
 127.7953           324.771       7.668
 127.8953           334.696       7.748
 127.9953           316.228       7.585
 128.0953           309.564       7.441
 128.1953           316.191       7.640
 128.2953           314.968       7.687
 128.3953           324.189       7.812
 128.4953           326.923       7.749
 128.5953           328.614       7.726
 128.6953           329.681       7.726
 128.7953           361.444       8.098
 128.8953           415.085       8.636
 128.9953           447.924       9.009
 129.0953           496.823       9.497
 129.1953           503.134       9.485
 129.2953           500.559       9.477
 129.3953           451.576       9.041
 129.4953           402.225       8.487
 129.5953           377.080       8.229
 129.6953           335.959       7.773
 129.7953           344.605       7.891
 129.8953           347.509       7.888
 129.9953           336.106       7.781
 130.0953           336.818       7.758
 130.1953           330.413       7.715
 130.2953           333.642       7.742
 130.3953           336.326       7.767
 130.4953           340.061       7.828
 130.5953           352.410       7.964
 130.6953           370.417       8.155
 130.7953           415.341       8.668
 130.8953           425.441       8.765
 130.9953           425.480       8.758
 131.0953           404.626       8.557
 131.1953           390.748       8.427
 131.2953           364.817       8.107
 131.3953           362.633       8.172
 131.4953           371.094       8.340
 131.5953           340.577       8.041
 131.6953           342.556       7.926
 131.7953           336.397       7.806
 131.8953           325.054       7.649
 131.9953           342.083       7.890
 132.0953           318.893       7.561
 132.1953           330.771       7.749
 132.2953           322.694       7.629
 132.3953           321.076       7.572
 132.4953           335.694       7.777
 132.5953           325.169       7.618
 132.6953           325.708       7.675
 132.7953           340.251       7.785
 132.8953           328.889       7.676
 132.9953           342.984       7.842
 133.0953           360.278       8.028
 133.1953           355.592       7.852
 133.2953           375.901       8.465
 133.3953           369.587       8.023
 133.4953           374.421       8.178
 133.5953           368.405       8.125
 133.6953           382.902       8.281
 133.7953           387.211       8.345
 133.8953           387.393       8.289
 133.9953           394.082       8.440
 134.0953           351.642       7.951
 134.1953           344.771       7.848
 134.2953           332.151       7.750
 134.3953           331.431       7.739
 134.4953           317.237       7.560
 134.5953           298.684       7.405
 134.6953           307.702       7.635
 134.7953           307.475       7.565
 134.8953           310.739       7.557
 134.9953           312.116       7.482
 135.0953           293.656       7.256
 135.1953           310.831       7.486
 135.2953           298.697       7.322
 135.3953           306.759       7.412
 135.4953           321.551       7.609
 135.5953           342.293       7.802
 135.6953           366.761       8.108
 135.7953           423.150       8.672
 135.8953           523.187       9.697
 135.9953           646.021      10.740
 136.0953           735.984      11.463
 136.1953           784.753      11.867
 136.2953           778.549      11.762
 136.3953           768.999      11.726
 136.4953           694.040      11.151
 136.5953           590.684      10.295
 136.6953           464.588       9.078
 136.7953           402.051       8.482
 136.8953           360.222       8.033
 136.9953           353.588       7.918
 137.0953           394.533       8.410
 137.1953           440.252       8.902
 137.2953           493.262       9.398
 137.3953           530.953       9.741
 137.4953           574.755      10.157
 137.5953           586.515      10.274
 137.6953           590.540      10.321
 137.7953           526.177       9.774
 137.8953           481.742       9.506
 137.9953           422.986       8.900
 138.0953           375.481       8.289
 138.1953           341.749       7.809
 138.2953           322.270       7.639
 138.3953           304.948       7.381
 138.4953           301.846       7.347
 138.5953           318.849       7.547
 138.6953           305.004       7.371
 138.7953           310.933       7.422
 138.8953           324.342       7.580
 138.9953           297.002       7.276
 139.0953           315.238       7.476
 139.1953           321.526       7.520
 139.2953           301.959       7.354
 139.3953           309.439       7.376
 139.4953           326.800       7.637
 139.5953           356.840       7.903
 139.6953           383.843       8.276
 139.7953           420.788       8.664
 139.8953           432.968       8.738
 139.9953           451.919       8.953
 140.0953           483.934       9.264
 140.1953           486.135       9.321
 140.2953           505.334       9.443
 140.3953           496.937       9.437
 140.4953           502.742       9.464
 140.5953           513.136       9.570
 140.6953           538.458       9.837
 140.7953           553.620       9.948
 140.8953           534.642       9.794
 140.9953           530.652       9.859
 141.0953           495.465       9.610
 141.1953           463.737       9.305
 141.2953           428.987       8.812
 141.3953           404.218       8.478
 141.4953           380.257       8.257
 141.5953           370.936       8.114
 141.6953           408.748       8.545
 141.7953           442.134       8.889
 141.8953           492.729       9.340
 141.9953           523.739       9.597
 142.0953           586.804      10.212
 142.1953           596.040      10.300
 142.2953           597.638      10.295
 142.3953           633.685      10.539
 142.4953           576.492      10.136
 142.5953           567.274      10.028
 142.6953           547.305       9.828
 142.7953           504.116       9.425
 142.8953           501.658       9.427
 142.9953           497.274       9.386
 143.0953           481.316       9.197
 143.1953           489.786       9.321
 143.2953           475.826       9.174
 143.3953           467.441       9.098
 143.4953           447.345       8.883
 143.5953           417.130       8.596
 143.6953           404.951       8.526
 143.7953           365.122       8.144
 143.8953           349.617       7.613
 143.9953           327.646       7.779
 144.0953           310.969       7.421
 144.1953           318.133       7.614
 144.2953           296.723       7.390
 144.3953           297.014       7.458
 144.4953           295.992       7.345
 144.5953           304.807       7.386
 144.6953           298.153       7.289
 144.7953           305.069       7.384
 144.8953           306.042       7.371
 144.9953           300.000       7.304
 145.0953           306.199       7.366
 145.1953           312.060       7.458
 145.2953           315.330       7.445
 145.3953           331.601       7.674
 145.4953           347.645       7.851
 145.5953           341.713       7.180
 145.6953           399.584      10.242
 145.7953           340.555       7.191
 145.8953           383.950       8.231
 145.9953           383.487       8.221
 146.0953           390.531       8.313
 146.1953           408.258       8.509
 146.2953           385.795       8.265
 146.3953           399.577       8.344
 146.4953           402.812       8.494
 146.5953           382.193       8.214
 146.6953           388.361       8.284
 146.7953           369.839       8.129
 146.8953           359.248       7.985
 146.9953           348.681       7.880
 147.0953           349.573       7.890
 147.1953           330.284       7.671
 147.2953           316.879       7.517
 147.3953           326.383       7.680
 147.4953           296.844       7.447
 147.5953           302.367       7.482
 147.6953           292.565       7.303
 147.7953           299.130       7.296
 147.8953           293.136       7.263
 147.9953           293.396       7.203
 148.0953           288.837       7.194
 148.1953           297.722       7.244
 148.2953           283.758       7.136
 148.3953           302.572       7.315
 148.4953           307.026       7.477
 148.5953           310.494       7.188
 148.6953           316.865       7.634
 148.7953           326.178       7.811
 148.8953           339.904       7.344
 148.9953           344.293       7.821
 149.0953           347.370       7.992
 149.1953           338.525       7.570
 149.2953           335.493       7.633
 149.3953           338.956       7.718
 149.4953           346.789       7.729
 149.5953           352.453       7.752
 149.6953           334.811       7.833
 149.7953           340.046       7.738
 149.8953           342.468       7.524
 149.9953           344.353       8.199
 150.0953           337.007       7.230
 150.1953           341.983       8.576
 150.2953           346.268       7.442
 150.3953           367.797       8.143
 150.4953           378.426       8.209
 150.5953           410.046       8.587
 150.6953           414.213       7.945
 150.7953             0.000       0.000
 150.8953             0.000       0.000
