XYDATA  Co2SiO4 8mmV 1.87A HiRes FullBeam 500K CF ROC 
INTER        1       1       0     0.100000
TEMP       497.379      500.000      500.000
! d20 23-Apr-08 09:22:09 User Sazono   L.C.Hansen  Run 594842*d20_2008_04_5880
! d20 23-Apr-08 09:22:09 User Sazono   L.C.Hansen  Run 594842*d20_2008_04_5880
! Monitor/counts, Counting time/sec:       100000.      62.5111
   0.0953          4024.358      31.828
   0.1953          4260.853      33.285
   0.2953          4274.507      33.641
   0.3953          4140.427      32.897
   0.4953          3817.581      31.357
   0.5953          3446.816      29.556
   0.6953          3026.075      27.616
   0.7953          2570.801      25.521
   0.8953          2276.924      23.940
   0.9953          1930.997      22.102
   1.0953          1641.171      20.313
   1.1953          1317.908      18.166
   1.2953          1043.268      16.193
   1.3953           761.099      13.818
   1.4953           556.170      11.804
   1.5953           433.688      10.397
   1.6953           355.162       9.458
   1.7953           344.357       9.307
   1.8953           329.519       9.070
   1.9953           310.085       8.802
   2.0953           301.741       8.707
   2.1953           299.303       8.665
   2.2953           294.939       8.575
   2.3953           283.727       8.425
   2.4953           280.038       8.405
   2.5953           278.138       8.292
   2.6953           271.064       8.294
   2.7953           259.209       8.049
   2.8953           245.660       7.867
   2.9953           247.686       7.892
   3.0953           247.588       7.905
   3.1953           222.030       7.480
   3.2953           238.082       7.737
   3.3953           219.861       7.502
   3.4953           244.700       8.024
   3.5953           239.518       7.936
   3.6953           239.513       7.841
   3.7953           260.109       8.120
   3.8953           255.505       8.028
   3.9953           279.316       8.399
   4.0953           320.753       8.951
   4.1953           359.385       9.561
   4.2953           397.376       9.962
   4.3953           451.820      10.626
   4.4953           497.881      11.150
   4.5953           562.832      11.919
   4.6953           625.823      12.464
   4.7953           668.218      12.922
   4.8953           678.891      13.032
   4.9953           682.429      13.102
   5.0953           700.469      13.212
   5.1953           721.305      13.404
   5.2953           728.316      13.534
   5.3953           731.264      13.519
   5.4953           687.286      13.078
   5.5953           693.021      13.175
   5.6953           705.660      13.310
   5.7953           710.627      13.365
   5.8953           710.726      13.281
   5.9953           711.739      13.415
   6.0953           709.923      13.362
   6.1953           687.524      13.185
   6.2953           699.752      13.264
   6.3953           704.781      13.307
   6.4953           710.571      13.441
   6.5953           685.866      13.170
   6.6953           647.424      13.037
   6.7953           665.353      13.228
   6.8953           680.584      13.206
   6.9953           668.810      12.951
   7.0953           670.012      12.976
   7.1953           634.127      12.662
   7.2953           636.722      12.597
   7.3953           649.869      12.809
   7.4953           645.868      12.718
   7.5953           630.631      12.538
   7.6953           619.862      12.437
   7.7953           647.731      12.723
   7.8953           638.548      12.615
   7.9953           650.823      12.681
   8.0953           635.039      12.628
   8.1953           619.694      12.419
   8.2953           610.370      12.319
   8.3953           595.933      12.182
   8.4953           621.120      12.452
   8.5953           607.110      12.278
   8.6953           612.114      12.329
   8.7953           619.991      12.407
   8.8953           607.014      12.294
   8.9953           582.309      12.040
   9.0953           569.659      11.896
   9.1953           576.082      12.012
   9.2953           594.987      12.206
   9.3953           580.586      11.994
   9.4953           592.722      12.209
   9.5953           581.801      12.058
   9.6953           574.300      12.004
   9.7953           592.365      12.306
   9.8953           602.600      12.568
   9.9953           581.935      12.334
  10.0953           593.363      12.266
  10.1953           569.277      11.930
  10.2953           561.254      11.864
  10.3953           560.124      11.819
  10.4953           574.384      11.959
  10.5953           563.483      11.822
  10.6953           570.889      11.943
  10.7953           567.788      11.819
  10.8953           574.099      11.906
  10.9953           560.905      11.765
  11.0953           543.563      11.493
  11.1953           583.220      11.972
  11.2953           559.001      12.419
  11.3953           551.727      11.440
  11.4953           553.425      11.629
  11.5953           539.805      11.506
  11.6953           547.611      11.667
  11.7953           532.157      11.461
  11.8953           539.901      11.561
  11.9953           558.361      11.750
  12.0953           554.571      11.746
  12.1953           544.936      11.613
  12.2953           535.963      11.490
  12.3953           537.795      11.615
  12.4953           531.961      11.505
  12.5953           537.689      11.551
  12.6953           526.219      11.445
  12.7953           536.848      11.635
  12.8953           533.390      11.466
  12.9953           539.930      11.672
  13.0953           527.627      11.897
  13.1953           531.336      11.409
  13.2953           495.909      11.407
  13.3953           513.565      11.326
  13.4953           505.757      11.272
  13.5953           530.753      11.463
  13.6953           514.685      11.365
  13.7953           511.207      11.236
  13.8953           509.826      11.310
  13.9953           519.194      11.284
  14.0953           505.989      11.275
  14.1953           537.848      11.410
  14.2953           509.798      11.312
  14.3953           530.756      11.428
  14.4953           538.945      11.546
  14.5953           520.605      11.429
  14.6953           507.455      11.170
  14.7953           514.385      11.257
  14.8953           525.695      11.391
  14.9953           528.887      11.481
  15.0953           511.548      11.427
  15.1953           520.790      10.996
  15.2953           519.767      11.556
  15.3953           517.643      11.315
  15.4953           522.989      11.359
  15.5953           498.205      11.129
  15.6953           492.123      11.093
  15.7953           502.144      11.131
  15.8953           518.496      11.429
  15.9953           499.000      11.144
  16.0953           496.708      11.185
  16.1953           525.318      11.499
  16.2953           508.931      11.501
  16.3953           501.917      11.473
  16.4953           492.022      11.171
  16.5953           493.376      11.085
  16.6953           496.679      11.179
  16.7953           528.529      11.490
  16.8953           490.697      11.081
  16.9953           504.376      11.195
  17.0953           500.537      11.178
  17.1953           501.080      11.168
  17.2953           515.150      11.290
  17.3953           508.146      11.253
  17.4953           492.725      11.070
  17.5953           488.690      10.952
  17.6953           509.295      11.273
  17.7953           490.670      11.041
  17.8953           484.870      10.930
  17.9953           496.005      11.069
  18.0953           530.815      11.491
  18.1953           508.575      11.224
  18.2953           492.166      11.047
  18.3953           507.765      11.196
  18.4953           489.003      11.043
  18.5953           514.474      11.256
  18.6953           505.298      11.185
  18.7953           496.127      11.122
  18.8953           503.233      11.191
  18.9953           482.483      10.923
  19.0953           491.284      11.080
  19.1953           489.281      11.055
  19.2953           474.147      10.898
  19.3953           493.801      11.120
  19.4953           484.141      11.271
  19.5953           509.967      11.469
  19.6953           503.414      11.237
  19.7953           481.805      10.981
  19.8953           481.077      10.948
  19.9953           490.169      11.038
  20.0953           515.742      11.311
  20.1953           484.369      10.777
  20.2953           499.200      11.553
  20.3953           498.981      11.034
  20.4953           521.557      11.082
  20.5953           506.620      11.348
  20.6953           501.299      11.085
  20.7953           539.347      11.536
  20.8953           535.131      11.482
  20.9953           558.605      11.787
  21.0953           580.133      11.932
  21.1953           589.386      12.064
  21.2953           569.672      11.845
  21.3953           525.413      11.403
  21.4953           538.662      11.537
  21.5953           489.510      10.982
  21.6953           464.743      10.762
  21.7953           493.343      10.988
  21.8953           486.928      10.996
  21.9953           489.689      10.988
  22.0953           491.877      11.046
  22.1953           482.322      10.973
  22.2953           486.265      10.984
  22.3953           505.025      11.237
  22.4953           470.433      10.844
  22.5953           478.279      10.961
  22.6953           466.542      11.021
  22.7953           474.810      11.087
  22.8953           474.490      10.909
  22.9953           476.851      10.854
  23.0953           484.089      10.971
  23.1953           469.041      10.792
  23.2953           483.450      10.909
  23.3953           482.470      10.917
  23.4953           465.217      10.758
  23.5953           464.026      10.623
  23.6953           457.913      10.618
  23.7953           473.365      10.786
  23.8953           471.688      10.765
  23.9953           476.878      10.791
  24.0953           477.116      10.841
  24.1953           476.725      10.832
  24.2953           487.587      10.895
  24.3953           484.620      10.910
  24.4953           473.407      10.754
  24.5953           502.555      11.162
  24.6953           495.913      10.988
  24.7953           495.059      10.985
  24.8953           532.070      11.470
  24.9953           543.567      11.521
  25.0953           573.454      11.860
  25.1953           551.239      11.644
  25.2953           539.458      11.533
  25.3953           519.704      11.309
  25.4953           498.428      11.095
  25.5953           496.044      11.078
  25.6953           476.215      10.837
  25.7953           463.512      10.800
  25.8953           456.953      10.837
  25.9953           483.894      11.175
  26.0953           472.408      10.852
  26.1953           476.231      10.849
  26.2953           479.338      10.855
  26.3953           488.844      11.022
  26.4953           505.277      11.124
  26.5953           524.171      11.320
  26.6953           535.579      11.503
  26.7953           526.216      11.359
  26.8953           519.659      11.297
  26.9953           489.034      10.911
  27.0953           533.028      11.461
  27.1953           527.559      11.351
  27.2953           546.900      11.579
  27.3953           571.979      11.850
  27.4953           643.435      12.547
  27.5953           712.705      13.201
  27.6953           843.241      14.419
  27.7953           960.251      15.316
  27.8953           982.049      15.545
  27.9953           900.492      14.778
  28.0953           780.463      13.882
  28.1953           636.064      12.508
  28.2953           527.727      11.342
  28.3953           472.354      10.805
  28.4953           491.858      10.976
  28.5953           490.853      10.992
  28.6953           508.232      11.220
  28.7953           524.109      11.402
  28.8953           551.704      11.709
  28.9953           579.319      11.976
  29.0953           618.801      12.602
  29.1953           615.929      12.546
  29.2953           579.337      12.098
  29.3953           552.930      11.719
  29.4953           522.549      11.389
  29.5953           482.248      10.898
  29.6953           496.760      11.047
  29.7953           487.659      10.987
  29.8953           489.147      11.007
  29.9953           462.439      10.646
  30.0953           482.872      10.913
  30.1953           493.266      11.024
  30.2953           484.047      10.922
  30.3953           477.833      10.807
  30.4953           483.877      10.944
  30.5953           482.910      10.913
  30.6953           492.835      11.006
  30.7953           500.431      11.072
  30.8953           529.038      11.404
  30.9953           544.487      11.611
  31.0953           553.850      11.637
  31.1953           552.371      11.655
  31.2953           501.113      11.136
  31.3953           519.204      11.292
  31.4953           488.960      10.975
  31.5953           465.959      10.715
  31.6953           461.705      10.714
  31.7953           460.915      10.653
  31.8953           472.408      10.829
  31.9953           449.751      10.531
  32.0953           452.278      10.607
  32.1953           453.225      10.671
  32.2953           462.761      10.935
  32.3953           464.484      10.897
  32.4953           460.840      10.717
  32.5953           444.636      10.471
  32.6953           448.193      10.517
  32.7953           452.044      10.521
  32.8953           463.461      10.700
  32.9953           439.402      10.345
  33.0953           457.921      10.644
  33.1953           452.606      10.495
  33.2953           458.738      10.620
  33.3953           463.132      10.608
  33.4953           466.430      10.684
  33.5953           448.324      10.440
  33.6953           452.782      10.499
  33.7953           442.258      10.442
  33.8953           474.770      10.721
  33.9953           468.576      10.683
  34.0953           448.755      10.473
  34.1953           446.354      10.445
  34.2953           458.193      10.598
  34.3953           447.396      10.352
  34.4953           469.271      10.789
  34.5953           481.717      10.785
  34.6953           457.607      10.625
  34.7953           476.644      10.802
  34.8953           487.007      10.912
  34.9953           474.575      10.764
  35.0953           458.813      10.644
  35.1953           475.900      10.813
  35.2953           475.803      10.850
  35.3953           483.270      11.023
  35.4953           477.812      11.052
  35.5953           475.762      11.037
  35.6953           491.501      11.096
  35.7953           474.142      10.793
  35.8953           491.048      11.013
  35.9953           496.336      11.016
  36.0953           532.227      11.441
  36.1953           555.786      11.655
  36.2953           578.317      11.955
  36.3953           605.149      12.152
  36.4953           559.694      11.734
  36.5953           549.968      11.546
  36.6953           509.556      11.181
  36.7953           496.303      10.978
  36.8953           477.702      10.812
  36.9953           459.483      10.603
  37.0953           479.432      10.810
  37.1953           456.036      10.512
  37.2953           470.968      10.754
  37.3953           453.545      10.508
  37.4953           464.116      10.617
  37.5953           451.254      10.517
  37.6953           461.847      10.615
  37.7953           468.092      10.711
  37.8953           456.642      10.537
  37.9953           444.573      10.435
  38.0953           470.890      10.747
  38.1953           460.591      10.640
  38.2953           483.233      10.860
  38.3953           457.488      10.631
  38.4953           479.153      10.817
  38.5953           479.206      10.959
  38.6953           472.903      11.007
  38.7953           480.174      11.104
  38.8953           514.339      11.321
  38.9953           534.740      11.527
  39.0953           586.575      12.031
  39.1953           665.310      12.757
  39.2953           721.717      13.322
  39.3953           706.709      13.144
  39.4953           646.820      12.617
  39.5953           601.436      12.104
  39.6953           526.778      11.358
  39.7953           463.492      10.625
  39.8953           473.298      10.771
  39.9953           465.172      10.627
  40.0953           466.478      10.671
  40.1953           482.062      10.894
  40.2953           473.347      10.725
  40.3953           455.610      10.530
  40.4953           487.780      10.943
  40.5953           474.240      10.767
  40.6953           480.040      10.818
  40.7953           478.424      10.829
  40.8953           487.000      10.933
  40.9953           475.395      10.777
  41.0953           482.408      10.833
  41.1953           456.140      10.617
  41.2953           499.599      11.064
  41.3953           492.602      10.990
  41.4953           490.732      11.023
  41.5953           461.075      10.648
  41.6953           470.397      10.761
  41.7953           494.307      11.160
  41.8953           524.120      11.791
  41.9953           557.663      11.610
  42.0953           630.574      12.766
  42.1953           782.734      13.880
  42.2953           875.646      14.805
  42.3953           953.682      15.308
  42.4953           950.111      15.342
  42.5953           876.798      14.595
  42.6953           768.346      13.827
  42.7953           682.466      12.937
  42.8953           613.518      12.226
  42.9953           549.564      11.661
  43.0953           535.946      11.432
  43.1953           522.078      11.286
  43.2953           590.820      12.073
  43.3953           631.310      12.393
  43.4953           673.424      12.853
  43.5953           658.450      12.693
  43.6953           628.542      12.365
  43.7953           564.441      11.754
  43.8953           513.342      11.229
  43.9953           483.610      10.844
  44.0953           491.082      10.954
  44.1953           539.231      11.552
  44.2953           569.587      11.782
  44.3953           655.164      12.720
  44.4953           766.844      13.716
  44.5953           844.638      14.337
  44.6953           814.087      14.223
  44.7953           694.143      13.090
  44.8953           595.389      12.131
  44.9953           541.998      11.646
  45.0953           488.196      11.218
  45.1953           460.453      10.841
  45.2953           462.522      10.704
  45.3953           466.146      10.703
  45.4953           463.828      10.641
  45.5953           463.579      10.669
  45.6953           497.184      11.008
  45.7953           529.139      11.346
  45.8953           609.287      12.215
  45.9953           746.085      13.448
  46.0953           926.511      14.979
  46.1953           975.996      15.401
  46.2953           914.583      14.917
  46.3953           740.971      13.386
  46.4953           580.590      11.876
  46.5953           509.482      11.118
  46.6953           505.535      11.069
  46.7953           495.655      10.982
  46.8953           478.263      10.762
  46.9953           496.928      10.946
  47.0953           515.390      11.199
  47.1953           547.277      11.525
  47.2953           603.035      12.109
  47.3953           655.001      12.601
  47.4953           687.686      12.941
  47.5953           654.918      12.581
  47.6953           565.865      11.763
  47.7953           527.251      11.321
  47.8953           546.462      11.556
  47.9953           568.211      11.817
  48.0953           741.406      13.427
  48.1953          1050.714      16.226
  48.2953          1681.499      20.707
  48.3953          2504.418      25.354
  48.4953          3267.056      28.403
  48.5953          3512.435      29.407
  48.6953          3337.088      28.570
  48.7953          2909.896      26.770
  48.8953          2318.107      23.741
  48.9953          1693.329      20.325
  49.0953          1090.007      16.382
  49.1953           724.063      13.237
  49.2953           559.924      11.668
  49.3953           503.793      11.081
  49.4953           512.996      11.168
  49.5953           505.093      11.078
  49.6953           492.255      10.907
  49.7953           508.828      11.178
  49.8953           484.743      10.801
  49.9953           495.335      10.951
  50.0953           491.209      10.956
  50.1953           464.158      10.626
  50.2953           489.227      10.901
  50.3953           482.745      10.835
  50.4953           487.402      10.885
  50.5953           491.008      10.957
  50.6953           508.973      11.115
  50.7953           579.453      11.905
  50.8953           683.123      12.914
  50.9953           814.898      14.117
  51.0953           896.461      14.824
  51.1953           870.916      14.617
  51.2953           718.596      13.287
  51.3953           622.336      12.358
  51.4953           505.518      11.410
  51.5953           514.020      11.431
  51.6953           488.275      11.018
  51.7953           514.354      11.229
  51.8953           517.145      11.232
  51.9953           507.364      11.098
  52.0953           516.640      11.239
  52.1953           527.841      11.347
  52.2953           541.718      11.423
  52.3953           545.521      11.526
  52.4953           531.399      11.329
  52.5953           530.833      11.320
  52.6953           474.366      10.718
  52.7953           467.266      10.620
  52.8953           465.625      10.637
  52.9953           452.038      10.420
  53.0953           425.615      10.163
  53.1953           454.929      10.470
  53.2953           450.377      10.437
  53.3953           463.081      10.585
  53.4953           435.298      10.277
  53.5953           456.742      10.478
  53.6953           473.646      10.723
  53.7953           463.217      10.602
  53.8953           459.905      10.510
  53.9953           479.987      10.820
  54.0953           468.991      10.678
  54.1953           483.709      10.827
  54.2953           525.981      11.312
  54.3953           573.592      11.858
  54.4953           591.648      12.002
  54.5953           607.006      12.246
  54.6953           588.192      12.238
  54.7953           564.345      12.015
  54.8953           530.477      11.419
  54.9953           511.613      11.218
  55.0953           503.104      11.055
  55.1953           496.178      11.013
  55.2953           485.296      10.827
  55.3953           481.687      10.825
  55.4953           488.628      10.896
  55.5953           479.983      10.752
  55.6953           462.850      10.624
  55.7953           480.822      10.800
  55.8953           475.352      10.718
  55.9953           482.054      10.790
  56.0953           474.233      10.706
  56.1953           457.835      10.531
  56.2953           489.505      10.881
  56.3953           483.273      10.782
  56.4953           471.439      10.715
  56.5953           455.053      10.509
  56.6953           476.443      10.721
  56.7953           461.773      10.569
  56.8953           483.026      10.836
  56.9953           485.320      10.801
  57.0953           484.968      10.863
  57.1953           462.611      10.588
  57.2953           473.101      10.750
  57.3953           455.777      10.548
  57.4953           469.932      10.636
  57.5953           458.871      10.628
  57.6953           474.237      10.773
  57.7953           458.344      10.619
  57.8953           463.626      10.940
  57.9953           459.672      10.751
  58.0953           452.921      10.585
  58.1953           466.850      10.688
  58.2953           437.974      10.320
  58.3953           448.926      10.491
  58.4953           444.996      10.360
  58.5953           451.089      10.488
  58.6953           465.519      10.599
  58.7953           463.668      10.593
  58.8953           459.072      10.543
  58.9953           468.733      10.703
  59.0953           462.300      10.424
  59.1953           479.789      10.829
  59.2953           490.700      10.902
  59.3953           488.695      10.860
  59.4953           483.274      10.785
  59.5953           473.534      10.680
  59.6953           447.651      10.394
  59.7953           449.895      10.483
  59.8953           476.454      10.641
  59.9953           462.885      10.608
  60.0953           465.956      10.639
  60.1953           461.582      10.537
  60.2953           471.821      10.646
  60.3953           454.114      10.515
  60.4953           462.390      10.550
  60.5953           495.046      10.944
  60.6953           542.868      11.486
  60.7953           568.084      11.751
  60.8953           576.728      11.889
  60.9953           557.037      11.736
  61.0953           540.071      11.675
  61.1953           515.213      11.438
  61.2953           482.095      10.851
  61.3953           464.025      10.604
  61.4953           453.218      10.439
  61.5953           468.904      10.654
  61.6953           468.956      10.617
  61.7953           472.861      10.662
  61.8953           496.513      10.969
  61.9953           490.254      10.823
  62.0953           498.247      10.891
  62.1953           495.747      10.968
  62.2953           491.519      10.814
  62.3953           513.566      11.084
  62.4953           498.269      10.904
  62.5953           495.560      10.956
  62.6953           480.250      10.677
  62.7953           454.530      10.430
  62.8953           448.361      10.352
  62.9953           452.362      10.403
  63.0953           475.069      10.642
  63.1953           459.479      10.464
  63.2953           431.357      10.233
  63.3953           468.683      10.549
  63.4953           477.605      10.669
  63.5953           454.179      10.469
  63.6953           468.008      10.612
  63.7953           473.353      10.616
  63.8953           555.913      11.599
  63.9953           788.359      13.751
  64.0953          1253.804      17.412
  64.1953          1896.285      21.490
  64.2953          2325.686      23.816
  64.3953          2095.682      23.480
  64.4953          1621.220      19.649
  64.5953          1288.865      17.815
  64.6953           475.196      10.251
  64.7953           689.989      12.429
  64.8953           661.773      13.871
  64.9953           717.729      15.264
  65.0953           759.548      13.821
  65.1953           742.526      12.317
  65.2953           590.159      11.801
  65.3953           537.021      11.311
  65.4953           466.876      10.594
  65.5953           479.321      10.662
  65.6953           464.154      10.598
  65.7953           473.253      10.654
  65.8953           487.049      10.789
  65.9953           471.926      10.646
  66.0953           474.554      10.708
  66.1953           489.602      10.832
  66.2953           470.038      10.620
  66.3953           488.051      10.816
  66.4953           471.879      10.730
  66.5953           471.077      10.589
  66.6953           468.441      10.633
  66.7953           486.677      10.869
  66.8953           469.802      10.677
  66.9953           466.541      10.584
  67.0953           459.479      10.572
  67.1953           478.996      10.759
  67.2953           507.705      11.148
  67.3953           601.806      12.143
  67.4953           696.398      13.297
  67.5953           713.459      13.400
  67.6953           658.540      12.664
  67.7953           580.600      11.851
  67.8953           507.699      11.060
  67.9953           467.369      10.608
  68.0953           458.538      10.454
  68.1953           442.034      10.280
  68.2953           457.670      10.497
  68.3953           443.337      10.258
  68.4953           448.159      10.339
  68.5953           488.902      10.788
  68.6953           508.139      11.005
  68.7953           612.872      12.068
  68.8953           787.153      13.637
  68.9953           903.163      14.719
  69.0953           870.532      14.292
  69.1953           698.260      12.893
  69.2953           540.924      11.361
  69.3953           497.386      10.911
  69.4953           480.216      10.622
  69.5953           455.977      10.431
  69.6953           468.964      10.563
  69.7953           461.715      10.483
  69.8953           466.238      10.504
  69.9953           533.755      11.310
  70.0953           579.870      11.800
  70.1953           578.771      11.736
  70.2953           551.739      11.525
  70.3953           496.994      10.929
  70.4953           505.842      10.994
  70.5953           523.039      11.296
  70.6953           556.495      11.811
  70.7953           546.218      11.656
  70.8953           519.179      11.215
  70.9953           478.370      10.721
  71.0953           454.031      10.471
  71.1953           469.197      10.563
  71.2953           478.303      10.701
  71.3953           441.578      10.261
  71.4953           445.000      10.299
  71.5953           454.983      10.408
  71.6953           447.376      10.299
  71.7953           458.989      10.437
  71.8953           446.755      10.328
  71.9953           461.637      10.467
  72.0953           456.507      10.443
  72.1953           492.880      10.810
  72.2953           516.320      11.069
  72.3953           652.135      12.427
  72.4953           694.991      12.842
  72.5953           727.906      13.228
  72.6953           652.584      12.381
  72.7953           587.246      11.766
  72.8953           583.239      11.750
  72.9953           481.060      10.599
  73.0953           472.304      10.577
  73.1953           475.027      10.448
  73.2953           461.142      10.207
  73.3953           544.857       9.819
  73.4953           657.979      23.820
  73.5953           633.536      11.775
  73.6953           658.995      11.651
  73.7953           566.640      10.691
  73.8953           481.235      14.523
  73.9953           464.816      10.214
  74.0953           460.630      10.529
  74.1953           456.457      10.433
  74.2953           451.073      10.384
  74.3953           448.194      10.370
  74.4953           431.732      10.123
  74.5953           456.150      10.501
  74.6953           462.642      10.523
  74.7953           447.286      10.352
  74.8953           460.886      10.448
  74.9953           466.515      10.592
  75.0953           450.636      10.390
  75.1953           437.066      10.195
  75.2953           465.270      10.542
  75.3953           446.196      10.349
  75.4953           442.251      10.252
  75.5953           483.744      10.734
  75.6953           500.615      10.943
  75.7953           569.494      11.656
  75.8953           579.392      11.763
  75.9953           652.118      12.499
  76.0953           688.963      12.809
  76.1953           788.529      13.773
  76.2953           868.761      14.343
  76.3953           867.515      14.461
  76.4953           756.401      13.443
  76.5953           694.889      12.886
  76.6953           864.789      14.451
  76.7953          1295.945      17.673
  76.8953          1897.885      21.417
  76.9953          2054.157      22.403
  77.0953          1648.465      20.373
  77.1953           982.883      15.749
  77.2953           694.060      13.049
  77.3953           834.988      14.232
  77.4953          1371.421      18.203
  77.5953          2160.775      22.965
  77.6953          2501.591      24.422
  77.7953          1954.044      21.705
  77.8953          1127.393      16.510
  77.9953           622.514      12.230
  78.0953           506.650      11.009
  78.1953           463.167      10.579
  78.2953           458.104      10.482
  78.3953           457.998      10.485
  78.4953           475.142      10.681
  78.5953           500.732      10.985
  78.6953           548.570      11.476
  78.7953           584.564      11.846
  78.8953           628.286      12.324
  78.9953           550.307      11.510
  79.0953           484.418      10.797
  79.1953           465.914      10.570
  79.2953           447.625      10.407
  79.3953           432.742      10.191
  79.4953           462.721      10.492
  79.5953           434.505      10.273
  79.6953           449.046      10.412
  79.7953           447.656      10.380
  79.8953           437.377      10.318
  79.9953           437.498      10.300
  80.0953           449.777      10.460
  80.1953           441.288      10.422
  80.2953           429.010      10.461
  80.3953           438.842      10.460
  80.4953           433.728      10.330
  80.5953           471.989      10.678
  80.6953           530.368      11.364
  80.7953           524.573      11.235
  80.8953           516.879      11.179
  80.9953           480.207      10.711
  81.0953           469.493      10.637
  81.1953           453.100      10.411
  81.2953           447.052      10.374
  81.3953           466.559      10.533
  81.4953           441.537      10.291
  81.5953           484.741      10.772
  81.6953           484.043      10.759
  81.7953           490.529      10.858
  81.8953           490.115      10.799
  81.9953           491.550      10.822
  82.0953           530.849      11.282
  82.1953           515.184      11.139
  82.2953           514.152      11.050
  82.3953           477.305      10.678
  82.4953           451.304      10.417
  82.5953           421.837      10.044
  82.6953           448.201      10.307
  82.7953           452.241      10.478
  82.8953           465.158      10.564
  82.9953           471.571      10.630
  83.0953           579.754      11.824
  83.1953           739.222      13.370
  83.2953           903.728      14.781
  83.3953           893.569      14.756
  83.4953           718.302      13.472
  83.5953           586.634      12.127
  83.6953           504.496      11.132
  83.7953           516.178      11.150
  83.8953           493.276      10.948
  83.9953           552.124      11.545
  84.0953           626.989      12.292
  84.1953           617.927      12.177
  84.2953           563.720      11.658
  84.3953           475.512      10.622
  84.4953           456.753      10.490
  84.5953           423.296      10.070
  84.6953           451.265      10.380
  84.7953           473.516      10.633
  84.8953           464.344      10.684
  84.9953           463.365      10.294
  85.0953           452.217      10.508
  85.1953           430.492      10.124
  85.2953           446.517      10.337
  85.3953           453.210      10.441
  85.4953           444.390      10.299
  85.5953           445.353      10.290
  85.6953           447.361      10.362
  85.7953           450.901      10.385
  85.8953           460.773      10.486
  85.9953           454.659      10.508
  86.0953           461.296      10.465
  86.1953           445.254      10.386
  86.2953           462.021      10.506
  86.3953           454.998      10.485
  86.4953           501.841      11.087
  86.5953           615.335      12.185
  86.6953          1043.696      16.219
  86.7953          1727.628      20.897
  86.8953          2682.492      25.621
  86.9953          2939.145      26.641
  87.0953          2546.124      24.792
  87.1953          1838.096      21.042
  87.2953          1217.553      17.063
  87.3953           729.146      13.242
  87.4953           507.046      11.046
  87.5953           458.045      10.443
  87.6953           451.794      10.381
  87.7953           456.317      10.466
  87.8953           448.000      10.349
  87.9953           452.065      10.357
  88.0953           438.499      10.250
  88.1953           436.878      10.232
  88.2953           438.984      10.209
  88.3953           438.964      10.225
  88.4953           447.258      10.354
  88.5953           431.476      10.153
  88.6953           421.540      10.022
  88.7953           430.304      10.168
  88.8953           452.659      10.371
  88.9953           446.303      10.362
  89.0953           439.375      10.221
  89.1953           445.862      10.380
  89.2953           436.321      10.197
  89.3953           441.708      10.300
  89.4953           440.706      10.319
  89.5953           488.062      10.790
  89.6953           597.571      12.048
  89.7953           764.405      13.609
  89.8953           856.508      14.657
  89.9953           776.464      13.971
  90.0953           605.782      12.159
  90.1953           491.879      10.912
  90.2953           450.579      10.425
  90.3953           439.452      10.256
  90.4953           428.311      10.065
  90.5953           437.721      10.243
  90.6953           425.255      10.068
  90.7953           426.287      10.090
  90.8953           423.662      10.036
  90.9953           433.752      10.167
  91.0953           401.596       9.815
  91.1953           446.692      10.272
  91.2953           518.795      11.145
  91.3953           661.753      12.522
  91.4953           864.198      14.383
  91.5953           985.984      15.322
  91.6953           860.353      14.329
  91.7953           610.174      12.097
  91.8953           519.896      11.054
  91.9953           509.143      11.060
  92.0953           505.714      10.955
  92.1953           481.845      10.742
  92.2953           463.795      10.503
  92.3953           427.063      10.134
  92.4953           413.776       9.965
  92.5953           434.102      10.187
  92.6953           441.336      10.280
  92.7953           451.116      10.457
  92.8953           469.621      10.621
  92.9953           498.851      11.058
  93.0953           479.083      10.982
  93.1953           458.074      10.734
  93.2953           412.385      10.112
  93.3953           453.284      10.493
  93.4953           418.982      10.082
  93.5953           413.369      10.005
  93.6953           439.340      10.315
  93.7953           430.052      10.190
  93.8953           436.473      10.282
  93.9953           416.969      10.042
  94.0953           455.271      10.434
  94.1953           491.861      10.893
  94.2953           552.025      11.543
  94.3953           658.224      12.554
  94.4953           737.385      13.328
  94.5953           635.306      12.369
  94.6953           501.688      10.992
  94.7953           451.273      10.402
  94.8953           507.807      11.068
  94.9953           634.384      12.410
  95.0953           853.742      14.249
  95.1953          1019.515      15.777
  95.2953           913.521      14.810
  95.3953           704.046      13.024
  95.4953           664.211      12.648
  95.5953           660.103      12.636
  95.6953           709.772      13.108
  95.7953           717.224      13.172
  95.8953           681.592      12.758
  95.9953           536.872      11.562
  96.0953           555.083      11.519
  96.1953           680.706      12.973
  96.2953           991.879      15.836
  96.3953          1419.514      18.877
  96.4953          1373.465      18.440
  96.5953           971.199      15.358
  96.6953           623.805      12.331
  96.7953           568.417      11.783
  96.8953           650.001      12.507
  96.9953           724.496      13.256
  97.0953           680.314      12.850
  97.1953           622.925      12.200
  97.2953           661.062      12.652
  97.3953           695.148      12.962
  97.4953           615.677      12.192
  97.5953           473.025      10.660
  97.6953           442.317      10.326
  97.7953           484.721      10.804
  97.8953           496.245      10.918
  97.9953           543.647      11.421
  98.0953           606.419      12.092
  98.1953           622.942      12.278
  98.2953           624.586      12.200
  98.3953           582.913      11.886
  98.4953           591.182      11.975
  98.5953           590.884      11.872
  98.6953           611.386      12.126
  98.7953           532.403      11.369
  98.8953           460.290      10.563
  98.9953           452.570      10.438
  99.0953           475.745      10.760
  99.1953           467.742      10.614
  99.2953           445.940      10.464
  99.3953           424.988      10.197
  99.4953           411.136      10.227
  99.5953           411.996      10.170
  99.6953           405.836       9.991
  99.7953           420.974      10.057
  99.8953           441.044      10.313
  99.9953           481.156      10.770
 100.0953           541.253      11.393
 100.1953           569.161      11.674
 100.2953           522.529      11.212
 100.3953           457.510      10.433
 100.4953           434.786      10.200
 100.5953           417.149       9.980
 100.6953           415.860       9.967
 100.7953           440.160      10.234
 100.8953           427.469      10.104
 100.9953           408.470       9.861
 101.0953           417.180       9.978
 101.1953           413.889       9.919
 101.2953           429.089      10.125
 101.3953           419.243      10.002
 101.4953           409.867       9.886
 101.5953           402.699       9.837
 101.6953           417.648       9.978
 101.7953           421.016      10.010
 101.8953           410.958       9.938
 101.9953           422.996      10.057
 102.0953           422.479      10.068
 102.1953           409.505       9.888
 102.2953           422.646      10.095
 102.3953           473.102      10.670
 102.4953           551.428      11.476
 102.5953           752.999      13.573
 102.6953           949.483      15.421
 102.8953           711.600      13.251
 102.9953           529.714      11.327
 103.0953           491.674      10.913
 103.1953           432.666      10.241
 103.2953           432.787      10.192
 103.3953           427.241      10.155
 103.4953           423.415      10.090
 103.5953           443.553      10.279
 103.6953           457.863      10.477
 103.7953           446.286      10.351
 103.8953           423.887      10.075
 103.9953           435.856      10.219
 104.0953           417.263       9.992
 104.1953           449.764      10.409
 104.2953           445.370      10.307
 104.3953           437.854      10.244
 104.4953           403.236       9.823
 104.5953           405.682       9.865
 104.6953           409.492       9.891
 104.7953           413.194       9.963
 104.8953           440.367      10.280
 104.9953           449.513      10.409
 105.0953           449.426      10.338
 105.1953           436.150      10.292
 105.2953           450.404      10.391
 105.3953           516.680      11.174
 105.4953           677.500      12.788
 105.5953           790.668      13.810
 105.6953           863.215      14.383
 105.7953           883.158      14.725
 105.8953           742.459      13.811
 105.9953           586.967      11.878
 106.0953           485.353      11.036
 106.1953           503.419      11.009
 106.2953           574.375      11.828
 106.3953           658.653      12.551
 106.4953           691.097      12.896
 106.5953           604.860      12.042
 106.6953           530.526      11.298
 106.7953           501.525      10.923
 106.8953           487.287      10.626
 106.9953           446.329      10.734
 107.0953           427.890       9.924
 107.1953           394.661       9.681
 107.2953           414.055       9.987
 107.3953           468.859      10.547
 107.4953           584.273      11.819
 107.5953           692.014      12.844
 107.6953           692.284      12.866
 107.7953           550.331      11.490
 107.8953           467.922      10.567
 107.9953           414.684       9.982
 108.0953           411.518       9.905
 108.1953           404.922       9.873
 108.2953           474.437      10.649
 108.3953           495.850      10.925
 108.4953           596.974      11.944
 108.5953           684.395      12.838
 108.6953           705.688      13.053
 108.7953           750.980      13.458
 108.8953           746.393      13.358
 108.9953           753.681      13.645
 109.0953           702.649      13.258
 109.1953           575.114      12.008
 109.2953           490.473      10.995
 109.3953           474.306      10.694
 109.4953           455.234      10.502
 109.5953           470.259      10.713
 109.6953           548.591      11.444
 109.7953           634.499      12.389
 109.8953           686.329      12.816
 109.9953           602.948      12.033
 110.0953           484.181      10.752
 110.1953           423.358      10.063
 110.2953           408.114       9.881
 110.3953           407.850       9.866
 110.4953           412.377       9.903
 110.5953           453.544      10.471
 110.6953           538.476      11.312
 110.7953           627.266      12.250
 110.8953           626.441      12.229
 110.9953           555.971      11.550
 111.0953           458.631      10.450
 111.1953           414.934       9.956
 111.2953           418.568      10.006
 111.3953           413.790       9.969
 111.4953           414.800       9.936
 111.5953           415.201      10.020
 111.6953           391.845       9.661
 111.7953           386.448       9.688
 111.8953           395.109       9.686
 111.9953           375.022       9.581
 112.0953           399.451       9.778
 112.1953           444.863      10.465
 112.2953           553.476      11.781
 112.3953           693.188      13.168
 112.4953           834.569      14.246
 112.5953           794.064      13.785
 112.6953           609.017      12.106
 112.7953           461.223      10.485
 112.8953           393.392       9.679
 112.9953           372.846       9.407
 113.0953           375.524       9.493
 113.1953           368.637       9.354
 113.2953           371.066       9.371
 113.3953           382.738       9.568
 113.4953           392.538       9.658
 113.5953           430.646      10.142
 113.6953           470.095      10.533
 113.7953           499.749      10.890
 113.8953           499.268      10.890
 113.9953           460.532      10.432
 114.0953           393.563       9.639
 114.1953           394.477       9.765
 114.2953           389.755       9.572
 114.3953           384.243       9.558
 114.4953           375.949       9.458
 114.5953           389.327       9.602
 114.6953           395.556       9.747
 114.7953           383.399       9.467
 114.8953           375.193       9.542
 114.9953           407.750       9.835
 115.0953           453.498      10.434
 115.1953           521.989      11.172
 115.2953           697.491      12.988
 115.3953           748.232      13.436
 115.4953           666.750      12.950
 115.5953           557.355      11.753
 115.6953           446.188      10.422
 115.7953           424.738      10.076
 115.8953           436.943      10.236
 115.9953           467.811      10.607
 116.0953           449.356      10.344
 116.1953           416.513       9.982
 116.2953           400.064       9.778
 116.3953           372.471       9.415
 116.4953           368.871       9.433
 116.5953           349.506       9.027
 116.6953           360.775       9.294
 116.7953           361.587       9.259
 116.8953           379.066       9.500
 116.9953           394.006       9.691
 117.0953           385.082       9.544
 117.1953           375.095       9.461
 117.2953           373.676       9.419
 117.3953           371.093       9.399
 117.4953           371.710       9.405
 117.5953           389.985       9.621
 117.6953           363.887       9.306
 117.7953           395.579       9.709
 117.8953           395.756       9.673
 117.9953           423.724      10.158
 118.0953           440.656      10.096
 118.1953           481.291      10.816
 118.2953           488.854      10.794
 118.3953           481.889      10.759
 118.4953           448.371      10.357
 118.5953           471.099      10.704
 118.6953           516.759      11.304
 118.7953           607.647      12.391
 118.8953           724.524      13.180
 118.9953           832.395      14.182
 119.0953           777.021      13.576
 119.1953           671.292      12.691
 119.2953           565.565      11.605
 119.3953           501.771      10.926
 119.4953           442.946      10.260
 119.5953           407.035       9.852
 119.6953           350.365       9.077
 119.7953           378.617       9.504
 119.8953           363.262       9.278
 119.9953           369.099       9.336
 120.0953           357.381       9.167
 120.1953           359.288       9.403
 120.2953           352.509       8.821
 120.3953           351.045       9.264
 120.4953           368.138       9.330
 120.5953           347.312       9.111
 120.6953           358.589       9.144
 120.7953           354.128       9.183
 120.8953           346.931       9.043
 120.9953           348.650       9.097
 121.0953           378.637       9.451
 121.1953           385.955       9.586
 121.2953           446.500      10.314
 121.3953           457.080      10.410
 121.4953           500.223      10.908
 121.5953           546.617      11.534
 121.6953           551.694      11.304
 121.7953           574.317      11.996
 121.8953           502.157      11.077
 121.9953           451.864      10.615
 122.0953           396.514       9.815
 122.1953           359.648       9.268
 122.2953           351.380       9.205
 122.3953           356.623       9.233
 122.4953           345.403       9.124
 122.5953           368.944       9.383
 122.6953           379.304       9.558
 122.7953           412.117       9.903
 122.8953           439.898      10.219
 122.9953           412.796       9.971
 123.0953           381.413       9.532
 123.1953           376.510       9.448
 123.2953           351.044       9.162
 123.3953           332.276       8.890
 123.4953           346.139       9.068
 123.5953           353.392       9.167
 123.6953           366.060       9.368
 123.7953           390.316       9.644
 123.8953           405.468       9.817
 123.9953           429.074      10.105
 124.0953           439.104      10.242
 124.1953           382.632       9.557
 124.2953           376.335       9.480
 124.3953           361.344       9.302
 124.4953           352.655       9.210
 124.5953           360.562       9.270
 124.6953           379.822       9.589
 124.7953           375.773       9.400
 124.8953           429.767      10.198
 124.9953           481.689      10.836
 125.0953           514.738      11.262
 125.1953           539.887      11.606
 125.2953           484.935      10.876
 125.3953           443.582      10.406
 125.4953           384.409       9.548
 125.5953           361.328       9.283
 125.6953           358.300       9.239
 125.7953           336.394       8.911
 125.8953           328.271       8.830
 125.9953           342.278       8.998
 126.0953           350.887       9.075
 126.1953           333.629       8.888
 126.2953           363.259       9.275
 126.3953           377.627       9.411
 126.4953           423.175      10.047
 126.5953           458.628      10.383
 126.6953           470.074      10.530
 126.7953           478.561      10.614
 126.8953           442.872      10.228
 126.9953           403.913       9.799
 127.0953           383.548       9.480
 127.1953           356.844       9.162
 127.2953           339.925       8.964
 127.3953           331.847       8.904
 127.4953           324.332       8.721
 127.5953           336.808       8.938
 127.6953           322.046       8.720
 127.7953           341.864       9.034
 127.8953           337.527       8.935
 127.9953           347.926       9.137
 128.0953           321.203       8.703
 128.1953           333.964       9.016
 128.2953           340.899       9.183
 128.3953           354.783       9.385
 128.4953           340.536       9.082
 128.5953           375.163       9.480
 128.6953           425.743      10.083
 128.7953           459.954      10.491
 128.8953           515.691      11.055
 128.9953           512.833      11.070
 129.0953           486.900      10.796
 129.1953           455.998      10.369
 129.2953           416.380       9.925
 129.3953           372.782       9.432
 129.4953           388.956       9.584
 129.5953           341.194       8.988
 129.6953           345.795       9.056
 129.7953           340.759       9.011
 129.8953           345.641       9.033
 129.9953           337.761       8.957
 130.0953           354.397       9.138
 130.1953           355.192       9.186
 130.2953           370.103       9.364
 130.3953           409.501       9.843
 130.4953           410.937       9.883
 130.5953           430.123      10.104
 130.6953           411.310       9.869
 130.7953           421.054      10.022
 130.8953           403.864       9.807
 130.9953           370.626       9.387
 131.0953           386.342       9.602
 131.1953           370.036       9.417
 131.2953           345.658       9.062
 131.3953           357.254       9.315
 131.4953           362.815       9.469
 131.5953           338.210       9.201
 131.6953           323.788       8.849
 131.7953           345.669       9.087
 131.8953           339.412       8.976
 131.9953           332.561       8.933
 132.0953           340.875       8.977
 132.1953           323.901       8.806
 132.2953           323.251       8.769
 132.3953           361.966       9.233
 132.4953           347.163       9.083
 132.5953           378.000       9.432
 132.6953           359.416       9.259
 132.7953           362.019       9.222
 132.8953           378.698       9.459
 132.9953           361.988       9.251
 133.0953           358.802       9.200
 133.1953           378.171       9.299
 133.2953           383.596       9.820
 133.3953           415.290       9.767
 133.4953           411.564       9.847
 133.5953           418.509       9.945
 133.6953           404.344       9.772
 133.7953           389.432       9.610
 133.8953           357.399       9.143
 133.9953           341.339       9.020
 134.0953           331.886       8.870
 134.1953           321.536       8.703
 134.2953           319.969       8.734
 134.3953           319.560       8.726
 134.4953           340.195       8.990
 134.5953           315.685       8.742
 134.6953           329.067       9.068
 134.7953           319.809       8.860
 134.8953           329.326       8.933
 134.9953           323.595       8.749
 135.0953           330.288       8.837
 135.1953           336.438       8.944
 135.2953           335.206       8.908
 135.3953           377.412       9.441
 135.4953           439.304      10.214
 135.5953           552.588      11.384
 135.6953           678.874      12.670
 135.7953           751.793      13.275
 135.8953           785.365      13.645
 135.9953           787.502      13.618
 136.0953           748.107      13.273
 136.1953           670.445      12.596
 136.2953           527.253      11.115
 136.3953           444.617      10.238
 136.4953           381.467       9.492
 136.5953           335.676       8.911
 136.6953           350.144       9.050
 136.7953           363.352       9.259
 136.8953           450.284      10.314
 136.9953           508.940      10.910
 137.0953           548.266      11.385
 137.1953           584.930      11.784
 137.2953           613.483      12.036
 137.3953           590.642      11.799
 137.4953           533.076      11.233
 137.5953           462.286      10.474
 137.6953           415.256       9.938
 137.7953           376.337       9.492
 137.8953           342.812       9.208
 137.9953           324.155       8.946
 138.0953           327.415       8.888
 138.1953           321.451       8.697
 138.2953           322.071       8.769
 138.3953           311.906       8.572
 138.4953           311.266       8.567
 138.5953           322.237       8.712
 138.6953           315.989       8.616
 138.7953           317.741       8.616
 138.8953           343.158       8.953
 138.9953           324.670       8.737
 139.0953           310.484       8.520
 139.1953           344.684       8.942
 139.2953           365.877       9.296
 139.3953           380.745       9.396
 139.4953           422.543       9.973
 139.5953           454.246      10.239
 139.6953           459.163      10.395
 139.7953           485.787      10.690
 139.8953           518.458      10.981
 139.9953           529.582      11.130
 140.0953           559.889      11.443
 140.1953           541.423      11.297
 140.2953           564.529      11.461
 140.3953           530.813      11.200
 140.4953           537.558      11.238
 140.5953           541.380      11.289
 140.6953           508.864      10.982
 140.7953           467.682      10.500
 140.8953           419.917       9.967
 140.9953           384.744       9.640
 141.0953           363.015       9.446
 141.1953           378.359       9.651
 141.2953           381.180       9.538
 141.3953           413.692       9.850
 141.4953           475.977      10.609
 141.5953           521.318      11.047
 141.6953           593.321      11.824
 141.7953           612.378      12.014
 141.8953           631.413      12.143
 141.9953           626.958      12.059
 142.0953           619.672      12.051
 142.1953           604.388      11.910
 142.2953           552.395      11.366
 142.3953           544.620      11.220
 142.4953           511.599      10.965
 142.5953           492.086      10.725
 142.6953           496.678      10.752
 142.7953           474.952      10.505
 142.8953           500.616      10.814
 142.9953           473.315      10.516
 143.0953           432.871      10.015
 143.1953           420.593       9.919
 143.2953           401.657       9.679
 143.3953           379.394       9.412
 143.4953           348.653       9.005
 143.5953           325.561       8.720
 143.6953           332.774       8.875
 143.7953           312.574       8.653
 143.8953           309.963       8.231
 143.9953           291.017       8.418
 144.0953           303.342       8.416
 144.1953           312.349       8.663
 144.2953           321.148       8.829
 144.3953           306.716       8.703
 144.4953           310.772       8.643
 144.5953           307.062       8.513
 144.6953           318.683       8.654
 144.7953           327.360       8.784
 144.8953           333.129       8.831
 144.9953           346.392       9.013
 145.0953           343.986       8.966
 145.1953           369.718       9.322
 145.2953           369.503       9.255
 145.3953           396.572       9.638
 145.4953           398.861       9.657
 145.5953           373.850       8.624
 145.6953           450.442      12.488
 145.7953           384.453       8.774
 145.8953           420.252       9.889
 145.9953           402.769       9.675
 146.0953           395.064       9.602
 146.1953           409.284       9.784
 146.2953           377.534       9.389
 146.3953           358.237       9.073
 146.4953           367.733       9.319
 146.5953           361.056       9.168
 146.6953           347.616       8.999
 146.7953           339.965       8.950
 146.8953           335.630       8.863
 146.9953           336.039       8.883
 147.0953           316.066       8.615
 147.1953           303.968       8.450
 147.2953           297.216       8.360
 147.3953           315.997       8.678
 147.4953           307.440       8.703
 147.5953           298.120       8.532
 147.6953           289.882       8.347
 147.7953           297.305       8.352
 147.8953           300.178       8.440
 147.9953           301.310       8.383
 148.0953           302.207       8.450
 148.1953           318.230       8.601
 148.2953           320.720       8.713
 148.3953           334.423       8.831
 148.4953           341.737       9.059
 148.5953           346.496       8.720
 148.6953           370.593       9.481
 148.7953           366.769       9.511
 148.8953           356.173       8.633
 148.9953           365.478       9.253
 149.0953           353.563       9.260
 149.1953           361.835       8.987
 149.2953           355.410       9.022
 149.3953           345.957       8.953
 149.4953           361.225       9.059
 149.5953           351.679       8.893
 149.6953           363.233       9.369
 149.7953           389.933       9.516
 149.8953           406.758       9.416
 149.9953           423.001      10.436
 150.0953           434.047       9.422
 150.1953           452.750      11.333
 150.2953           464.717       9.901
 150.3953           492.469      10.822
 150.4953           508.276      10.926
 150.5953           514.238      11.044
 150.6953           494.234       9.967
 150.7953             0.000       0.000
 150.8953             0.000       0.000
