XYDATA  Co2SiO4 8mmV 1.87A HiRes FullBeam 500K CF ROC 
INTER        1       1       0     0.100000
TEMP       428.487      436.534      436.513
! d20 23-Apr-08 09:22:09 User Sazono   L.C.Hansen  Run 594842*d20_2008_04_5880
! d20 23-Apr-08 09:22:09 User Sazono   L.C.Hansen  Run 594842*d20_2008_04_5880
! Monitor/counts, Counting time/sec:       100000.      62.5111
   0.0953          4073.093      27.904
   0.1953          4305.517      29.157
   0.2953          4265.029      29.283
   0.3953          4120.019      28.597
   0.4953          3839.889      27.405
   0.5953          3446.476      25.755
   0.6953          3041.189      24.126
   0.7953          2611.264      22.414
   0.8953          2260.320      20.786
   0.9953          1918.285      19.197
   1.0953          1599.727      17.476
   1.1953          1312.728      15.800
   1.2953          1035.268      14.057
   1.3953           770.820      12.118
   1.4953           555.204      10.278
   1.5953           424.030       8.959
   1.6953           371.349       8.429
   1.7953           337.964       8.035
   1.8953           326.309       7.866
   1.9953           318.461       7.774
   2.0953           299.790       7.564
   2.1953           285.063       7.370
   2.2953           295.411       7.479
   2.3953           275.743       7.239
   2.4953           276.130       7.274
   2.5953           274.731       7.183
   2.6953           258.703       7.062
   2.7953           270.182       7.162
   2.8953           254.162       6.974
   2.9953           252.317       6.942
   3.0953           254.205       6.981
   3.1953           240.075       6.780
   3.2953           240.235       6.773
   3.3953           228.841       6.670
   3.4953           243.630       6.978
   3.5953           244.449       6.987
   3.6953           254.676       7.047
   3.7953           257.071       7.036
   3.8953           263.242       7.102
   3.9953           279.486       7.322
   4.0953           309.645       7.665
   4.1953           360.084       8.340
   4.2953           391.724       8.620
   4.3953           441.465       9.154
   4.4953           506.139       9.797
   4.5953           539.008      10.165
   4.6953           610.651      10.730
   4.7953           653.614      11.138
   4.8953           678.017      11.349
   4.9953           680.846      11.405
   5.0953           723.122      11.698
   5.1953           711.416      11.600
   5.2953           725.400      11.771
   5.3953           702.450      11.547
   5.4953           695.262      11.463
   5.5953           698.655      11.528
   5.6953           714.368      11.670
   5.7953           709.404      11.637
   5.8953           699.768      11.484
   5.9953           689.152      11.503
   6.0953           696.525      11.534
   6.1953           715.534      11.722
   6.2953           702.147      11.579
   6.3953           692.101      11.492
   6.4953           697.580      11.605
   6.5953           679.340      11.423
   6.6953           700.673      11.820
   6.7953           676.881      11.627
   6.8953           674.311      11.455
   6.9953           679.153      11.373
   7.0953           665.928      11.274
   7.1953           651.159      11.182
   7.2953           642.549      11.028
   7.3953           639.466      11.073
   7.4953           641.335      11.044
   7.5953           637.391      10.985
   7.6953           640.767      11.020
   7.7953           642.616      11.044
   7.8953           620.288      10.836
   7.9953           616.801      10.758
   8.0953           627.985      10.943
   8.1953           614.092      10.774
   8.2953           618.957      10.811
   8.3953           616.576      10.799
   8.4953           598.743      10.655
   8.5953           597.986      10.619
   8.6953           580.099      10.459
   8.7953           582.483      10.480
   8.8953           608.120      10.723
   8.9953           584.809      10.515
   9.0953           574.904      10.415
   9.1953           567.818      10.393
   9.2953           594.891      10.637
   9.3953           577.377      10.424
   9.4953           582.312      10.546
   9.5953           564.467      10.351
   9.6953           576.408      10.480
   9.7953           578.611      10.599
   9.8953           555.184      10.513
   9.9953           559.297      10.538
  10.0953           575.428      10.527
  10.1953           563.553      10.344
  10.2953           594.066      10.637
  10.3953           560.633      10.305
  10.4953           560.833      10.298
  10.5953           553.392      10.210
  10.6953           542.100      10.142
  10.7953           535.089       9.999
  10.8953           556.213      10.213
  10.9953           553.618      10.186
  11.0953           548.831      10.064
  11.1953           545.960      10.095
  11.2953           533.508      10.573
  11.3953           548.725       9.942
  11.4953           534.058       9.955
  11.5953           536.627       9.998
  11.6953           525.574       9.961
  11.7953           546.071      10.118
  11.8953           528.105       9.964
  11.9953           524.711       9.927
  12.0953           516.024       9.874
  12.1953           531.140       9.991
  12.2953           519.470       9.858
  12.3953           519.500       9.948
  12.4953           528.730       9.996
  12.5953           497.670       9.684
  12.6953           538.985      10.094
  12.7953           526.264      10.039
  12.8953           514.414       9.813
  12.9953           519.088       9.973
  13.0953           524.587      10.338
  13.1953           517.020       9.808
  13.2953           530.694      10.284
  13.3953           527.587      10.004
  13.4953           516.544       9.928
  13.5953           528.873       9.972
  13.6953           496.281       9.725
  13.7953           496.656       9.652
  13.8953           507.632       9.835
  13.9953           523.211       9.872
  14.0953           532.367      10.079
  14.1953           499.283       9.580
  14.2953           508.235       9.843
  14.3953           501.384       9.680
  14.4953           511.117       9.798
  14.5953           499.039       9.751
  14.6953           508.828       9.747
  14.7953           514.337       9.810
  14.8953           518.464       9.858
  14.9953           503.887       9.766
  15.0953           521.509      10.055
  15.1953           498.676       9.377
  15.2953           495.042       9.828
  15.3953           506.587       9.755
  15.4953           504.172       9.719
  15.5953           490.151       9.620
  15.6953           505.569       9.799
  15.7953           506.931       9.747
  15.8953           493.085       9.713
  15.9953           500.521       9.727
  16.0953           509.051       9.868
  16.1953           505.059       9.826
  16.2953           498.649       9.922
  16.3953           505.279      10.032
  16.4953           511.222       9.923
  16.5953           507.880       9.801
  16.6953           502.388       9.798
  16.7953           492.638       9.667
  16.8953           489.553       9.646
  16.9953           520.256       9.908
  17.0953           491.061       9.649
  17.1953           506.661       9.787
  17.2953           494.781       9.642
  17.3953           488.884       9.619
  17.4953           510.800       9.823
  17.5953           502.952       9.683
  17.6953           503.728       9.771
  17.7953           481.336       9.530
  17.8953           508.787       9.757
  17.9953           502.216       9.707
  18.0953           499.288       9.712
  18.1953           497.251       9.672
  18.2953           495.252       9.657
  18.3953           503.558       9.716
  18.4953           492.979       9.663
  18.5953           498.837       9.659
  18.6953           510.120       9.794
  18.7953           504.612       9.775
  18.8953           495.794       9.681
  18.9953           480.821       9.503
  19.0953           497.245       9.714
  19.1953           500.404       9.743
  19.2953           498.417       9.737
  19.3953           495.418       9.707
  19.4953           479.503       9.776
  19.5953           484.669       9.744
  19.6953           499.109       9.751
  19.7953           497.854       9.728
  19.8953           480.034       9.530
  19.9953           472.511       9.445
  20.0953           469.302       9.403
  20.1953           494.077       9.486
  20.2953           490.011       9.975
  20.3953           493.673       9.565
  20.4953           510.378       9.554
  20.5953           489.981       9.726
  20.6953           499.692       9.645
  20.7953           527.106       9.938
  20.8953           524.486       9.907
  20.9953           543.052      10.128
  21.0953           576.646      10.367
  21.1953           560.125      10.249
  21.2953           545.807      10.104
  21.3953           527.792       9.960
  21.4953           505.921       9.744
  21.5953           491.148       9.586
  21.6953           485.457       9.585
  21.7953           484.337       9.488
  21.8953           483.718       9.551
  21.9953           470.593       9.387
  22.0953           475.107       9.461
  22.1953           488.235       9.621
  22.2953           476.897       9.479
  22.3953           487.795       9.624
  22.4953           463.219       9.378
  22.5953           471.989       9.489
  22.6953           487.418       9.817
  22.7953           490.591       9.822
  22.8953           472.174       9.483
  22.9953           476.251       9.453
  23.0953           461.689       9.337
  23.1953           468.437       9.399
  23.2953           474.105       9.415
  23.3953           468.490       9.375
  23.4953           485.218       9.575
  23.5953           494.474       9.557
  23.6953           461.652       9.291
  23.7953           472.445       9.391
  23.8953           474.670       9.411
  23.9953           471.409       9.350
  24.0953           469.366       9.370
  24.1953           452.713       9.199
  24.2953           474.396       9.365
  24.3953           469.164       9.355
  24.4953           483.851       9.475
  24.5953           477.893       9.486
  24.6953           489.606       9.515
  24.7953           496.134       9.584
  24.8953           518.633       9.868
  24.9953           548.209      10.083
  25.0953           561.255      10.225
  25.1953           559.698      10.225
  25.2953           537.596      10.033
  25.3953           515.430       9.815
  25.4953           488.656       9.574
  25.5953           459.398       9.291
  25.6953           462.628       9.309
  25.7953           468.997       9.467
  25.8953           453.627       9.410
  25.9953           462.174       9.518
  26.0953           456.099       9.293
  26.1953           458.911       9.281
  26.2953           473.262       9.400
  26.3953           485.084       9.569
  26.4953           483.629       9.485
  26.5953           503.368       9.668
  26.6953           519.888       9.876
  26.7953           500.948       9.659
  26.8953           509.000       9.744
  26.9953           513.775       9.746
  27.0953           508.685       9.757
  27.1953           506.764       9.695
  27.2953           532.082       9.953
  27.3953           565.464      10.268
  27.4953           602.921      10.584
  27.5953           694.079      11.352
  27.6953           787.187      12.141
  27.7953           916.239      13.037
  27.8953           987.431      13.584
  27.9953           916.680      12.994
  28.0953           793.924      12.201
  28.1953           644.464      10.972
  28.2953           557.052      10.155
  28.3953           484.153       9.534
  28.4953           484.990       9.499
  28.5953           482.909       9.502
  28.6953           503.557       9.732
  28.7953           512.015       9.821
  28.8953           535.263      10.051
  28.9953           565.382      10.310
  29.0953           593.727      10.758
  29.1953           609.273      10.875
  29.2953           579.681      10.547
  29.3953           554.444      10.227
  29.4953           501.116       9.720
  29.5953           488.599       9.560
  29.6953           473.737       9.402
  29.7953           466.807       9.368
  29.8953           459.895       9.301
  29.9953           466.988       9.323
  30.0953           477.239       9.454
  30.1953           477.166       9.449
  30.2953           478.810       9.467
  30.3953           466.298       9.304
  30.4953           476.898       9.468
  30.5953           466.970       9.353
  30.6953           479.210       9.458
  30.7953           496.337       9.609
  30.8953           509.141       9.750
  30.9953           535.190      10.032
  31.0953           553.602      10.139
  31.1953           559.225      10.220
  31.2953           533.773      10.016
  31.3953           519.858       9.847
  31.4953           507.746       9.746
  31.5953           458.501       9.263
  31.6953           459.615       9.316
  31.7953           458.143       9.256
  31.8953           451.540       9.227
  31.9953           456.007       9.241
  32.0953           449.309       9.214
  32.1953           454.319       9.311
  32.2953           465.480       9.557
  32.3953           445.762       9.303
  32.4953           429.115       9.013
  32.5953           435.838       9.035
  32.6953           462.618       9.312
  32.7953           437.424       9.020
  32.8953           441.484       9.101
  32.9953           441.387       9.036
  33.0953           450.935       9.205
  33.1953           452.234       9.142
  33.2953           419.901       8.854
  33.3953           443.085       9.043
  33.4953           449.958       9.145
  33.5953           433.556       8.947
  33.6953           437.058       8.989
  33.7953           441.115       9.088
  33.8953           447.359       9.070
  33.9953           453.349       9.157
  34.0953           455.550       9.196
  34.1953           462.281       9.264
  34.2953           461.385       9.269
  34.3953           449.662       9.044
  34.4953           458.688       9.295
  34.5953           472.583       9.309
  34.6953           446.093       9.142
  34.7953           467.794       9.326
  34.8953           475.892       9.400
  34.9953           462.402       9.259
  35.0953           442.606       9.111
  35.1953           471.343       9.378
  35.2953           463.025       9.328
  35.3953           473.593       9.510
  35.4953           477.449       9.628
  35.5953           481.524       9.677
  35.6953           465.933       9.415
  35.7953           476.532       9.429
  35.8953           489.815       9.586
  35.9953           499.517       9.631
  36.0953           529.735       9.947
  36.1953           532.541       9.942
  36.2953           581.678      10.449
  36.3953           575.218      10.325
  36.4953           544.647      10.088
  36.5953           531.811       9.894
  36.6953           508.481       9.734
  36.7953           491.264       9.518
  36.8953           475.069       9.397
  36.9953           456.189       9.207
  37.0953           456.485       9.192
  37.1953           449.779       9.098
  37.2953           461.007       9.272
  37.3953           450.592       9.128
  37.4953           470.911       9.320
  37.5953           449.951       9.152
  37.6953           457.867       9.211
  37.7953           453.595       9.188
  37.8953           465.932       9.276
  37.9953           457.460       9.225
  38.0953           454.673       9.203
  38.1953           459.013       9.256
  38.2953           475.253       9.386
  38.3953           456.835       9.258
  38.4953           460.536       9.242
  38.5953           453.215       9.288
  38.6953           459.944       9.460
  38.7953           463.359       9.506
  38.8953           495.094       9.680
  38.9953           491.785       9.634
  39.0953           565.236      10.292
  39.1953           636.787      10.876
  39.2953           709.646      11.512
  39.3953           696.740      11.373
  39.4953           660.965      11.115
  39.5953           601.997      10.553
  39.6953           540.878      10.030
  39.7953           489.836       9.519
  39.8953           465.195       9.306
  39.9953           490.489       9.510
  40.0953           474.606       9.380
  40.1953           479.806       9.472
  40.2953           458.966       9.203
  40.3953           483.936       9.458
  40.4953           465.351       9.314
  40.5953           446.127       9.101
  40.6953           467.342       9.302
  40.7953           480.442       9.457
  40.8953           466.988       9.330
  40.9953           448.804       9.125
  41.0953           479.638       9.414
  41.1953           459.035       9.281
  41.2953           486.432       9.514
  41.3953           458.468       9.240
  41.4953           487.408       9.574
  41.5953           473.449       9.403
  41.6953           472.048       9.394
  41.7953           484.098       9.624
  41.8953           494.140       9.977
  41.9953           526.692       9.833
  42.0953           599.596      10.848
  42.1953           704.718      11.477
  42.2953           834.382      12.595
  42.3953           940.176      13.246
  42.4953           959.749      13.438
  42.5953           890.422      12.817
  42.6953           779.857      12.139
  42.7953           684.988      11.295
  42.8953           623.792      10.744
  42.9953           550.806      10.174
  43.0953           538.149       9.983
  43.1953           519.904       9.815
  43.2953           544.619      10.101
  43.3953           603.976      10.564
  43.4953           646.322      10.974
  43.5953           663.411      11.103
  43.6953           620.520      10.707
  43.7953           574.979      10.339
  43.8953           504.033       9.697
  43.9953           492.498       9.537
  44.0953           483.185       9.469
  44.1953           483.939       9.537
  44.2953           538.452       9.983
  44.3953           586.825      10.491
  44.4953           694.888      11.378
  44.5953           783.371      12.032
  44.6953           819.435      12.436
  44.7953           753.654      11.887
  44.8953           628.818      10.864
  44.9953           527.936      10.016
  45.0953           479.817       9.692
  45.1953           470.485       9.550
  45.2953           482.807       9.531
  45.3953           466.382       9.329
  45.4953           470.563       9.341
  45.5953           440.094       9.059
  45.6953           465.512       9.282
  45.7953           523.443       9.834
  45.8953           589.568      10.471
  45.9953           716.637      11.486
  46.0953           857.913      12.561
  46.1953           952.713      13.260
  46.2953           924.248      13.068
  46.3953           770.089      11.893
  46.4953           612.897      10.634
  46.5953           512.052       9.713
  46.6953           477.250       9.372
  46.7953           475.856       9.378
  46.8953           470.268       9.300
  46.9953           497.899       9.549
  47.0953           476.055       9.380
  47.1953           525.858       9.845
  47.2953           580.229      10.351
  47.3953           648.409      10.926
  47.4953           655.415      11.010
  47.5953           648.432      10.909
  47.6953           593.758      10.501
  47.7953           527.820       9.871
  47.8953           515.056       9.777
  47.9953           562.567      10.247
  48.0953           666.643      11.095
  48.1953           906.206      13.132
  48.2953          1394.865      16.435
  48.3953          2121.725      20.336
  48.4953          3018.987      23.793
  48.5953          3433.755      25.338
  48.6953          3470.391      25.390
  48.7953          3095.332      24.060
  48.8953          2531.853      21.622
  48.9953          1887.344      18.699
  49.0953          1222.163      15.117
  49.1953           780.191      11.975
  49.2953           566.873      10.231
  49.3953           505.163       9.670
  49.4953           507.229       9.678
  49.5953           499.666       9.602
  49.6953           499.765       9.577
  49.7953           465.694       9.319
  49.8953           486.973       9.435
  49.9953           486.147       9.454
  50.0953           509.862       9.728
  50.1953           476.316       9.381
  50.2953           461.763       9.230
  50.3953           474.316       9.360
  50.4953           476.144       9.376
  50.5953           481.736       9.459
  50.6953           515.223       9.746
  50.7953           534.058       9.960
  50.8953           612.419      10.656
  50.9953           743.669      11.753
  51.0953           844.997      12.542
  51.1953           854.986      12.621
  51.2953           758.076      11.893
  51.3953           640.941      10.930
  51.4953           519.675      10.082
  51.5953           480.540       9.632
  51.6953           461.081       9.330
  51.7953           487.639       9.529
  51.8953           520.223       9.817
  51.9953           531.546       9.900
  52.0953           514.192       9.772
  52.1953           532.598       9.933
  52.2953           534.715       9.890
  52.3953           524.167       9.846
  52.4953           514.196       9.712
  52.5953           499.394       9.568
  52.6953           491.221       9.505
  52.7953           461.747       9.200
  52.8953           458.100       9.195
  52.9953           447.296       9.033
  53.0953           445.264       9.059
  53.1953           440.304       8.976
  53.2953           452.096       9.113
  53.3953           444.491       9.037
  53.4953           444.128       9.047
  53.5953           452.598       9.090
  53.6953           455.598       9.165
  53.7953           446.156       9.068
  53.8953           444.862       9.008
  53.9953           452.519       9.155
  54.0953           467.721       9.293
  54.1953           476.877       9.369
  54.2953           489.993       9.515
  54.3953           529.624       9.929
  54.4953           559.165      10.168
  54.5953           630.060      10.873
  54.6953           606.648      10.831
  54.7953           577.048      10.588
  54.8953           527.782       9.926
  54.9953           502.696       9.691
  55.0953           485.410       9.463
  55.1953           485.616       9.495
  55.2953           472.224       9.308
  55.3953           467.818       9.297
  55.4953           464.471       9.258
  55.5953           471.538       9.287
  55.6953           460.061       9.231
  55.7953           449.549       9.101
  55.8953           445.623       9.044
  55.9953           467.906       9.264
  56.0953           455.624       9.145
  56.1953           463.445       9.234
  56.2953           456.986       9.162
  56.3953           457.644       9.144
  56.4953           444.594       9.068
  56.5953           472.614       9.334
  56.6953           453.632       9.117
  56.7953           473.804       9.330
  56.8953           466.172       9.277
  56.9953           477.030       9.332
  57.0953           475.880       9.378
  57.1953           463.984       9.241
  57.2953           446.488       9.101
  57.3953           453.323       9.168
  57.4953           459.110       9.162
  57.5953           449.841       9.171
  57.6953           456.810       9.214
  57.7953           446.200       9.131
  57.8953           444.848       9.339
  57.9953           437.723       9.143
  58.0953           455.585       9.252
  58.1953           438.179       9.024
  58.2953           437.545       8.990
  58.3953           433.496       8.985
  58.4953           441.283       8.991
  58.5953           443.707       9.065
  58.6953           438.772       8.968
  58.7953           425.468       8.843
  58.8953           438.575       8.980
  58.9953           449.535       9.134
  59.0953           452.851       8.991
  59.1953           461.655       9.257
  59.2953           475.130       9.349
  59.3953           485.158       9.430
  59.4953           454.948       9.119
  59.5953           470.313       9.275
  59.6953           461.324       9.195
  59.7953           462.642       9.264
  59.8953           453.713       9.049
  59.9953           447.377       9.089
  60.0953           451.671       9.129
  60.1953           453.959       9.107
  60.2953           450.106       9.062
  60.3953           442.533       9.046
  60.4953           454.829       9.118
  60.5953           474.467       9.337
  60.6953           490.896       9.518
  60.7953           531.860       9.909
  60.8953           557.136      10.184
  60.9953           540.594      10.075
  61.0953           527.659      10.057
  61.1953           492.533       9.746
  61.2953           470.565       9.342
  61.3953           453.634       9.137
  61.4953           449.576       9.061
  61.5953           464.414       9.240
  61.6953           460.583       9.170
  61.7953           449.315       9.057
  61.8953           482.724       9.425
  61.9953           479.935       9.332
  62.0953           490.680       9.419
  62.1953           463.668       9.244
  62.2953           482.068       9.333
  62.3953           476.866       9.307
  62.4953           522.155       9.728
  62.5953           493.177       9.525
  62.6953           471.834       9.223
  62.7953           458.099       9.126
  62.8953           440.174       8.939
  62.9953           445.485       8.996
  63.0953           456.388       9.090
  63.1953           453.946       9.064
  63.2953           440.447       9.011
  63.3953           449.176       9.000
  63.4953           443.809       8.963
  63.5953           460.599       9.188
  63.6953           461.619       9.185
  63.7953           454.616       9.067
  63.8953           516.111       9.740
  63.9953           627.276      10.689
  64.0953           964.066      13.305
  64.1953          1575.052      17.068
  64.2953          2143.035      19.922
  64.3953          2256.592      21.233
  64.4953          1904.677      18.559
  64.5953          1492.537      16.707
  64.6953           530.033       9.435
  64.7953           697.268      10.888
  64.8953           614.541      11.649
  64.9953           659.964      12.755
  65.0953           710.723      11.651
  65.1953           749.340      10.783
  65.2953           648.221      10.778
  65.3953           566.733      10.127
  65.4953           480.211       9.364
  65.5953           462.017       9.123
  65.6953           485.043       9.442
  65.7953           463.810       9.192
  65.8953           464.278       9.180
  65.9953           451.985       9.080
  66.0953           495.489       9.536
  66.1953           464.840       9.198
  66.2953           464.682       9.202
  66.3953           472.429       9.274
  66.4953           467.715       9.310
  66.5953           459.373       9.113
  66.6953           451.997       9.102
  66.7953           461.419       9.223
  66.8953           448.766       9.094
  66.9953           439.666       8.954
  67.0953           448.722       9.105
  67.1953           464.734       9.236
  67.2953           495.836       9.601
  67.3953           564.974      10.254
  67.4953           643.594      11.140
  67.5953           675.618      11.363
  67.6953           673.446      11.161
  67.7953           579.110      10.315
  67.8953           505.635       9.619
  67.9953           466.697       9.238
  68.0953           453.959       9.065
  68.1953           447.205       9.011
  68.2953           456.938       9.141
  68.3953           458.565       9.092
  68.4953           442.716       8.955
  68.5953           462.050       9.139
  68.6953           483.840       9.358
  68.7953           552.606       9.987
  68.8953           663.975      10.914
  68.9953           811.763      12.161
  69.0953           908.108      12.721
  69.1953           775.666      11.843
  69.2953           617.247      10.576
  69.3953           524.284       9.763
  69.4953           476.411       9.220
  69.5953           473.712       9.265
  69.6953           461.519       9.132
  69.7953           460.745       9.126
  69.8953           470.397       9.195
  69.9953           473.612       9.285
  70.0953           524.806       9.783
  70.1953           553.414      10.001
  70.2953           552.857      10.054
  70.3953           525.675       9.795
  70.4953           487.427       9.405
  70.5953           511.919       9.739
  70.6953           543.339      10.171
  70.7953           546.128      10.157
  70.8953           521.631       9.797
  70.9953           506.387       9.613
  71.0953           466.444       9.250
  71.1953           463.448       9.149
  71.2953           439.973       8.944
  71.3953           448.737       9.014
  71.4953           453.288       9.059
  71.5953           446.088       8.981
  71.6953           452.318       9.025
  71.7953           443.038       8.936
  71.8953           446.483       8.998
  71.9953           447.581       8.982
  72.0953           446.493       9.000
  72.1953           439.131       8.892
  72.2953           491.958       9.416
  72.3953           569.878      10.123
  72.4953           680.441      11.073
  72.5953           719.124      11.458
  72.6953           682.765      11.037
  72.7953           645.463      10.750
  72.8953           604.209      10.422
  72.9953           507.074       9.483
  73.0953           504.432       9.526
  73.1953           441.922       8.782
  73.2953           451.295       8.800
  73.3953           505.840       8.245
  73.4953           563.925      19.219
  73.5953           595.642       9.949
  73.6953           638.141       9.992
  73.7953           601.318       9.598
  73.8953           514.356      13.086
  73.9953           465.009       8.903
  74.0953           432.082       8.887
  74.1953           448.281       9.011
  74.2953           423.181       8.765
  74.3953           422.390       8.773
  74.4953           425.777       8.761
  74.5953           452.005       9.110
  74.6953           446.431       9.008
  74.7953           453.796       9.087
  74.8953           461.018       9.106
  74.9953           447.630       9.042
  75.0953           434.860       8.895
  75.1953           429.109       8.803
  75.2953           441.879       8.953
  75.3953           444.245       8.999
  75.4953           426.302       8.772
  75.5953           452.402       9.046
  75.6953           481.745       9.355
  75.7953           505.695       9.572
  75.8953           555.924      10.042
  75.9953           624.430      10.659
  76.0953           675.157      11.050
  76.1953           713.007      11.413
  76.2953           839.230      12.285
  76.3953           868.246      12.607
  76.4953           817.959      12.183
  76.5953           683.078      11.134
  76.6953           676.708      11.140
  76.7953           886.742      12.739
  76.8953          1397.552      16.015
  76.9953          1924.370      18.896
  77.0953          2100.726      20.042
  77.1953          1513.870      17.033
  77.2953           936.524      13.210
  77.3953           735.617      11.641
  77.4953           988.409      13.467
  77.5953          1632.161      17.393
  77.6953          2368.134      20.707
  77.7953          2358.027      20.778
  77.8953          1603.182      17.157
  77.9953           871.359      12.610
  78.0953           541.951       9.923
  78.1953           461.134       9.199
  78.2953           455.761       9.112
  78.3953           453.945       9.097
  78.4953           466.620       9.224
  78.5953           482.226       9.394
  78.6953           497.014       9.519
  78.7953           548.234       9.998
  78.8953           584.364      10.358
  78.9953           609.016      10.552
  79.0953           540.275       9.937
  79.1953           477.153       9.322
  79.2953           443.608       9.029
  79.3953           438.039       8.936
  79.4953           434.895       8.864
  79.5953           420.938       8.812
  79.6953           441.155       8.994
  79.7953           435.035       8.917
  79.8953           445.504       9.075
  79.9953           436.343       8.965
  80.0953           422.140       8.831
  80.1953           436.653       9.034
  80.2953           426.758       9.092
  80.3953           447.495       9.206
  80.4953           443.209       9.100
  80.5953           459.180       9.178
  80.6953           472.504       9.348
  80.7953           509.143       9.646
  80.8953           504.923       9.629
  80.9953           491.181       9.441
  81.0953           472.442       9.299
  81.1953           434.235       8.882
  81.2953           438.444       8.953
  81.3953           440.843       8.923
  81.4953           452.471       9.079
  81.5953           474.502       9.288
  81.6953           465.695       9.197
  81.7953           462.890       9.192
  81.8953           478.657       9.300
  81.9953           489.318       9.410
  82.0953           489.284       9.439
  82.1953           488.026       9.448
  82.2953           491.842       9.419
  82.3953           488.788       9.417
  82.4953           481.374       9.376
  82.5953           444.078       8.981
  82.6953           451.292       9.013
  82.7953           424.766       8.849
  82.8953           428.150       8.832
  82.9953           469.344       9.242
  83.0953           499.071       9.560
  83.1953           616.649      10.641
  83.2953           782.881      11.989
  83.3953           909.385      12.973
  83.4953           799.591      12.387
  83.5953           602.995      10.715
  83.6953           537.436      10.013
  83.7953           504.707       9.609
  83.8953           486.652       9.477
  83.9953           530.975       9.867
  84.0953           575.163      10.259
  84.1953           644.441      10.837
  84.2953           598.621      10.470
  84.3953           515.779       9.641
  84.4953           429.221       8.862
  84.5953           433.389       8.880
  84.6953           434.481       8.876
  84.7953           449.208       9.026
  84.8953           447.497       9.140
  84.9953           443.624       8.778
  85.0953           435.431       8.986
  85.1953           430.937       8.828
  85.2953           434.169       8.883
  85.3953           431.530       8.879
  85.4953           422.331       8.749
  85.5953           438.283       8.897
  85.6953           432.357       8.877
  85.7953           441.643       8.957
  85.8953           441.825       8.948
  85.9953           463.550       9.247
  86.0953           452.401       9.032
  86.1953           469.174       9.291
  86.2953           444.876       8.984
  86.3953           447.049       9.058
  86.4953           439.895       9.046
  86.5953           490.561       9.481
  86.6953           706.615      11.629
  86.7953          1153.952      14.883
  86.8953          2075.531      19.639
  86.9953          2901.732      23.068
  87.0953          2866.704      22.925
  87.1953          2295.351      20.491
  87.2953          1614.007      17.120
  87.3953           970.037      13.311
  87.4953           587.807      10.365
  87.5953           477.528       9.292
  87.6953           438.783       8.916
  87.7953           445.373       9.011
  87.8953           435.748       8.895
  87.9953           442.099       8.926
  88.0953           439.317       8.941
  88.1953           428.449       8.831
  88.2953           424.277       8.747
  88.3953           432.336       8.843
  88.4953           433.979       8.888
  88.5953           414.612       8.674
  88.6953           429.836       8.820
  88.7953           431.371       8.872
  88.8953           439.431       8.905
  88.9953           429.041       8.854
  89.0953           418.382       8.692
  89.1953           443.427       9.021
  89.2953           438.344       8.907
  89.3953           423.392       8.788
  89.4953           422.237       8.802
  89.5953           442.400       8.952
  89.6953           494.758       9.554
  89.7953           600.175      10.508
  89.8953           793.312      12.292
  89.9953           870.712      12.893
  90.0953           745.756      11.758
  90.1953           552.844      10.082
  90.2953           449.745       9.077
  90.3953           438.286       8.926
  90.4953           429.481       8.783
  90.5953           421.649       8.762
  90.6953           398.642       8.495
  90.7953           423.882       8.768
  90.8953           414.576       8.652
  90.9953           420.109       8.720
  91.0953           420.540       8.754
  91.1953           428.594       8.769
  91.2953           459.630       9.142
  91.3953           508.469       9.565
  91.4953           686.814      11.174
  91.5953           886.018      12.657
  91.6953           934.515      13.015
  91.7953           774.757      11.880
  91.8953           555.155       9.955
  91.9953           489.049       9.447
  92.0953           503.752       9.529
  92.1953           496.370       9.502
  92.2953           482.312       9.334
  92.3953           442.338       8.988
  92.4953           442.239       8.979
  92.5953           412.112       8.650
  92.6953           417.204       8.711
  92.7953           422.875       8.823
  92.8953           437.661       8.936
  92.9953           457.605       9.230
  93.0953           468.632       9.466
  93.1953           463.300       9.408
  93.2953           446.755       9.173
  93.3953           422.477       8.828
  93.4953           410.894       8.701
  93.5953           403.150       8.611
  93.6953           411.104       8.696
  93.7953           406.938       8.639
  93.8953           409.854       8.683
  93.9953           407.427       8.651
  94.0953           428.936       8.826
  94.1953           439.494       8.973
  94.2953           490.353       9.481
  94.3953           564.059      10.128
  94.4953           665.551      11.034
  94.5953           704.367      11.350
  94.6953           633.682      10.767
  94.7953           483.887       9.387
  94.8953           432.545       8.902
  94.9953           514.391       9.738
  95.0953           664.221      10.952
  95.1953           925.158      13.097
  95.2953           999.000      13.496
  95.3953           834.275      12.356
  95.4953           668.686      11.059
  95.5953           656.363      10.981
  95.6953           685.558      11.227
  95.7953           703.603      11.369
  95.8953           703.189      11.293
  95.9953           650.233      11.090
  96.0953           543.933       9.937
  96.1953           526.877       9.946
  96.2953           642.794      11.109
  96.3953           990.455      13.740
  96.4953          1344.784      15.900
  96.5953          1387.416      15.997
  96.6953          1034.276      13.838
  96.7953           649.517      10.977
  96.8953           571.667      10.221
  96.9953           663.859      11.058
  97.0953           707.270      11.418
  97.1953           652.749      10.884
  97.2953           605.938      10.556
  97.3953           692.223      11.272
  97.4953           682.142      11.184
  97.5953           579.519      10.283
  97.6953           484.241       9.416
  97.7953           461.214       9.184
  97.8953           483.784       9.394
  97.9953           504.522       9.588
  98.0953           540.741       9.951
  98.1953           616.646      10.646
  98.2953           628.183      10.662
  98.3953           607.643      10.576
  98.4953           562.832      10.183
  98.5953           563.427      10.103
  98.6953           607.348      10.533
  98.7953           605.162      10.563
  98.8953           531.861       9.895
  98.9953           447.568       9.046
  99.0953           465.185       9.272
  99.1953           460.789       9.181
  99.2953           445.740       9.118
  99.3953           428.698       8.925
  99.4953           399.014       8.781
  99.5953           409.397       8.835
  99.6953           410.420       8.756
  99.7953           417.178       8.725
  99.8953           415.358       8.722
  99.9953           439.562       8.971
 100.0953           489.729       9.444
 100.1953           517.531       9.701
 100.2953           561.667      10.130
 100.3953           475.953       9.274
 100.4953           439.987       8.942
 100.5953           424.912       8.778
 100.6953           430.868       8.841
 100.7953           420.122       8.713
 100.8953           414.253       8.668
 100.9953           428.114       8.798
 101.0953           413.457       8.657
 101.1953           421.962       8.729
 101.2953           408.079       8.605
 101.3953           393.610       8.446
 101.4953           403.284       8.546
 101.5953           402.020       8.565
 101.6953           403.738       8.550
 101.7953           409.048       8.599
 101.8953           408.677       8.637
 101.9953           405.703       8.584
 102.0953           401.398       8.552
 102.1953           423.463       8.763
 102.2953           421.709       8.788
 102.3953           417.594       8.736
 102.4953           474.450       9.276
 102.5953           578.882      10.370
 102.6953           797.508      12.316
 102.8953           868.586      12.758
 102.9953           646.082      10.902
 103.0953           503.290       9.622
 103.1953           466.875       9.271
 103.2953           443.556       8.992
 103.3953           417.062       8.744
 103.4953           420.374       8.762
 103.5953           422.260       8.740
 103.6953           432.026       8.869
 103.7953           443.240       8.990
 103.8953           436.534       8.911
 103.9953           408.179       8.619
 104.0953           418.306       8.719
 104.1953           418.422       8.749
 104.2953           407.266       8.590
 104.3953           426.826       8.814
 104.4953           414.043       8.675
 104.5953           394.842       8.482
 104.6953           408.447       8.609
 104.7953           393.360       8.472
 104.8953           404.611       8.587
 104.9953           423.032       8.800
 105.0953           434.156       8.855
 105.1953           444.871       9.058
 105.2953           437.467       8.924
 105.3953           437.713       8.963
 105.4953           538.690       9.937
 105.5953           631.391      10.754
 105.6953           767.107      11.816
 105.7953           812.218      12.306
 105.8953           862.216      12.970
 105.9953           765.295      11.820
 106.0953           673.079      11.327
 106.1953           524.966       9.797
 106.2953           468.745       9.312
 106.3953           516.890       9.689
 106.4953           643.814      10.847
 106.5953           709.386      11.365
 106.6953           656.593      10.954
 106.7953           553.657      10.002
 106.8953           470.914       9.103
 106.9953           460.548       9.502
 107.0953           435.813       8.728
 107.1953           400.565       8.500
 107.2953           395.691       8.508
 107.3953           414.638       8.644
 107.4953           480.015       9.335
 107.5953           592.510      10.357
 107.6953           709.188      11.349
 107.7953           687.111      11.189
 107.8953           534.273       9.840
 107.9953           434.481       8.904
 108.0953           408.157       8.597
 108.1953           408.468       8.642
 108.2953           418.212       8.713
 108.3953           445.489       9.024
 108.4953           491.281       9.442
 108.5953           570.580      10.215
 108.6953           662.072      11.018
 108.7953           748.537      11.709
 108.8953           754.589      11.705
 108.9953           714.767      11.580
 109.0953           749.452      11.932
 109.1953           647.581      11.104
 109.2953           543.616      10.088
 109.3953           478.719       9.363
 109.4953           448.969       9.089
 109.5953           451.116       9.144
 109.6953           463.931       9.171
 109.7953           509.949       9.679
 109.8953           614.450      10.567
 109.9953           687.174      11.195
 110.0953           616.734      10.575
 110.1953           495.599       9.489
 110.2953           419.526       8.731
 110.3953           388.235       8.389
 110.4953           390.676       8.400
 110.5953           414.954       8.729
 110.6953           447.548       8.987
 110.7953           529.408       9.807
 110.8953           633.861      10.720
 110.9953           626.190      10.683
 111.0953           539.517       9.878
 111.1953           447.780       9.013
 111.2953           412.541       8.657
 111.3953           401.818       8.561
 111.4953           407.396       8.581
 111.5953           407.721       8.653
 111.6953           423.359       8.752
 111.7953           382.612       8.401
 111.8953           383.939       8.321
 111.9953           353.427       8.106
 112.0953           398.997       8.516
 112.1953           376.733       8.393
 112.2953           419.352       8.937
 112.3953           505.877       9.803
 112.4953           675.511      11.169
 112.5953           785.524      11.949
 112.6953           806.327      12.139
 112.7953           642.726      10.787
 112.8953           488.548       9.400
 112.9953           396.931       8.459
 113.0953           385.818       8.385
 113.1953           362.009       8.079
 113.2953           372.056       8.178
 113.3953           363.355       8.125
 113.4953           385.296       8.339
 113.5953           383.288       8.338
 113.6953           408.804       8.560
 113.7953           475.418       9.256
 113.8953           503.836       9.534
 113.9953           502.324       9.495
 114.0953           447.406       8.957
 114.1953           405.722       8.630
 114.2953           371.713       8.146
 114.3953           378.335       8.266
 114.4953           388.010       8.374
 114.5953           375.907       8.223
 114.6953           380.496       8.331
 114.7953           377.127       8.183
 114.8953           365.138       8.204
 114.9953           369.840       8.162
 115.0953           399.834       8.538
 115.1953           441.628       8.955
 115.2953           538.120       9.941
 115.3953           657.280      10.974
 115.4953           725.477      11.772
 115.5953           687.593      11.376
 115.6953           574.830      10.309
 115.7953           471.101       9.248
 115.8953           423.282       8.780
 115.9953           426.704       8.829
 116.0953           428.265       8.801
 116.1953           458.267       9.125
 116.2953           443.813       8.976
 116.3953           397.692       8.479
 116.4953           372.146       8.258
 116.5953           344.078       7.806
 116.6953           369.659       8.198
 116.7953           350.259       7.942
 116.8953           367.469       8.152
 116.9953           372.376       8.210
 117.0953           379.599       8.258
 117.1953           370.968       8.199
 117.2953           359.173       8.047
 117.3953           370.615       8.186
 117.4953           357.136       8.034
 117.5953           345.209       7.889
 117.6953           356.266       8.025
 117.7953           371.561       8.200
 117.8953           375.801       8.214
 117.9953           398.376       8.584
 118.0953           412.488       8.513
 118.1953           419.970       8.805
 118.2953           459.421       9.119
 118.3953           473.444       9.294
 118.4953           473.558       9.277
 118.5953           452.914       9.147
 118.6953           450.093       9.193
 118.7953           487.163       9.668
 118.8953           552.929      10.033
 118.9953           685.524      11.216
 119.0953           769.334      11.772
 119.1953           792.636      12.018
 119.2953           719.668      11.409
 119.3953           603.916      10.447
 119.4953           498.145       9.482
 119.5953           445.530       8.983
 119.6953           388.464       8.330
 119.7953           353.325       8.001
 119.8953           341.041       7.834
 119.9953           336.636       7.770
 120.0953           338.034       7.769
 120.1953           338.666       7.956
 120.2953           348.537       7.644
 120.3953           332.529       7.857
 120.4953           331.484       7.715
 120.5953           329.319       7.732
 120.6953           338.217       7.739
 120.7953           349.816       7.954
 120.8953           333.843       7.730
 120.9953           345.201       7.888
 121.0953           347.944       7.896
 121.1953           349.176       7.946
 121.2953           344.137       7.891
 121.3953           381.686       8.290
 121.4953           425.225       8.764
 121.5953           463.909       9.260
 121.6953           512.560       9.495
 121.7953           557.776      10.303
 121.8953           525.772       9.878
 121.9953           532.997      10.048
 122.0953           484.249       9.453
 122.1953           422.101       8.750
 122.2953           373.495       8.271
 122.3953           360.544       8.090
 122.4953           322.009       7.678
 122.5953           338.747       7.836
 122.6953           345.319       7.947
 122.7953           374.971       8.232
 122.8953           386.363       8.346
 122.9953           414.854       8.711
 123.0953           407.127       8.583
 123.1953           394.196       8.425
 123.2953           367.978       8.175
 123.3953           358.971       8.053
 123.4953           347.886       7.923
 123.5953           336.492       7.796
 123.6953           335.547       7.816
 123.7953           357.240       8.041
 123.8953           378.520       8.266
 123.9953           405.576       8.562
 124.0953           424.756       8.779
 124.1953           406.650       8.586
 124.2953           392.298       8.435
 124.3953           367.384       8.174
 124.4953           344.030       7.928
 124.5953           342.441       7.873
 124.6953           345.274       7.967
 124.7953           338.070       7.770
 124.8953           364.606       8.186
 124.9953           391.164       8.510
 125.0953           442.931       9.104
 125.1953           477.463       9.511
 125.2953           512.815       9.747
 125.3953           529.763       9.911
 125.4953           460.219       9.105
 125.5953           421.370       8.737
 125.6953           388.854       8.388
 125.7953           342.998       7.842
 125.8953           337.736       7.806
 125.9953           336.857       7.779
 126.0953           319.074       7.542
 126.1953           334.148       7.752
 126.2953           334.698       7.759
 126.3953           347.185       7.864
 126.4953           362.680       8.106
 126.5953           389.893       8.343
 126.6953           429.009       8.766
 126.7953           457.130       9.040
 126.8953           473.961       9.221
 126.9953           448.892       9.003
 127.0953           415.708       8.601
 127.1953           383.775       8.281
 127.2953           359.450       8.034
 127.3953           343.506       7.895
 127.4953           326.136       7.622
 127.5953           344.991       7.884
 127.6953           331.402       7.709
 127.7953           337.618       7.824
 127.8953           319.585       7.577
 127.9953           340.612       7.879
 128.0953           327.077       7.654
 128.1953           322.237       7.718
 128.2953           316.591       7.713
 128.3953           322.812       7.802
 128.4953           319.707       7.669
 128.5953           345.515       7.929
 128.6953           357.958       8.057
 128.7953           405.650       8.586
 128.8953           433.023       8.828
 128.9953           484.214       9.374
 129.0953           496.331       9.499
 129.1953           511.449       9.570
 129.2953           465.934       9.150
 129.3953           416.561       8.690
 129.4953           378.094       8.235
 129.5953           344.566       7.872
 129.6953           340.993       7.837
 129.7953           346.414       7.918
 129.8953           337.829       7.783
 129.9953           345.660       7.897
 130.0953           342.182       7.826
 130.1953           330.030       7.717
 130.2953           351.271       7.951
 130.3953           347.101       7.897
 130.4953           360.460       8.066
 130.5953           409.236       8.589
 130.6953           410.942       8.597
 130.7953           423.607       8.761
 130.8953           415.254       8.666
 130.9953           409.710       8.601
 131.0953           398.735       8.501
 131.1953           380.254       8.320
 131.2953           365.933       8.126
 131.3953           348.624       8.019
 131.4953           354.963       8.163
 131.5953           348.913       8.145
 131.6953           341.624       7.921
 131.7953           335.837       7.806
 131.8953           334.042       7.760
 131.9953           330.222       7.758
 132.0953           326.940       7.661
 132.1953           330.564       7.753
 132.2953           330.070       7.722
 132.3953           343.234       7.835
 132.4953           325.026       7.659
 132.5953           351.435       7.926
 132.6953           343.618       7.889
 132.7953           357.924       7.991
 132.8953           358.308       8.018
 132.9953           360.592       8.047
 133.0953           357.259       8.001
 133.1953           361.537       7.923
 133.2953           373.054       8.439
 133.3953           375.055       8.089
 133.4953           389.509       8.348
 133.5953           381.374       8.273
 133.6953           393.554       8.402
 133.7953           395.209       8.437
 133.8953           386.580       8.287
 133.9953           358.836       8.060
 134.0953           346.610       7.900
 134.1953           332.066       7.708
 134.2953           327.418       7.700
 134.3953           301.890       7.392
 134.4953           321.708       7.619
 134.5953           310.377       7.554
 134.6953           308.186       7.648
 134.7953           317.098       7.688
 134.8953           315.095       7.615
 134.9953           319.618       7.578
 135.0953           304.180       7.390
 135.1953           340.952       7.847
 135.2953           329.210       7.694
 135.3953           320.702       7.584
 135.4953           339.377       7.823
 135.5953           383.280       8.262
 135.6953           451.584       9.005
 135.7953           564.850      10.028
 135.8953           679.232      11.058
 135.9953           751.150      11.590
 136.0953           789.195      11.880
 136.1953           806.842      12.042
 136.2953           758.410      11.618
 136.3953           675.813      11.001
 136.4953           549.572       9.930
 136.5953           451.395       9.006
 136.6953           392.446       8.350
 136.7953           339.753       7.803
 136.8953           354.148       7.971
 136.9953           395.369       8.380
 137.0953           443.650       8.925
 137.1953           496.311       9.459
 137.2953           552.339       9.952
 137.3953           573.508      10.132
 137.4953           578.536      10.199
 137.5953           578.602      10.212
 137.6953           522.799       9.718
 137.7953           474.432       9.288
 137.8953           405.811       8.732
 137.9953           362.111       8.240
 138.0953           337.566       7.865
 138.1953           332.451       7.709
 138.2953           309.895       7.496
 138.3953           314.201       7.498
 138.4953           312.177       7.477
 138.5953           299.122       7.315
 138.6953           310.661       7.445
 138.7953           309.292       7.408
 138.8953           320.591       7.542
 138.9953           314.621       7.495
 139.0953           310.048       7.420
 139.1953           307.402       7.359
 139.2953           326.844       7.657
 139.3953           330.188       7.625
 139.4953           355.217       7.969
 139.5953           372.483       8.080
 139.6953           419.136       8.655
 139.7953           439.323       8.859
 139.8953           473.232       9.143
 139.9953           490.837       9.338
 140.0953           513.123       9.547
 140.1953           506.598       9.523
 140.2953           520.449       9.590
 140.3953           530.038       9.754
 140.4953           526.023       9.688
 140.5953           544.344       9.865
 140.6953           533.182       9.797
 140.7953           536.401       9.800
 140.8953           511.217       9.584
 140.9953           493.864       9.519
 141.0953           449.178       9.157
 141.1953           408.349       8.738
 141.2953           405.359       8.572
 141.3953           355.851       7.961
 141.4953           374.747       8.203
 141.5953           414.202       8.581
 141.6953           466.673       9.138
 141.7953           507.831       9.534
 141.8953           554.349       9.915
 141.9953           580.948      10.116
 142.0953           619.241      10.499
 142.1953           612.491      10.449
 142.2953           603.020      10.349
 142.3953           619.754      10.431
 142.4953           557.581       9.976
 142.5953           541.702       9.807
 142.6953           512.800       9.521
 142.7953           489.020       9.290
 142.8953           490.378       9.327
 142.9953           507.996       9.494
 143.0953           497.567       9.358
 143.1953           465.140       9.091
 143.2953           455.662       8.985
 143.3953           447.420       8.908
 143.4953           411.109       8.522
 143.5953           372.174       8.125
 143.6953           368.896       8.144
 143.7953           342.033       7.888
 143.8953           324.420       7.339
 143.9953           315.206       7.636
 144.0953           294.066       7.222
 144.1953           313.155       7.560
 144.2953           297.006       7.400
 144.3953           305.552       7.570
 144.4953           302.303       7.429
 144.5953           303.134       7.372
 144.6953           296.478       7.275
 144.7953           315.221       7.512
 144.8953           309.014       7.412
 144.9953           323.284       7.588
 145.0953           322.485       7.565
 145.1953           328.804       7.661
 145.2953           330.975       7.633
 145.3953           337.106       7.744
 145.4953           352.456       7.911
 145.5953           366.437       7.441
 145.6953           426.788      10.594
 145.7953           372.278       7.524
 145.8953           402.058       8.429
 145.9953           409.520       8.502
 146.0953           398.947       8.409
 146.1953           411.033       8.545
 146.2953           406.626       8.492
 146.3953           385.189       8.199
 146.4953           397.164       8.441
 146.5953           368.289       8.069
 146.6953           353.208       7.906
 146.7953           345.893       7.867
 146.8953           332.956       7.693
 146.9953           333.525       7.713
 147.0953           337.096       7.754
 147.1953           308.131       7.415
 147.2953           313.983       7.489
 147.3953           310.415       7.496
 147.4953           309.667       7.612
 147.5953           309.337       7.574
 147.6953           286.631       7.234
 147.7953           302.632       7.344
 147.8953           296.483       7.310
 147.9953           284.287       7.096
 148.0953           294.678       7.272
 148.1953           288.474       7.136
 148.2953           303.091       7.381
 148.3953           320.947       7.540
 148.4953           325.577       7.706
 148.5953           330.491       7.422
 148.6953           334.871       7.854
 148.7953           334.563       7.917
 148.8953           361.269       7.578
 148.9953           350.709       7.900
 149.0953           367.450       8.227
 149.1953           349.235       7.695
 149.2953           354.118       7.848
 149.3953           349.174       7.839
 149.4953           343.364       7.697
 149.5953           322.422       7.420
 149.6953           341.765       7.920
 149.7953           337.405       7.714
 149.8953           334.726       7.444
 149.9953           347.437       8.242
 150.0953           375.300       7.635
 150.1953           375.716       8.997
 150.2953           407.232       8.077
 150.3953           408.664       8.591
 150.4953           422.026       8.676
 150.5953           450.336       9.007
 150.6953           457.923       8.360
 150.7953             0.000       0.000
 150.8953             0.000       0.000
