XYDATA  Co2SiO4 8mmV 1.87A HiRes FullBeam 500K CF ROC 
INTER        1       1       0     0.100000
TEMP       433.015      440.619      440.914
! d20 23-Apr-08 09:22:09 User Sazono   L.C.Hansen  Run 594842*d20_2008_04_5880
! d20 23-Apr-08 09:22:09 User Sazono   L.C.Hansen  Run 594842*d20_2008_04_5880
! Monitor/counts, Counting time/sec:       100000.      62.5111
   0.0953          4120.936      28.096
   0.1953          4263.919      29.046
   0.2953          4277.029      29.355
   0.3953          4133.469      28.673
   0.4953          3855.434      27.489
   0.5953          3471.119      25.874
   0.6953          3017.719      24.057
   0.7953          2605.840      22.414
   0.8953          2274.932      20.874
   0.9953          1974.601      19.497
   1.0953          1615.456      17.580
   1.1953          1347.066      16.022
   1.2953          1042.754      14.122
   1.3953           765.532      12.089
   1.4953           552.532      10.264
   1.5953           428.129       9.012
   1.6953           381.128       8.548
   1.7953           350.153       8.187
   1.8953           305.119       7.614
   1.9953           314.550       7.734
   2.0953           302.512       7.606
   2.1953           299.598       7.564
   2.2953           285.006       7.354
   2.3953           275.929       7.249
   2.4953           265.746       7.143
   2.5953           274.731       7.190
   2.6953           257.882       7.058
   2.7953           258.743       7.016
   2.8953           259.292       7.052
   2.9953           247.281       6.880
   3.0953           234.158       6.707
   3.1953           239.993       6.785
   3.2953           224.259       6.551
   3.3953           233.601       6.746
   3.4953           243.931       6.989
   3.5953           240.746       6.941
   3.6953           251.485       7.010
   3.7953           246.593       6.898
   3.8953           259.557       7.059
   3.9953           287.948       7.440
   4.0953           324.360       7.853
   4.1953           362.762       8.380
   4.2953           392.530       8.638
   4.3953           438.948       9.137
   4.4953           515.735       9.900
   4.5953           546.074      10.241
   4.6953           630.806      10.917
   4.7953           638.790      11.022
   4.8953           693.122      11.487
   4.9953           707.140      11.635
   5.0953           707.158      11.580
   5.1953           683.682      11.384
   5.2953           713.874      11.689
   5.3953           708.271      11.606
   5.4953           691.578      11.444
   5.5953           696.470      11.522
   5.6953           698.831      11.554
   5.7953           699.000      11.564
   5.8953           716.132      11.629
   5.9953           694.419      11.559
   6.0953           695.469      11.537
   6.1953           692.369      11.543
   6.2953           689.811      11.489
   6.3953           691.230      11.497
   6.4953           688.178      11.539
   6.5953           677.466      11.419
   6.6953           672.935      11.595
   6.7953           656.452      11.462
   6.8953           657.363      11.322
   6.9953           655.543      11.185
   7.0953           643.958      11.098
   7.1953           643.453      11.127
   7.2953           634.196      10.967
   7.3953           652.121      11.194
   7.4953           630.644      10.963
   7.5953           636.995      10.992
   7.6953           627.838      10.919
   7.7953           637.470      11.011
   7.8953           623.272      10.873
   7.9953           638.196      10.955
   8.0953           620.675      10.891
   8.1953           628.239      10.908
   8.2953           599.979      10.655
   8.3953           622.015      10.858
   8.4953           605.866      10.729
   8.5953           608.667      10.725
   8.6953           601.142      10.658
   8.7953           580.657      10.475
   8.8953           602.927      10.688
   8.9953           595.489      10.622
   9.0953           596.513      10.620
   9.1953           606.551      10.753
   9.2953           591.349      10.616
   9.3953           574.037      10.404
   9.4953           583.319      10.566
   9.5953           587.888      10.574
   9.6953           571.482      10.446
   9.7953           578.245      10.607
   9.8953           552.934      10.502
   9.9953           586.918      10.806
  10.0953           557.308      10.370
  10.1953           553.483      10.262
  10.2953           567.032      10.403
  10.3953           554.192      10.256
  10.4953           544.359      10.156
  10.5953           537.727      10.074
  10.6953           555.008      10.273
  10.7953           559.038      10.230
  10.8953           553.974      10.203
  10.9953           553.066      10.191
  11.0953           543.855      10.028
  11.1953           559.993      10.234
  11.2953           537.967      10.628
  11.3953           546.062       9.928
  11.4953           527.344       9.902
  11.5953           532.876       9.973
  11.6953           528.358       9.998
  11.7953           534.229      10.018
  11.8953           536.730      10.056
  11.9953           515.437       9.849
  12.0953           526.746       9.987
  12.1953           532.233      10.012
  12.2953           525.977       9.929
  12.3953           514.458       9.910
  12.4953           538.720      10.100
  12.5953           529.863      10.003
  12.6953           507.120       9.801
  12.7953           535.986      10.142
  12.8953           518.287       9.860
  12.9953           533.602      10.122
  13.0953           524.850      10.351
  13.1953           518.644       9.833
  13.2953           524.794      10.237
  13.3953           512.888       9.874
  13.4953           516.842       9.941
  13.5953           510.361       9.806
  13.6953           522.521       9.990
  13.7953           512.531       9.815
  13.8953           516.508       9.931
  13.9953           514.205       9.797
  14.0953           517.013       9.943
  14.1953           522.792       9.813
  14.2953           510.236       9.873
  14.3953           527.331       9.937
  14.4953           525.350       9.944
  14.5953           501.594       9.786
  14.6953           506.319       9.733
  14.7953           517.271       9.848
  14.8953           514.646       9.832
  14.9953           505.493       9.792
  15.0953           512.477       9.978
  15.1953           522.858       9.612
  15.2953           513.861      10.024
  15.3953           519.869       9.892
  15.4953           505.022       9.737
  15.5953           492.106       9.649
  15.6953           500.136       9.756
  15.7953           512.483       9.810
  15.8953           503.307       9.824
  15.9953           496.814       9.701
  16.0953           503.962       9.829
  16.1953           486.168       9.650
  16.2953           508.383      10.028
  16.3953           505.720      10.046
  16.4953           497.599       9.800
  16.5953           488.826       9.626
  16.6953           493.078       9.717
  16.7953           488.328       9.635
  16.8953           479.892       9.560
  16.9953           517.354       9.891
  17.0953           490.361       9.652
  17.1953           492.543       9.660
  17.2953           511.622       9.815
  17.3953           494.633       9.686
  17.4953           474.736       9.480
  17.5953           509.780       9.758
  17.6953           499.065       9.735
  17.7953           491.973       9.645
  17.8953           495.766       9.642
  17.9953           490.085       9.598
  18.0953           489.142       9.623
  18.1953           496.200       9.672
  18.2953           500.990       9.723
  18.3953           489.935       9.594
  18.4953           498.929       9.731
  18.5953           490.676       9.590
  18.6953           494.018       9.648
  18.7953           498.817       9.729
  18.8953           487.909       9.613
  18.9953           498.003       9.681
  19.0953           497.127       9.723
  19.1953           505.617       9.804
  19.2953           487.237       9.637
  19.3953           475.466       9.519
  19.4953           483.686       9.828
  19.5953           478.400       9.691
  19.6953           485.814       9.630
  19.7953           471.247       9.474
  19.8953           501.127       9.748
  19.9953           480.296       9.532
  20.0953           493.875       9.656
  20.1953           481.767       9.376
  20.2953           508.119      10.168
  20.3953           505.835       9.692
  20.4953           489.917       9.370
  20.5953           509.181       9.925
  20.6953           508.372       9.739
  20.7953           513.164       9.816
  20.8953           525.752       9.929
  20.9953           524.099       9.960
  21.0953           563.448      10.258
  21.1953           552.443      10.189
  21.2953           547.305      10.128
  21.3953           540.183      10.087
  21.4953           519.754       9.886
  21.5953           510.164       9.780
  21.6953           485.507       9.596
  21.7953           485.706       9.511
  21.8953           489.628       9.619
  21.9953           478.319       9.474
  22.0953           475.518       9.474
  22.1953           479.926       9.549
  22.2953           485.622       9.576
  22.3953           480.804       9.565
  22.4953           483.394       9.590
  22.5953           491.894       9.697
  22.6953           478.708       9.739
  22.7953           480.957       9.735
  22.8953           482.311       9.595
  22.9953           475.162       9.452
  23.0953           480.243       9.533
  23.1953           456.545       9.288
  23.2953           470.957       9.393
  23.3953           485.065       9.550
  23.4953           478.641       9.520
  23.5953           474.939       9.376
  23.6953           474.036       9.424
  23.7953           477.347       9.449
  23.8953           467.417       9.348
  23.9953           475.539       9.401
  24.0953           460.580       9.292
  24.1953           479.315       9.475
  24.2953           479.820       9.428
  24.3953           474.805       9.421
  24.4953           493.401       9.577
  24.5953           474.346       9.460
  24.6953           486.165       9.491
  24.7953           485.649       9.492
  24.8953           514.241       9.837
  24.9953           539.112      10.009
  25.0953           570.626      10.321
  25.1953           548.116      10.129
  25.2953           533.446      10.005
  25.3953           529.792       9.961
  25.4953           485.712       9.555
  25.5953           475.412       9.461
  25.6953           468.462       9.377
  25.7953           470.920       9.497
  25.8953           454.756       9.431
  25.9953           465.679       9.564
  26.0953           448.117       9.220
  26.1953           478.482       9.487
  26.2953           479.289       9.469
  26.3953           472.270       9.451
  26.4953           483.133       9.490
  26.5953           501.612       9.661
  26.6953           514.940       9.839
  26.7953           522.514       9.875
  26.8953           535.662      10.006
  26.9953           530.770       9.916
  27.0953           528.868       9.959
  27.1953           518.777       9.820
  27.2953           522.166       9.870
  27.3953           561.395      10.241
  27.4953           601.555      10.583
  27.5953           675.593      11.212
  27.6953           788.994      12.167
  27.7953           930.396      13.151
  27.8953           972.232      13.493
  27.9953           901.030      12.896
  28.0953           785.033      12.145
  28.1953           625.007      10.816
  28.2953           531.476       9.929
  28.3953           496.629       9.666
  28.4953           494.007       9.596
  28.5953           490.088       9.582
  28.6953           506.667       9.773
  28.7953           515.335       9.863
  28.8953           541.094      10.116
  28.9953           582.000      10.472
  29.0953           608.039      10.898
  29.1953           619.282      10.975
  29.2953           585.106      10.607
  29.3953           550.479      10.201
  29.4953           508.194       9.798
  29.5953           488.479       9.569
  29.6953           471.532       9.389
  29.7953           457.779       9.287
  29.8953           457.259       9.284
  29.9953           458.993       9.252
  30.0953           485.543       9.546
  30.1953           474.021       9.428
  30.2953           460.093       9.290
  30.3953           459.442       9.244
  30.4953           476.937       9.478
  30.5953           488.398       9.575
  30.6953           482.068       9.496
  30.7953           489.526       9.553
  30.8953           507.943       9.748
  30.9953           505.188       9.757
  31.0953           564.607      10.250
  31.1953           566.742      10.299
  31.2953           521.683       9.912
  31.3953           509.522       9.759
  31.4953           465.657       9.343
  31.5953           456.067       9.248
  31.6953           462.265       9.353
  31.7953           469.771       9.382
  31.8953           454.170       9.263
  31.9953           448.873       9.178
  32.0953           465.007       9.383
  32.1953           441.099       9.184
  32.2953           444.405       9.348
  32.3953           435.780       9.208
  32.4953           458.082       9.321
  32.5953           442.931       9.118
  32.6953           456.242       9.257
  32.7953           442.053       9.076
  32.8953           452.361       9.222
  32.9953           437.103       9.001
  33.0953           432.651       9.025
  33.1953           430.932       8.933
  33.2953           446.595       9.141
  33.3953           447.511       9.097
  33.4953           439.705       9.049
  33.5953           438.335       9.006
  33.6953           444.815       9.078
  33.7953           451.032       9.199
  33.8953           451.782       9.124
  33.9953           437.223       9.002
  34.0953           437.692       9.023
  34.1953           469.747       9.348
  34.2953           454.308       9.207
  34.3953           443.111       8.987
  34.4953           447.169       9.187
  34.5953           460.503       9.199
  34.6953           460.534       9.298
  34.7953           461.301       9.271
  34.8953           457.141       9.222
  34.9953           460.380       9.248
  35.0953           447.841       9.174
  35.1953           460.155       9.276
  35.2953           468.310       9.391
  35.3953           484.713       9.631
  35.4953           484.855       9.713
  35.5953           465.749       9.527
  35.6953           474.902       9.515
  35.7953           473.772       9.412
  35.8953           494.396       9.640
  35.9953           494.588       9.593
  36.0953           530.451       9.964
  36.1953           543.126      10.051
  36.2953           557.287      10.238
  36.3953           583.461      10.409
  36.4953           569.929      10.330
  36.5953           535.304       9.937
  36.6953           509.341       9.752
  36.7953           480.444       9.422
  36.8953           481.077       9.466
  36.9953           456.755       9.222
  37.0953           460.578       9.243
  37.1953           452.918       9.139
  37.2953           452.234       9.193
  37.3953           447.071       9.101
  37.4953           451.910       9.139
  37.5953           457.969       9.243
  37.6953           451.379       9.155
  37.7953           448.371       9.145
  37.8953           470.038       9.326
  37.9953           455.977       9.220
  38.0953           452.621       9.191
  38.1953           460.145       9.277
  38.2953           474.745       9.390
  38.3953           458.903       9.288
  38.4953           462.971       9.276
  38.5953           469.603       9.464
  38.6953           476.494       9.638
  38.7953           462.749       9.509
  38.8953           493.077       9.670
  38.9953           506.607       9.788
  39.0953           576.731      10.407
  39.1953           620.595      10.748
  39.2953           692.014      11.380
  39.3953           686.637      11.302
  39.4953           648.460      11.021
  39.5953           585.248      10.416
  39.6953           528.754       9.927
  39.7953           485.281       9.484
  39.8953           479.961       9.462
  39.9953           462.293       9.242
  40.0953           451.423       9.158
  40.1953           473.670       9.421
  40.2953           457.505       9.198
  40.3953           461.028       9.241
  40.4953           463.318       9.304
  40.5953           459.887       9.250
  40.6953           475.728       9.395
  40.7953           470.608       9.369
  40.8953           462.343       9.293
  40.9953           458.655       9.234
  41.0953           464.511       9.274
  41.1953           475.971       9.461
  41.2953           455.162       9.213
  41.3953           459.972       9.265
  41.4953           476.724       9.478
  41.5953           488.653       9.563
  41.6953           484.451       9.527
  41.7953           495.836       9.750
  41.8953           503.234      10.079
  41.9953           508.086       9.668
  42.0953           606.339      10.920
  42.1953           700.734      11.457
  42.2953           832.669      12.595
  42.3953           924.529      13.149
  42.4953           963.799      13.480
  42.5953           882.268      12.772
  42.6953           771.045      12.083
  42.7953           682.290      11.284
  42.8953           626.374      10.777
  42.9953           560.416      10.273
  43.0953           508.813       9.717
  43.1953           511.687       9.747
  43.2953           549.871      10.160
  43.3953           605.404      10.587
  43.4953           668.755      11.174
  43.5953           661.050      11.095
  43.6953           608.650      10.615
  43.7953           557.529      10.191
  43.8953           523.395       9.891
  43.9953           480.368       9.428
  44.0953           473.763       9.386
  44.1953           512.818       9.827
  44.2953           554.404      10.141
  44.3953           607.396      10.684
  44.4953           695.758      11.397
  44.5953           793.503      12.122
  44.6953           809.772      12.375
  44.7953           741.487      11.802
  44.8953           627.854      10.867
  44.9953           542.358      10.163
  45.0953           479.038       9.694
  45.1953           471.647       9.572
  45.2953           484.932       9.562
  45.3953           446.201       9.135
  45.4953           467.443       9.319
  45.5953           462.125       9.293
  45.6953           480.015       9.436
  45.7953           501.183       9.633
  45.8953           567.478      10.284
  45.9953           714.237      11.478
  46.0953           844.748      12.477
  46.1953           961.517      13.335
  46.2953           945.225      13.229
  46.3953           783.087      12.005
  46.4953           603.247      10.561
  46.5953           519.570       9.794
  46.6953           463.656       9.247
  46.7953           479.614       9.424
  46.8953           485.985       9.464
  46.9953           466.249       9.249
  47.0953           475.553       9.384
  47.1953           523.060       9.829
  47.2953           591.049      10.458
  47.3953           635.903      10.831
  47.4953           670.110      11.144
  47.5953           645.719      10.898
  47.6953           587.533      10.457
  47.7953           517.617       9.786
  47.8953           511.836       9.757
  47.9953           554.931      10.188
  48.0953           663.758      11.083
  48.1953           921.803      13.258
  48.2953          1404.333      16.508
  48.3953          2077.255      20.143
  48.4953          2979.348      23.661
  48.5953          3474.547      25.514
  48.6953          3442.723      25.314
  48.7953          3061.782      23.954
  48.8953          2523.555      21.608
  48.9953          1891.971      18.742
  49.0953          1243.418      15.264
  49.1953           785.665      12.029
  49.2953           567.669      10.249
  49.3953           503.419       9.663
  49.4953           502.349       9.641
  49.5953           489.781       9.516
  49.6953           504.289       9.630
  49.7953           481.797       9.489
  49.8953           474.415       9.322
  49.9953           486.963       9.472
  50.0953           487.096       9.518
  50.1953           478.037       9.408
  50.2953           485.461       9.473
  50.3953           489.178       9.515
  50.4953           482.676       9.450
  50.5953           472.302       9.375
  50.6953           508.338       9.690
  50.7953           533.481       9.965
  50.8953           619.441      10.728
  50.9953           746.502      11.787
  51.0953           867.447      12.721
  51.1953           869.817      12.743
  51.2953           766.742      11.973
  51.3953           623.952      10.795
  51.4953           536.821      10.257
  51.5953           491.980       9.756
  51.6953           488.340       9.612
  51.7953           500.961       9.668
  51.8953           506.436       9.696
  51.9953           529.313       9.889
  52.0953           539.821      10.023
  52.1953           527.566       9.896
  52.2953           516.561       9.731
  52.3953           528.027       9.893
  52.4953           531.988       9.889
  52.5953           514.572       9.723
  52.6953           483.014       9.435
  52.7953           463.433       9.226
  52.8953           450.901       9.132
  52.9953           456.262       9.133
  53.0953           459.482       9.212
  53.1953           463.958       9.224
  53.2953           449.159       9.093
  53.3953           454.064       9.144
  53.4953           460.745       9.224
  53.5953           446.391       9.037
  53.6953           443.227       9.049
  53.7953           453.355       9.150
  53.8953           449.435       9.063
  53.9953           451.964       9.159
  54.0953           441.843       9.042
  54.1953           478.781       9.397
  54.2953           485.445       9.480
  54.3953           522.317       9.871
  54.4953           582.743      10.391
  54.5953           614.242      10.746
  54.6953           602.662      10.807
  54.7953           585.636      10.678
  54.8953           518.762       9.851
  54.9953           522.269       9.888
  55.0953           496.766       9.583
  55.1953           497.594       9.621
  55.2953           481.840       9.412
  55.3953           482.301       9.450
  55.4953           485.960       9.480
  55.5953           457.840       9.160
  55.6953           463.607       9.276
  55.7953           458.785       9.203
  55.8953           467.147       9.269
  55.9953           478.062       9.374
  56.0953           458.953       9.188
  56.1953           471.776       9.326
  56.2953           449.825       9.099
  56.3953           460.601       9.183
  56.4953           457.189       9.205
  56.5953           465.087       9.268
  56.6953           458.239       9.172
  56.7953           467.964       9.282
  56.8953           469.722       9.322
  56.9953           486.979       9.439
  57.0953           470.746       9.337
  57.1953           459.957       9.210
  57.2953           449.080       9.136
  57.3953           453.512       9.179
  57.4953           444.659       9.026
  57.5953           457.326       9.256
  57.6953           434.276       8.993
  57.7953           452.925       9.209
  57.8953           445.764       9.358
  57.9953           454.132       9.323
  58.0953           453.698       9.242
  58.1953           456.778       9.223
  58.2953           440.297       9.027
  58.3953           457.349       9.238
  58.4953           449.904       9.088
  58.5953           438.680       9.022
  58.6953           427.732       8.863
  58.7953           456.560       9.170
  58.8953           433.578       8.938
  58.9953           451.949       9.168
  59.0953           463.803       9.108
  59.1953           463.164       9.282
  59.2953           473.526       9.342
  59.3953           479.174       9.381
  59.4953           458.999       9.169
  59.5953           453.493       9.117
  59.6953           462.274       9.214
  59.7953           460.433       9.251
  59.8953           456.094       9.082
  59.9953           457.737       9.203
  60.0953           456.115       9.183
  60.1953           462.768       9.204
  60.2953           472.432       9.294
  60.3953           464.392       9.277
  60.4953           452.283       9.102
  60.5953           458.680       9.190
  60.6953           476.736       9.389
  60.7953           517.780       9.787
  60.8953           559.402      10.215
  60.9953           556.200      10.230
  61.0953           523.558      10.028
  61.1953           509.399       9.922
  61.2953           477.298       9.419
  61.3953           461.394       9.224
  61.4953           449.586       9.070
  61.5953           449.151       9.097
  61.6953           460.799       9.181
  61.7953           462.502       9.199
  61.8953           475.600       9.365
  61.9953           480.559       9.348
  62.0953           487.340       9.396
  62.1953           454.646       9.163
  62.2953           468.570       9.211
  62.3953           500.610       9.546
  62.4953           494.161       9.473
  62.5953           494.746       9.550
  62.6953           472.444       9.239
  62.7953           457.038       9.124
  62.8953           450.360       9.051
  62.9953           441.120       8.961
  63.0953           432.283       8.855
  63.1953           451.433       9.049
  63.2953           456.139       9.180
  63.3953           454.258       9.060
  63.4953           447.263       9.007
  63.5953           452.360       9.115
  63.6953           449.196       9.070
  63.7953           461.534       9.145
  63.8953           502.618       9.621
  63.9953           632.766      10.746
  64.0953          1000.466      13.568
  64.1953          1620.925      17.332
  64.2953          2116.820      19.821
  64.3953          2253.026      21.238
  64.4953          1898.991      18.551
  64.5953          1480.427      16.656
  64.6953           530.787       9.451
  64.7953           711.654      11.011
  64.8953           611.821      11.635
  64.9953           668.241      12.848
  65.0953           721.758      11.753
  65.1953           744.505      10.759
  65.2953           691.768      11.146
  65.3953           561.006      10.086
  65.4953           470.034       9.274
  65.5953           467.482       9.186
  65.6953           448.639       9.090
  65.7953           471.339       9.276
  65.8953           467.235       9.218
  65.9953           468.091       9.250
  66.0953           479.952       9.395
  66.1953           480.028       9.357
  66.2953           456.139       9.126
  66.3953           459.531       9.156
  66.4953           469.606       9.338
  66.5953           461.405       9.143
  66.6953           471.853       9.309
  66.7953           454.422       9.162
  66.8953           432.877       8.941
  66.9953           453.002       9.098
  67.0953           453.164       9.159
  67.1953           466.427       9.262
  67.2953           491.451       9.568
  67.3953           546.737      10.097
  67.4953           663.665      11.324
  67.5953           709.192      11.654
  67.6953           693.186      11.335
  67.7953           610.688      10.603
  67.8953           511.262       9.683
  67.9953           471.690       9.297
  68.0953           454.348       9.078
  68.1953           455.224       9.101
  68.2953           461.727       9.198
  68.3953           445.053       8.966
  68.4953           447.804       9.016
  68.5953           458.290       9.111
  68.6953           471.589       9.249
  68.7953           538.005       9.864
  68.8953           688.898      11.129
  68.9953           834.979      12.346
  69.0953           906.226      12.721
  69.1953           772.006      11.827
  69.2953           611.614      10.539
  69.3953           513.154       9.668
  69.4953           503.327       9.487
  69.5953           466.876       9.208
  69.6953           450.694       9.034
  69.7953           449.190       9.020
  69.8953           457.671       9.079
  69.9953           495.205       9.504
  70.0953           528.993       9.832
  70.1953           568.865      10.150
  70.2953           571.221      10.230
  70.3953           538.101       9.921
  70.4953           501.709       9.552
  70.5953           510.372       9.734
  70.6953           543.884      10.186
  70.7953           566.756      10.358
  70.8953           530.082       9.886
  70.9953           501.758       9.579
  71.0953           449.017       9.084
  71.1953           456.436       9.089
  71.2953           454.730       9.102
  71.3953           450.568       9.042
  71.4953           439.522       8.929
  71.5953           453.531       9.065
  71.6953           457.942       9.090
  71.7953           457.862       9.094
  71.8953           447.583       9.019
  71.9953           456.995       9.086
  72.0953           446.320       9.008
  72.1953           451.225       9.023
  72.2953           506.519       9.564
  72.3953           586.733      10.282
  72.4953           664.321      10.952
  72.5953           703.952      11.348
  72.6953           685.242      11.068
  72.7953           644.817      10.756
  72.8953           587.072      10.284
  72.9953           517.895       9.594
  73.0953           486.355       9.363
  73.1953           429.009       8.662
  73.2953           451.880       8.815
  73.3953           489.774       8.121
  73.4953           593.340      19.734
  73.5953           598.533       9.984
  73.6953           653.410      10.121
  73.7953           570.309       9.357
  73.8953           488.709      12.768
  73.9953           476.902       9.026
  74.0953           448.729       9.066
  74.1953           446.662       9.004
  74.2953           448.440       9.032
  74.3953           423.807       8.797
  74.4953           450.506       9.021
  74.5953           441.524       9.013
  74.6953           469.399       9.247
  74.7953           465.310       9.211
  74.8953           450.427       9.010
  74.9953           441.960       8.993
  75.0953           442.686       8.984
  75.1953           441.579       8.940
  75.2953           430.241       8.843
  75.3953           438.581       8.951
  75.4953           444.910       8.970
  75.5953           443.541       8.966
  75.6953           474.542       9.294
  75.7953           519.813       9.715
  75.8953           562.522      10.111
  75.9953           602.918      10.484
  76.0953           659.506      10.933
  76.1953           722.897      11.504
  76.2953           823.295      12.180
  76.3953           888.013      12.763
  76.4953           794.000      12.015
  76.5953           690.850      11.209
  76.6953           687.475      11.240
  76.7953           938.461      13.119
  76.8953          1451.744      16.340
  76.9953          1972.028      19.149
  77.0953          2010.000      19.625
  77.1953          1458.787      16.738
  77.2953           913.053      13.057
  77.3953           721.435      11.540
  77.4953          1019.682      13.692
  77.5953          1680.843      17.669
  77.6953          2373.370      20.751
  77.7953          2333.155      20.690
  77.8953          1587.343      17.090
  77.9953           840.596      12.398
  78.0953           554.722      10.049
  78.1953           475.143       9.347
  78.2953           445.377       9.016
  78.3953           451.224       9.079
  78.4953           453.505       9.103
  78.5953           499.179       9.568
  78.6953           494.929       9.509
  78.7953           543.148       9.961
  78.8953           596.424      10.475
  78.9953           607.887      10.553
  79.0953           543.952       9.981
  79.1953           472.292       9.284
  79.2953           449.864       9.102
  79.3953           438.027       8.945
  79.4953           440.861       8.934
  79.5953           430.495       8.920
  79.6953           416.881       8.752
  79.7953           427.868       8.853
  79.8953           426.222       8.885
  79.9953           434.656       8.957
  80.0953           439.492       9.020
  80.1953           427.245       8.946
  80.2953           414.625       8.971
  80.3953           444.239       9.182
  80.4953           444.309       9.121
  80.5953           450.010       9.095
  80.6953           475.515       9.387
  80.7953           518.617       9.745
  80.8953           509.091       9.678
  80.9953           506.561       9.597
  81.0953           478.185       9.365
  81.1953           443.325       8.984
  81.2953           450.343       9.083
  81.3953           446.277       8.987
  81.4953           451.759       9.081
  81.5953           459.623       9.150
  81.6953           475.393       9.302
  81.7953           486.166       9.430
  81.8953           459.899       9.125
  81.9953           471.640       9.248
  82.0953           487.918       9.436
  82.1953           504.800       9.619
  82.2953           498.821       9.495
  82.3953           478.153       9.324
  82.4953           466.987       9.244
  82.5953           463.745       9.187
  82.6953           436.341       8.872
  82.7953           445.601       9.073
  82.8953           437.250       8.935
  82.9953           442.033       8.978
  83.0953           504.688       9.624
  83.1953           632.644      10.790
  83.2953           817.616      12.265
  83.3953           897.716      12.902
  83.4953           802.391      12.421
  83.5953           627.329      10.940
  83.6953           522.273       9.881
  83.7953           490.526       9.482
  83.8953           485.434       9.475
  83.9953           517.549       9.751
  84.0953           593.039      10.428
  84.1953           621.106      10.650
  84.2953           576.542      10.286
  84.3953           513.589       9.631
  84.4953           454.498       9.128
  84.5953           421.331       8.764
  84.6953           458.462       9.127
  84.7953           461.585       9.159
  84.8953           456.653       9.243
  84.9953           451.328       8.863
  85.0953           455.289       9.198
  85.1953           456.479       9.095
  85.2953           433.787       8.888
  85.3953           434.616       8.920
  85.4953           439.191       8.932
  85.5953           450.771       9.032
  85.6953           443.845       9.004
  85.7953           428.165       8.829
  85.8953           439.827       8.937
  85.9953           463.764       9.259
  86.0953           478.276       9.296
  86.1953           452.617       9.135
  86.2953           427.239       8.813
  86.3953           455.143       9.149
  86.4953           450.870       9.167
  86.5953           496.898       9.552
  86.6953           730.706      11.838
  86.7953          1219.038      15.312
  86.8953          2123.379      19.885
  86.9953          2912.849      23.136
  87.0953          2893.730      23.056
  87.1953          2260.478      20.356
  87.2953          1592.942      17.025
  87.3953           985.031      13.427
  87.4953           610.086      10.571
  87.5953           450.235       9.032
  87.6953           440.413       8.942
  87.7953           445.376       9.020
  87.8953           429.001       8.835
  87.9953           431.807       8.831
  88.0953           441.133       8.969
  88.1953           412.909       8.678
  88.2953           429.127       8.805
  88.3953           445.375       8.985
  88.4953           418.995       8.742
  88.5953           439.476       8.939
  88.6953           440.699       8.940
  88.7953           456.223       9.134
  88.8953           431.470       8.833
  88.9953           444.945       9.026
  89.0953           435.173       8.874
  89.1953           432.012       8.914
  89.2953           437.794       8.910
  89.3953           414.388       8.703
  89.4953           438.742       8.982
  89.5953           465.103       9.189
  89.6953           500.400       9.618
  89.7953           640.508      10.867
  89.8953           800.290      12.359
  89.9953           857.388      12.807
  90.0953           735.028      11.685
  90.1953           536.474       9.942
  90.2953           448.834       9.077
  90.3953           445.202       9.005
  90.4953           421.181       8.707
  90.5953           420.327       8.757
  90.6953           409.082       8.615
  90.7953           408.208       8.613
  90.8953           418.687       8.704
  90.9953           417.526       8.702
  91.0953           422.684       8.785
  91.1953           442.066       8.915
  91.2953           455.108       9.106
  91.3953           522.141       9.703
  91.4953           708.453      11.360
  91.5953           926.624      12.958
  91.6953           929.353      12.992
  91.7953           784.020      11.963
  91.8953           561.844      10.025
  91.9953           481.457       9.383
  92.0953           492.503       9.431
  92.1953           487.728       9.428
  92.2953           459.583       9.121
  92.3953           440.685       8.980
  92.4953           428.895       8.851
  92.5953           411.868       8.656
  92.6953           410.041       8.644
  92.7953           447.369       9.085
  92.8953           461.971       9.190
  92.9953           460.973       9.273
  93.0953           484.163       9.631
  93.1953           458.891       9.373
  93.2953           435.968       9.071
  93.3953           417.243       8.783
  93.4953           409.708       8.698
  93.5953           415.412       8.750
  93.6953           413.978       8.735
  93.7953           419.725       8.782
  93.8953           425.266       8.854
  93.9953           405.688       8.641
  94.0953           429.091       8.836
  94.1953           435.440       8.941
  94.2953           503.123       9.613
  94.3953           563.579      10.134
  94.4953           664.904      11.040
  94.5953           678.317      11.150
  94.6953           636.453      10.801
  94.7953           502.226       9.574
  94.8953           459.330       9.183
  94.9953           500.295       9.614
  95.0953           687.671      11.156
  95.1953           895.658      12.900
  95.2953           997.400      13.499
  95.3953           840.027      12.411
  95.4953           689.494      11.241
  95.5953           661.949      11.039
  95.6953           676.465      11.163
  95.7953           703.577      11.381
  95.8953           685.366      11.161
  95.9953           632.234      10.946
  96.0953           550.512      10.008
  96.1953           539.819      10.078
  96.2953           675.293      11.398
  96.3953          1039.109      14.088
  96.4953          1365.639      16.040
  96.5953          1391.749      16.038
  96.6953           992.425      13.569
  96.7953           666.288      11.130
  96.8953           594.827      10.437
  96.9953           658.024      11.021
  97.0953           715.192      11.494
  97.1953           661.914      10.971
  97.2953           625.618      10.737
  97.3953           682.976      11.208
  97.4953           695.125      11.302
  97.5953           571.018      10.218
  97.6953           494.230       9.522
  97.7953           471.879       9.299
  97.8953           483.865       9.405
  97.9953           518.711       9.732
  98.0953           552.133      10.065
  98.1953           612.572      10.622
  98.2953           638.002      10.757
  98.3953           600.222      10.522
  98.4953           544.784      10.029
  98.5953           574.030      10.208
  98.6953           600.542      10.484
  98.7953           586.076      10.406
  98.8953           523.913       9.831
  98.9953           457.470       9.155
  99.0953           446.133       9.090
  99.1953           453.669       9.119
  99.2953           453.762       9.209
  99.3953           423.805       8.883
  99.4953           408.359       8.892
  99.5953           411.386       8.866
  99.6953           413.137       8.794
  99.7953           434.868       8.918
  99.8953           429.799       8.881
  99.9953           450.927       9.095
 100.0953           497.856       9.532
 100.1953           537.007       9.892
 100.2953           541.211       9.954
 100.3953           487.800       9.398
 100.4953           438.342       8.935
 100.5953           429.059       8.830
 100.6953           411.931       8.654
 100.7953           423.341       8.755
 100.8953           426.742       8.807
 100.9953           424.827       8.773
 101.0953           424.484       8.781
 101.1953           417.762       8.694
 101.2953           415.104       8.688
 101.3953           394.057       8.459
 101.4953           413.191       8.659
 101.5953           428.643       8.854
 101.6953           399.669       8.515
 101.7953           409.527       8.613
 101.8953           399.637       8.549
 101.9953           403.443       8.568
 102.0953           401.128       8.558
 102.1953           411.608       8.649
 102.2953           424.413       8.825
 102.3953           436.041       8.936
 102.4953           459.790       9.141
 102.5953           579.701      10.388
 102.6953           803.152      12.372
 102.8953           843.702      12.587
 102.9953           632.106      10.795
 103.0953           491.787       9.521
 103.1953           448.643       9.097
 103.2953           418.700       8.746
 103.3953           419.574       8.779
 103.4953           418.859       8.755
 103.5953           434.373       8.874
 103.6953           443.865       8.999
 103.7953           459.323       9.161
 103.8953           427.221       8.824
 103.9953           423.614       8.789
 104.0953           418.621       8.731
 104.1953           415.982       8.733
 104.2953           417.003       8.701
 104.3953           423.873       8.793
 104.4953           413.437       8.678
 104.5953           403.326       8.581
 104.6953           402.012       8.550
 104.7953           394.718       8.495
 104.8953           413.118       8.686
 104.9953           426.472       8.845
 105.0953           431.971       8.842
 105.1953           431.549       8.931
 105.2953           432.344       8.881
 105.3953           467.131       9.269
 105.4953           526.938       9.838
 105.5953           656.558      10.978
 105.6953           770.692      11.855
 105.7953           807.348      12.282
 105.8953           852.452      12.910
 105.9953           760.099      11.792
 106.0953           665.866      11.278
 106.1953           514.132       9.706
 106.2953           483.617       9.468
 106.3953           553.273      10.035
 106.4953           645.505      10.872
 106.5953           729.278      11.535
 106.6953           659.593      10.990
 106.7953           539.219       9.881
 106.8953           486.701       9.264
 106.9953           455.992       9.465
 107.0953           425.318       8.632
 107.1953           409.706       8.605
 107.2953           398.522       8.547
 107.3953           404.652       8.548
 107.4953           484.097       9.384
 107.5953           585.745      10.308
 107.6953           693.354      11.233
 107.7953           670.079      11.061
 107.8953           560.987      10.094
 107.9953           433.546       8.904
 108.0953           418.618       8.716
 108.1953           406.376       8.629
 108.2953           412.340       8.660
 108.3953           450.071       9.080
 108.4953           501.388       9.549
 108.5953           580.920      10.318
 108.6953           653.510      10.957
 108.7953           719.420      11.491
 108.8953           731.574      11.537
 108.9953           732.785      11.737
 109.0953           735.190      11.830
 109.1953           647.387      11.114
 109.2953           539.668      10.061
 109.3953           469.056       9.278
 109.4953           432.000       8.925
 109.5953           416.929       8.799
 109.6953           456.526       9.107
 109.7953           524.072       9.822
 109.8953           618.629      10.614
 109.9953           670.674      11.071
 110.0953           595.464      10.402
 110.1953           494.797       9.491
 110.2953           426.218       8.809
 110.3953           387.580       8.390
 110.4953           399.266       8.501
 110.5953           410.286       8.688
 110.6953           453.715       9.058
 110.7953           559.089      10.089
 110.8953           606.815      10.500
 110.9953           615.056      10.598
 111.0953           520.685       9.714
 111.1953           434.878       8.892
 111.2953           420.128       8.745
 111.3953           394.051       8.486
 111.4953           430.884       8.834
 111.5953           405.246       8.636
 111.6953           420.784       8.734
 111.7953           396.346       8.560
 111.8953           363.576       8.106
 111.9953           372.794       8.334
 112.0953           373.941       8.253
 112.1953           366.074       8.281
 112.2953           425.179       9.008
 112.3953           517.772       9.928
 112.4953           682.639      11.239
 112.5953           811.004      12.153
 112.6953           790.218      12.030
 112.7953           636.971      10.750
 112.8953           472.691       9.256
 112.9953           400.820       8.509
 113.0953           382.409       8.357
 113.1953           361.127       8.077
 113.2953           371.920       8.184
 113.3953           377.946       8.295
 113.4953           376.862       8.255
 113.5953           382.440       8.338
 113.6953           435.877       8.848
 113.7953           487.778       9.386
 113.8953           506.500       9.569
 113.9953           483.389       9.324
 114.0953           457.674       9.069
 114.1953           403.244       8.613
 114.2953           385.723       8.307
 114.3953           369.517       8.177
 114.4953           383.735       8.336
 114.5953           368.206       8.146
 114.6953           370.855       8.233
 114.7953           371.495       8.130
 114.8953           381.596       8.395
 114.9953           373.852       8.215
 115.0953           389.507       8.436
 115.1953           446.724       9.016
 115.2953           535.545       9.928
 115.3953           657.346      10.986
 115.4953           712.036      11.674
 115.5953           679.009      11.317
 115.6953           569.526      10.272
 115.7953           470.796       9.254
 115.8953           420.684       8.762
 115.9953           421.539       8.784
 116.0953           432.410       8.852
 116.1953           428.608       8.834
 116.2953           424.710       8.789
 116.3953           393.436       8.442
 116.4953           361.706       8.149
 116.5953           378.342       8.194
 116.6953           350.732       7.994
 116.7953           365.243       8.119
 116.8953           382.004       8.320
 116.9953           368.060       8.171
 117.0953           382.901       8.302
 117.1953           373.548       8.236
 117.2953           372.565       8.205
 117.3953           369.384       8.180
 117.4953           351.891       7.983
 117.5953           365.077       8.121
 117.6953           359.355       8.068
 117.7953           368.696       8.177
 117.8953           385.215       8.325
 117.9953           401.421       8.625
 118.0953           420.205       8.601
 118.1953           425.646       8.873
 118.2953           451.294       9.048
 118.3953           463.079       9.201
 118.4953           469.614       9.247
 118.5953           462.178       9.249
 118.6953           452.525       9.228
 118.7953           477.586       9.582
 118.8953           571.769      10.213
 118.9953           683.624      11.211
 119.0953           809.553      12.088
 119.1953           805.956      12.131
 119.2953           732.570      11.523
 119.3953           601.536      10.437
 119.4953           501.883       9.527
 119.5953           450.077       9.038
 119.6953           394.098       8.398
 119.7953           374.397       8.245
 119.8953           369.710       8.166
 119.9953           365.379       8.104
 120.0953           350.187       7.916
 120.1953           348.358       8.077
 120.2953           341.186       7.571
 120.3953           331.538       7.854
 120.4953           326.405       7.664
 120.5953           346.924       7.944
 120.6953           330.568       7.659
 120.7953           330.225       7.736
 120.8953           334.709       7.748
 120.9953           334.525       7.773
 121.0953           333.931       7.743
 121.1953           350.076       7.965
 121.2953           357.180       8.047
 121.3953           392.218       8.412
 121.4953           430.084       8.823
 121.5953           462.455       9.255
 121.6953           503.388       9.419
 121.7953           532.980      10.081
 121.8953           533.179       9.958
 121.9953           521.752       9.951
 122.0953           495.235       9.570
 122.1953           426.607       8.806
 122.2953           385.099       8.408
 122.3953           344.723       7.919
 122.4953           335.152       7.841
 122.5953           352.709       8.004
 122.6953           361.616       8.141
 122.7953           372.844       8.217
 122.8953           403.787       8.541
 122.9953           418.091       8.754
 123.0953           399.984       8.516
 123.1953           394.646       8.439
 123.2953           365.639       8.158
 123.3953           346.668       7.922
 123.4953           333.949       7.770
 123.5953           323.784       7.655
 123.6953           349.198       7.982
 123.7953           357.431       8.051
 123.8953           379.661       8.287
 123.9953           401.518       8.528
 124.0953           405.986       8.591
 124.1953           418.573       8.720
 124.2953           407.833       8.609
 124.3953           368.505       8.195
 124.4953           348.219       7.984
 124.5953           360.022       8.081
 124.6953           346.722       7.992
 124.7953           358.641       8.011
 124.8953           354.854       8.084
 124.9953           391.413       8.521
 125.0953           436.714       9.049
 125.1953           489.082       9.636
 125.2953           532.070       9.939
 125.3953           507.062       9.706
 125.4953           480.848       9.316
 125.5953           412.612       8.655
 125.6953           372.965       8.223
 125.7953           354.309       7.979
 125.8953           348.561       7.938
 125.9953           327.103       7.674
 126.0953           317.229       7.528
 126.1953           326.541       7.671
 126.2953           353.418       7.981
 126.3953           340.042       7.791
 126.4953           370.510       8.201
 126.5953           389.084       8.343
 126.6953           450.363       8.991
 126.7953           484.415       9.316
 126.8953           460.910       9.102
 126.9953           457.418       9.098
 127.0953           419.061       8.645
 127.1953           382.953       8.280
 127.2953           347.050       7.902
 127.3953           339.301       7.855
 127.4953           323.235       7.596
 127.5953           337.212       7.802
 127.6953           322.554       7.613
 127.7953           341.040       7.872
 127.8953           317.000       7.554
 127.9953           326.148       7.717
 128.0953           336.011       7.766
 128.1953           330.686       7.827
 128.2953           334.574       7.937
 128.3953           331.984       7.920
 128.4953           338.071       7.894
 128.5953           342.213       7.899
 128.6953           368.331       8.181
 128.7953           407.578       8.616
 128.8953           466.029       9.168
 128.9953           506.496       9.598
 129.0953           511.386       9.652
 129.1953           489.704       9.374
 129.2953           471.216       9.211
 129.3953           413.057       8.662
 129.4953           368.803       8.142
 129.5953           353.208       7.978
 129.6953           329.595       7.713
 129.7953           336.966       7.817
 129.8953           342.120       7.841
 129.9953           353.245       7.991
 130.0953           352.935       7.956
 130.1953           342.831       7.873
 130.2953           354.339       7.994
 130.3953           357.182       8.019
 130.4953           375.317       8.239
 130.5953           396.162       8.460
 130.6953           417.918       8.678
 130.7953           411.946       8.648
 130.8953           434.783       8.877
 130.9953           417.432       8.691
 131.0953           382.112       8.330
 131.1953           377.934       8.303
 131.2953           375.911       8.244
 131.3953           342.314       7.954
 131.4953           353.811       8.158
 131.5953           342.387       8.077
 131.6953           343.248       7.948
 131.7953           337.074       7.828
 131.8953           348.466       7.934
 131.9953           332.729       7.795
 132.0953           320.952       7.599
 132.1953           326.687       7.715
 132.2953           344.515       7.897
 132.3953           334.795       7.746
 132.4953           334.380       7.776
 132.5953           341.763       7.824
 132.6953           356.493       8.044
 132.7953           348.822       7.897
 132.8953           347.353       7.903
 132.9953           366.015       8.116
 133.0953           360.689       8.047
 133.1953           370.463       8.029
 133.2953           381.669       8.545
 133.3953           390.867       8.266
 133.4953           394.436       8.409
 133.5953           377.841       8.243
 133.6953           401.378       8.494
 133.7953           397.106       8.466
 133.8953           388.979       8.321
 133.9953           370.284       8.196
 134.0953           361.765       8.079
 134.1953           332.391       7.720
 134.2953           322.464       7.650
 134.3953           331.183       7.750
 134.4953           315.134       7.548
 134.5953           327.424       7.767
 134.6953           315.099       7.741
 134.7953           313.452       7.652
 134.8953           318.327       7.662
 134.9953           307.666       7.442
 135.0953           314.708       7.525
 135.1953           317.935       7.585
 135.2953           333.673       7.754
 135.3953           337.906       7.793
 135.4953           347.669       7.926
 135.5953           391.390       8.358
 135.6953           465.293       9.150
 135.7953           581.537      10.185
 135.8953           653.022      10.854
 135.9953           765.423      11.712
 136.0953           815.375      12.088
 136.1953           820.392      12.156
 136.2953           743.202      11.513
 136.3953           627.127      10.608
 136.4953           510.596       9.581
 136.5953           423.502       8.732
 136.6953           370.634       8.123
 136.7953           348.716       7.913
 136.8953           366.568       8.118
 136.9953           394.402       8.378
 137.0953           447.803       8.976
 137.1953           503.295       9.535
 137.2953           549.161       9.934
 137.3953           583.838      10.233
 137.4953           613.425      10.512
 137.5953           562.628      10.081
 137.6953           549.045       9.969
 137.7953           469.939       9.254
 137.8953           399.301       8.670
 137.9953           368.121       8.317
 138.0953           337.526       7.873
 138.1953           322.741       7.603
 138.2953           315.623       7.573
 138.3953           309.824       7.453
 138.4953           309.048       7.447
 138.5953           311.935       7.478
 138.6953           293.231       7.241
 138.7953           317.934       7.519
 138.8953           310.222       7.426
 138.9953           316.521       7.526
 139.0953           308.015       7.403
 139.1953           314.393       7.450
 139.2953           310.250       7.468
 139.3953           329.278       7.623
 139.4953           349.854       7.917
 139.5953           395.040       8.330
 139.6953           426.807       8.743
 139.7953           452.585       9.001
 139.8953           469.602       9.117
 139.9953           489.354       9.333
 140.0953           505.277       9.483
 140.1953           526.302       9.716
 140.2953           529.314       9.682
 140.3953           523.572       9.704
 140.4953           531.756       9.751
 140.5953           549.048       9.917
 140.6953           540.595       9.875
 140.7953           534.813       9.795
 140.8953           508.846       9.572
 140.9953           472.444       9.319
 141.0953           448.231       9.157
 141.1953           409.752       8.762
 141.2953           373.298       8.235
 141.3953           386.581       8.306
 141.4953           374.618       8.210
 141.5953           421.470       8.665
 141.6953           459.024       9.072
 141.7953           532.561       9.774
 141.8953           574.510      10.104
 141.9953           606.863      10.350
 142.0953           613.201      10.458
 142.1953           622.863      10.548
 142.2953           583.430      10.190
 142.3953           621.029      10.453
 142.4953           563.559      10.040
 142.5953           529.113       9.702
 142.6953           494.364       9.358
 142.7953           501.171       9.414
 142.8953           494.944       9.380
 142.9953           483.785       9.274
 143.0953           489.946       9.296
 143.1953           480.167       9.246
 143.2953           462.460       9.061
 143.3953           436.074       8.803
 143.4953           418.331       8.606
 143.5953           394.992       8.379
 143.6953           348.748       7.926
 143.7953           339.453       7.867
 143.8953           343.564       7.560
 143.9953           313.072       7.618
 144.0953           313.522       7.465
 144.1953           322.583       7.681
 144.2953           311.481       7.586
 144.3953           313.515       7.676
 144.4953           290.113       7.285
 144.5953           312.026       7.487
 144.6953           308.721       7.431
 144.7953           321.612       7.595
 144.8953           305.372       7.376
 144.9953           312.341       7.466
 145.0953           335.071       7.720
 145.1953           340.576       7.805
 145.2953           343.482       7.784
 145.3953           361.699       8.030
 145.4953           351.223       7.905
 145.5953           353.558       7.317
 145.6953           446.914      10.852
 145.7953           366.794       7.476
 145.8953           390.129       8.312
 145.9953           400.984       8.422
 146.0953           394.793       8.373
 146.1953           409.564       8.538
 146.2953           407.285       8.507
 146.3953           407.328       8.440
 146.4953           387.191       8.343
 146.5953           377.023       8.173
 146.6953           364.934       8.044
 146.7953           350.731       7.930
 146.8953           337.205       7.750
 146.9953           337.967       7.772
 147.0953           321.159       7.576
 147.1953           316.457       7.522
 147.2953           334.326       7.735
 147.3953           315.591       7.566
 147.4953           303.363       7.542
 147.5953           312.019       7.615
 147.6953           292.713       7.318
 147.7953           298.788       7.305
 147.8953           297.274       7.327
 147.9953           291.088       7.188
 148.0953           307.161       7.432
 148.1953           295.263       7.227
 148.2953           304.976       7.412
 148.3953           321.785       7.557
 148.4953           319.297       7.639
 148.5953           329.500       7.418
 148.6953           343.686       7.965
 148.7953           368.307       8.315
 148.8953           355.480       7.524
 148.9953           362.134       8.036
 149.0953           359.527       8.146
 149.1953           346.384       7.671
 149.2953           350.313       7.814
 149.3953           337.188       7.711
 149.4953           342.340       7.694
 149.5953           336.098       7.584
 149.6953           347.253       7.992
 149.7953           342.697       7.783
 149.8953           329.440       7.392
 149.9953           353.641       8.324
 150.0953           359.410       7.480
 150.1953           393.338       9.215
 150.2953           401.807       8.031
 150.3953           437.204       8.895
 150.4953           452.220       8.991
 150.5953           444.943       8.962
 150.6953           471.871       8.496
 150.7953             0.000       0.000
 150.8953             0.000       0.000
