# Two Theta	Intensity
1.0041 -1.50000
1.0097 -2.50000
1.0153 -3.50000
1.0210 -0.50000
1.0266 -1.50000
1.0323 -2.50000
1.0379 -3.50000
1.0435 -0.50000
1.0492 -1.50000
1.0548 -2.50000
1.0605 -3.50000
1.0661 -0.50000
1.0717 -1.50000
1.0774 -2.50000
1.0830 -3.50000
1.0886 -0.50000
1.0943 -1.50000
1.0999 -2.50000
1.1056 -3.50000
1.1112 -0.50000
1.1169 5852.87016
1.1225 5839.87066
1.1281 5816.11672
1.1338 5814.02657
1.1394 5812.21672
1.1451 5802.53425
1.1507 5788.55672
1.1563 5752.57312
1.1620 5737.16000
1.1676 5728.41343
1.1732 5743.54575
1.1789 5740.88328
1.1845 5708.97590
1.1902 5681.84195
1.1958 5631.80821
1.2014 5616.09394
1.2071 5623.76902
1.2127 5602.00164
1.2184 5593.92082
1.2240 5595.23148
1.2297 5587.29590
1.2353 5559.58000
1.2409 5537.27179
1.2466 5518.58328
1.2522 5514.37098
1.2579 5512.82164
1.2635 5478.51179
1.2691 5456.80739
1.2748 5489.10934
1.2804 5466.18821
1.2860 5413.65754
1.2917 5395.46821
1.2973 5393.49179
1.3030 5383.43558
1.3086 5365.43261
1.3142 5357.57016
1.3199 5343.03098
1.3255 5319.80821
1.3312 5298.34246
1.3368 5278.93590
1.3424 5255.79590
1.3481 5239.12492
1.3537 5219.42739
1.3594 5205.58492
1.3650 5213.65558
1.3706 5203.27590
1.3763 5178.48246
1.3819 5161.39558
1.3876 5157.71394
1.3932 5142.93508
1.3988 5126.91918
1.4045 5117.92328
1.4101 5099.39066
1.4158 5095.82328
1.4214 5083.46770
1.4270 5064.44606
1.4327 5047.34902
1.4383 5024.15723
1.4440 5009.08739
1.4496 4983.14984
1.4552 4957.58657
1.4609 4950.82606
1.4665 4944.28492
1.4722 4924.54524
1.4778 4930.07836
1.4834 4937.79508
1.4891 4931.55508
1.4947 4875.98770
1.5003 4835.77098
1.5060 4823.06246
1.5116 4820.98246
1.5173 4834.27394
1.5229 4826.94164
1.5286 4777.41672
1.5342 4755.71230
1.5398 4752.71672
1.5455 4752.92442
1.5511 4747.08000
1.5568 4724.55343
1.5624 4733.98657
1.5680 4707.48739
1.5737 4670.00524
1.5793 4641.71754
1.5849 4624.42246
1.5906 4629.50770
1.5962 4640.70902
1.6019 4631.67098
1.6075 4583.92492
1.6132 4565.21508
1.6188 4570.30082
1.6244 4571.49672
1.6301 4546.08984
1.6357 4515.23261
1.6414 4516.94902
1.6470 4486.75754
1.6526 4467.70442
1.6583 4483.86657
1.6639 4479.15508
1.6695 4464.82410
1.6752 4454.18442
1.6808 4431.19016
1.6865 4414.42524
1.6921 4392.85590
1.6977 4366.36739
1.7034 4377.31836
1.7090 4374.57261
1.7147 4340.88739
1.7203 4320.24328
1.7259 4325.72410
1.7316 4321.38739
1.7372 4313.90984
1.7429 4307.25394
1.7485 4287.29590
1.7541 4265.17508
1.7598 4251.15590
1.7654 4249.96025
1.7711 4238.70688
1.7767 4214.71425
1.7823 4198.30302
1.7880 4176.14082
1.7936 4176.58821
1.7993 4184.10713
1.8049 4174.02984
1.8105 4161.37261
1.8162 4147.27041
1.8218 4130.33918
1.8275 4116.52795
1.8331 4109.53918
1.8387 4085.68164
1.8444 4076.66466
1.8500 4067.87698
1.8557 4046.76466
1.8613 4038.24713
1.8669 4037.70657
1.8726 4046.81672
1.8782 4034.62821
1.8839 4008.88821
1.8895 3990.53205
1.8951 3967.50631
1.9008 3960.18466
1.9064 3948.74466
1.9121 3939.91508
1.9177 3956.45123
1.9233 3943.85698
1.9290 3921.13261
1.9346 3912.87508
1.9403 3908.51754
1.9459 3897.99287
1.9515 3872.47123
1.9572 3862.98657
1.9628 3846.84549
1.9684 3834.48000
1.9741 3833.08631
1.9797 3823.80959
1.9854 3817.66328
1.9910 3812.56713
1.9966 3797.89261
2.0023 3790.83123
2.0079 3790.70657
2.0136 3773.72328
2.0192 3758.49754
2.0248 3751.47754
2.0305 3740.23508
2.0361 3720.63098
2.0418 3711.16713
2.0474 3719.77836
2.0531 3712.95590
2.0587 3685.98877
2.0643 3667.05041
2.0700 3670.85672
2.0756 3670.45123
2.0812 3658.69918
2.0869 3655.27754
2.0925 3655.17369
2.0982 3640.81123
2.1038 3617.38000
2.1095 3612.53343
2.1151 3605.49287
2.1207 3596.96492
2.1264 3586.20082
2.1320 3571.49508
2.1376 3556.64410
2.1433 3540.12877
2.1489 3536.71780
2.1546 3543.05123
2.1602 3538.98466
2.1658 3533.93041
2.1715 3515.58466
2.1771 3510.69672
2.1828 3506.56795
2.1884 3483.27179
2.1940 3467.08959
2.1997 3472.05041
2.2053 3467.67205
2.2110 3454.32877
2.2166 3451.85343
2.2222 3438.20877
2.2279 3418.67754
2.2335 3407.66384
2.2392 3405.97918
2.2448 3413.58164
2.2504 3415.55754
2.2561 3394.35179
2.2617 3371.92959
2.2674 3358.71123
2.2730 3349.25754
2.2786 3344.69179
2.2843 3340.33425
2.2899 3342.95534
2.2956 3343.90164
2.3012 3330.43343
2.3068 3321.88466
2.3125 3321.46902
2.3181 3318.47369
2.3238 3302.78000
2.3294 3298.71343
2.3350 3293.36795
2.3407 3277.77836
2.3463 3266.54631
2.3519 3251.38302
2.3576 3244.63343
2.3632 3243.56246
2.3689 3231.43616
2.3745 3219.65287
2.3802 3208.34795
2.3858 3197.45918
2.3914 3206.91287
2.3971 3193.81918
2.4027 3189.45123
2.4083 3189.23287
2.4140 3177.27261
2.4196 3163.30575
2.4253 3148.96384
2.4309 3146.38466
2.4365 3150.12877
2.4422 3151.86549
2.4478 3148.22549
2.4535 3136.80631
2.4591 3121.28959
2.4648 3116.46384
2.4704 3106.43836
2.4760 3101.49836
2.4817 3098.74220
2.4873 3094.39508
2.4929 3093.98959
2.4986 3083.24631
2.5042 3076.22657
2.5099 3071.93123
2.5155 3061.50000
2.5212 3064.11041
2.5268 3076.86082
2.5324 3063.77754
2.5381 3052.83672
2.5437 3050.54877
2.5494 3028.58410
2.5550 3030.16492
2.5606 3026.35836
2.5663 3016.21836
2.5719 3018.16328
2.5775 3013.68082
2.5832 3000.82657
2.5888 2990.99862
2.5945 2981.97123
2.6001 2970.14657
2.6057 2968.75261
2.6114 2970.80164
2.6170 2967.87918
2.6227 2963.22000
2.6283 2958.68575
2.6339 2960.76549
2.6396 2961.57698
2.6452 2960.02713
2.6509 2954.44246
2.6565 2955.74246
2.6621 2959.93369
2.6678 2969.21041
2.6734 2987.42082
2.6791 3000.04631
2.6847 3004.35179
2.6903 3030.95534
2.6960 3087.86410
2.7016 3165.58302
2.7073 3309.80000
2.7129 3557.21590
2.7185 4015.49179
2.7242 4835.64657
2.7298 6154.32492
2.7355 7571.59508
2.7411 8470.05148
2.7467 8195.83425
2.7524 6932.98328
2.7580 5518.83261
2.7636 4409.43343
2.7693 3767.85754
2.7749 3419.63451
2.7806 3242.57451
2.7862 3127.28000
2.7919 3047.02328
2.7975 2990.13508
2.8031 2946.49672
2.8088 2915.10959
2.8144 2896.96164
2.8201 2877.13918
2.8257 2849.43369
2.8313 2821.31205
2.8370 2800.20000
2.8426 2788.89508
2.8482 2776.17590
2.8539 2764.21616
2.8595 2755.80246
2.8652 2736.70795
2.8708 2728.88713
2.8765 2724.22821
2.8821 2714.45205
2.8877 2708.49287
2.8934 2697.57287
2.8990 2684.45836
2.9046 2681.42164
2.9103 2680.93287
2.9159 2676.67918
2.9216 2663.44000
2.9272 2655.71287
2.9328 2649.21261
2.9385 2641.05918
2.9441 2636.75369
2.9498 2634.07041
2.9554 2642.60877
2.9611 2640.07123
2.9667 2624.15918
2.9723 2611.54410
2.9780 2609.47425
2.9836 2603.26549
2.9892 2598.59616
2.9949 2593.41672
3.0005 2588.96549
3.0062 2588.56000
3.0118 2587.69672
3.0174 2579.60575
3.0231 2573.80220
3.0287 2573.49041
3.0344 2560.32384
3.0400 2547.45918
3.0456 2541.60410
3.0513 2540.52246
3.0569 2536.90328
3.0626 2530.68410
3.0682 2524.84959
3.0738 2524.76631
3.0795 2525.96220
3.0851 2514.27287
3.0908 2509.21836
3.0964 2508.45918
3.1020 2505.48492
3.1077 2504.72575
3.1133 2500.55534
3.1190 2496.74877
3.1246 2490.43590
3.1302 2478.76713
3.1359 2474.92959
3.1415 2473.41123
3.1472 2472.06959
3.1528 2467.69123
3.1584 2461.61754
3.1641 2458.02959
3.1697 2457.62410
3.1754 2456.56328
3.1810 2450.80164
3.1866 2446.14246
3.1923 2444.10410
3.1979 2434.80657
3.2036 2426.28877
3.2092 2429.23205
3.2148 2430.58410
3.2205 2422.42000
3.2261 2414.32877
3.2318 2409.35754
3.2374 2402.97205
3.2430 2397.59534
3.2487 2389.33754
3.2543 2385.74959
3.2599 2382.03698
3.2656 2377.48164
3.2712 2378.26138
3.2769 2374.49672
3.2825 2367.64328
3.2882 2365.56328
3.2938 2361.18492
3.2994 2354.00877
3.3051 2347.59179
3.3107 2352.67780
3.3163 2353.73836
3.3220 2346.62492
3.3276 2342.76657
3.3333 2342.52713
3.3389 2336.94246
3.3445 2327.19754
3.3502 2327.81123
3.3558 2332.23123
3.3615 2322.96466
3.3671 2319.66795
3.3728 2320.53123
3.3784 2309.91287
3.3840 2309.27836
3.3897 2305.43041
3.3953 2301.47836
3.4009 2302.87179
3.4066 2298.96164
3.4122 2293.89698
3.4179 2290.54795
3.4235 2285.05672
3.4291 2275.46795
3.4348 2270.38220
3.4404 2268.82246
3.4461 2267.99041
3.4517 2270.00795
3.4573 2267.18959
3.4630 2265.28631
3.4686 2256.69590
3.4743 2253.61754
3.4799 2255.45836
3.4855 2245.28739
3.4912 2240.08713
3.4968 2237.65369
3.5025 2237.34164
3.5081 2234.73123
3.5137 2229.30220
3.5194 2223.67590
3.5250 2219.97343
3.5307 2226.67123
3.5363 2231.51754
3.5419 2228.16877
3.5476 2221.35698
3.5532 2218.41369
3.5589 2216.25041
3.5645 2213.88959
3.5701 2209.91672
3.5758 2203.94713
3.5814 2210.46795
3.5871 2214.66959
3.5927 2204.28000
3.5983 2199.48575
3.6040 2199.00713
3.6096 2193.06877
3.6153 2186.50657
3.6209 2191.78959
3.6265 2194.11918
3.6322 2189.70959
3.6378 2191.91451
3.6435 2189.08575
3.6491 2185.71590
3.6547 2189.06492
3.6604 2198.94492
3.6660 2211.83041
3.6716 2219.60959
3.6773 2226.38000
3.6829 2250.64302
3.6886 2286.74164
3.6942 2339.30328
3.6999 2413.28902
3.7055 2520.36713
3.7111 2632.93698
3.7168 2728.49205
3.7224 2774.20000
3.7280 2758.51672
3.7337 2697.70795
3.7393 2627.28959
3.7450 2564.62959
3.7506 2511.62082
3.7562 2479.44302
3.7619 2462.05451
3.7675 2440.85918
3.7732 2421.54631
3.7788 2422.14959
3.7845 2441.33754
3.7901 2464.10302
3.7957 2492.59918
3.8014 2546.06549
3.8070 2628.74575
3.8126 2736.14631
3.8183 2908.66138
3.8239 3176.58631
3.8296 3638.41918
3.8352 4408.00902
3.8408 5758.41754
3.8465 7726.21179
3.8521 10334.06359
3.8578 12800.00821
3.8634 14591.09538
3.8690 15357.99179
3.8747 15448.47179
3.8803 15382.64000
3.8860 15253.88821
3.8916 14446.64000
3.8972 12524.40821
3.9029 10043.74821
3.9085 7640.21476
3.9142 6109.95836
3.9198 5453.84328
3.9254 5394.55261
3.9311 5647.88606
3.9367 5933.61590
3.9424 6068.33754
3.9480 5944.58821
3.9536 5565.65394
3.9593 5039.54852
3.9649 4473.61179
3.9706 3973.16384
3.9762 3535.39672
3.9818 3208.14000
3.9875 2963.31343
3.9931 2781.98959
3.9988 2640.30000
4.0044 2531.45343
4.0100 2455.03451
4.0157 2398.87451
4.0213 2348.86057
4.0270 2304.87918
4.0326 2265.39041
4.0382 2234.90821
4.0439 2215.35616
4.0495 2196.45918
4.0552 2182.60631
4.0608 2176.40795
4.0664 2165.34246
4.0721 2152.60220
4.0777 2139.21780
4.0834 2126.89357
4.0890 2116.95123
4.0946 2109.02643
4.1003 2105.74000
4.1059 2101.77766
4.1115 2098.61602
4.1172 2098.46000
4.1228 2099.67672
4.1285 2103.20246
4.1341 2100.70657
4.1398 2099.73918
4.1454 2103.07766
4.1510 2105.13672
4.1567 2106.15602
4.1623 2110.07672
4.1680 2112.02164
4.1736 2116.06713
4.1792 2119.15616
4.1849 2125.16725
4.1905 2125.28164
4.1961 2114.95451
4.2018 2106.69684
4.2074 2097.03534
4.2131 2091.29439
4.2187 2081.18575
4.2243 2070.62959
4.2300 2060.87439
4.2356 2053.37602
4.2413 2057.30725
4.2469 2056.44398
4.2525 2048.99766
4.2582 2048.75836
4.2638 2045.89848
4.2695 2030.52725
4.2751 2013.13836
4.2807 2003.54959
4.2864 1996.64398
4.2920 1986.49357
4.2977 1975.10561
4.3033 1967.29520
4.3089 1965.39193
4.3146 1962.81287
4.3202 1957.60246
4.3259 1960.01520
4.3315 1964.00889
4.3371 1963.74877
4.3428 1965.10082
4.3484 1969.29205
4.3541 1972.72398
4.3597 1978.10082
4.3653 1984.26807
4.3710 1995.17754
4.3766 2006.27451
4.3823 2012.17123
4.3879 2021.03205
4.3935 2032.42000
4.3992 2039.57520
4.4048 2045.50316
4.4105 2048.59205
4.4161 2047.20877
4.4217 2046.99041
4.4274 2043.61041
4.4330 2045.77357
4.4387 2055.38328
4.4443 2062.50725
4.4499 2076.39123
4.4556 2099.60410
4.4612 2132.23918
4.4668 2169.63754
4.4725 2212.98492
4.4781 2274.23041
4.4838 2356.00549
4.4894 2466.10000
4.4950 2619.77041
4.5007 2840.83287
4.5063 3177.11672
4.5120 3703.80410
4.5176 4554.73179
4.5233 5947.98902
4.5289 8221.93887
4.5345 11571.04000
4.5402 15759.95179
4.5458 19638.94358
4.5514 21430.65642
4.5571 20181.61434
4.5627 16438.96821
4.5684 11963.12000
4.5740 8254.66739
4.5796 5790.37672
4.5853 4363.81918
4.5909 3539.17205
4.5966 3050.19508
4.6022 2733.49451
4.6079 2521.62549
4.6135 2373.11369
4.6191 2272.20220
4.6248 2192.81918
4.6304 2132.11451
4.6361 2082.84946
4.6417 2051.01508
4.6473 2027.40713
4.6530 2005.25520
4.6586 1994.10643
4.6642 1992.22398
4.6699 1989.50959
4.6755 1997.92316
4.6812 2029.84070
4.6868 2079.04316
4.6924 2145.70713
4.6981 2218.50713
4.7037 2291.92082
4.7094 2345.02302
4.7150 2349.72410
4.7206 2308.86246
4.7263 2245.00631
4.7319 2165.47754
4.7376 2094.95520
4.7432 2053.69836
4.7488 2044.58795
4.7545 2060.21918
4.7601 2074.66480
4.7658 2069.41275
4.7714 2035.07193
4.7770 1980.50316
4.7827 1924.16643
4.7883 1881.01684
4.7940 1851.28316
4.7996 1828.97520
4.8052 1814.24877
4.8109 1802.99602
4.8165 1792.63766
4.8222 1787.42725
4.8278 1781.49918
4.8334 1771.35918
4.8391 1762.66480
4.8447 1760.42889
4.8504 1754.32398
4.8560 1748.09439
4.8616 1746.03520
4.8673 1740.83520
4.8729 1735.95766
4.8786 1731.28807
4.8842 1728.44877
4.8898 1725.34959
4.8955 1723.45684
4.9011 1723.38398
4.9068 1724.39275
4.9124 1717.95520
4.9180 1711.30959
4.9237 1711.29918
4.9293 1711.19520
4.9349 1706.77520
4.9406 1703.68643
4.9462 1705.49602
4.9519 1705.47508
4.9575 1704.51836
4.9632 1704.86152
4.9688 1701.93918
4.9744 1699.57836
4.9801 1698.88164
4.9857 1694.65918
4.9914 1694.71111
4.9970 1695.28316
5.0026 1697.38398
5.0083 1700.06725
5.0139 1697.69602
5.0195 1695.44959
5.0252 1694.78410
5.0308 1695.30398
5.0365 1699.17287
5.0421 1698.99590
5.0477 1696.52082
5.0534 1698.75684
5.0590 1703.26000
5.0647 1707.16000
5.0703 1710.04070
5.0760 1708.70959
5.0816 1712.78631
5.0872 1717.61205
5.0929 1717.20643
5.0985 1713.83684
5.1041 1711.28877
5.1098 1703.94631
5.1154 1694.39918
5.1211 1684.77918
5.1267 1675.98082
5.1323 1669.42877
5.1380 1663.98959
5.1436 1663.81287
5.1493 1661.40000
5.1549 1657.92631
5.1605 1651.30164
5.1662 1648.25439
5.1718 1646.90234
5.1775 1644.78082
5.1831 1642.84643
5.1887 1640.80807
5.1944 1641.05754
5.2000 1639.90328
5.2057 1637.44889
5.2113 1637.50082
5.2169 1637.93754
5.2226 1637.02234
5.2282 1635.16082
5.2339 1635.24398
5.2395 1633.63193
5.2451 1630.21041
5.2508 1630.43918
5.2564 1630.01275
5.2621 1628.56725
5.2677 1627.22561
5.2733 1624.53193
5.2790 1624.84398
5.2846 1623.44000
5.2903 1620.38246
5.2959 1622.18164
5.3015 1625.08316
5.3072 1626.23754
5.3128 1625.33275
5.3184 1626.08164
5.3241 1629.60725
5.3297 1628.56725
5.3354 1629.29520
5.3410 1634.30795
5.3467 1634.37041
5.3523 1632.43602
5.3579 1634.31836
5.3636 1635.72246
5.3692 1636.37754
5.3748 1643.77193
5.3805 1650.35520
5.3861 1654.91041
5.3918 1660.16246
5.3974 1666.75602
5.4030 1679.71439
5.4087 1694.92959
5.4143 1716.70713
5.4200 1748.00082
5.4256 1795.83041
5.4313 1856.45205
5.4369 1950.62398
5.4425 2105.61534
5.4482 2370.32631
5.4538 2814.15672
5.4594 3577.40246
5.4651 4791.74821
5.4707 6539.13508
5.4764 8489.55098
5.4820 9995.89703
5.4876 10352.78461
5.4933 9374.61179
5.4989 7585.63508
5.5046 5675.51918
5.5102 4175.77698
5.5159 3168.17287
5.5215 2566.32466
5.5271 2214.44082
5.5328 2011.34959
5.5384 1885.78000
5.5440 1806.76082
5.5497 1753.86631
5.5553 1719.01602
5.5610 1697.56082
5.5666 1681.38877
5.5722 1675.55439
5.5779 1675.44000
5.5835 1677.36398
5.5892 1679.04877
5.5948 1677.54070
5.6004 1677.01041
5.6061 1673.58877
5.6117 1667.04713
5.6174 1656.02316
5.6230 1640.82889
5.6286 1625.83205
5.6343 1614.42328
5.6399 1607.82959
5.6456 1599.81123
5.6512 1594.74631
5.6568 1592.56234
5.6625 1590.77357
5.6681 1588.66234
5.6738 1580.61275
5.6794 1573.41602
5.6850 1569.64070
5.6907 1568.10152
5.6963 1575.69357
5.7020 1582.16234
5.7076 1573.56152
5.7132 1565.83439
5.7189 1565.43918
5.7245 1562.84959
5.7302 1556.74480
5.7358 1557.17123
5.7414 1559.18877
5.7471 1552.48070
5.7527 1547.83193
5.7583 1549.44410
5.7640 1548.77836
5.7696 1550.88959
5.7753 1559.82316
5.7809 1564.55520
5.7866 1564.21205
5.7922 1560.37439
5.7978 1564.08713
5.8035 1571.21123
5.8091 1577.46164
5.8148 1585.08480
5.8204 1593.76877
5.8260 1597.92889
5.8317 1599.89439
5.8373 1599.48877
5.8429 1597.20082
5.8486 1592.07369
5.8542 1587.31041
5.8599 1583.31684
5.8655 1579.82246
5.8712 1576.20328
5.8768 1577.47205
5.8824 1580.38398
5.8881 1577.02492
5.8937 1575.22561
5.8994 1582.78631
5.9050 1592.79123
5.9106 1596.29590
5.9163 1598.96877
5.9219 1608.71357
5.9275 1623.22152
5.9332 1643.58480
5.9388 1669.78234
5.9445 1709.18807
5.9501 1763.08070
5.9557 1845.66725
5.9614 1974.56480
5.9670 2170.41754
5.9727 2466.21451
5.9783 2885.69836
5.9839 3428.21451
5.9896 4010.77041
5.9952 4457.40902
6.0009 4609.02000
6.0065 4361.54164
6.0121 3818.79698
6.0178 3208.24410
6.0234 2686.08082
6.0291 2326.93780
6.0347 2101.20561
6.0403 1976.79041
6.0460 1924.40561
6.0516 1912.24807
6.0573 1939.08000
6.0629 2011.16234
6.0685 2136.26410
6.0742 2330.86877
6.0798 2632.52082
6.0855 3075.09287
6.0911 3682.92082
6.0967 4472.29148
6.1024 5276.06575
6.1080 5890.59148
6.1137 6176.12328
6.1193 6030.49230
6.1249 5526.27918
6.1306 4811.32082
6.1362 4056.45754
6.1419 3413.04082
6.1475 2891.11698
6.1531 2505.14164
6.1588 2219.13123
6.1644 2022.18631
6.1701 1881.64082
6.1757 1782.34164
6.1813 1711.20561
6.1870 1667.45275
6.1926 1633.25766
6.1982 1606.96643
6.2039 1586.62398
6.2095 1570.57672
6.2152 1557.67041
6.2208 1548.62246
6.2264 1540.04246
6.2321 1532.90807
6.2377 1525.68000
6.2434 1516.91275
6.2490 1508.45766
6.2547 1502.65439
6.2603 1497.08000
6.2659 1493.16959
6.2716 1491.66164
6.2772 1487.32480
6.2828 1480.93918
6.2885 1478.74480
6.2941 1477.49684
6.2998 1473.02480
6.3054 1472.28643
6.3110 1472.94164
6.3167 1472.31754
6.3223 1473.28480
6.3280 1473.62795
6.3336 1473.32631
6.3393 1472.64000
6.3449 1475.02164
6.3505 1480.12795
6.3562 1488.88480
6.3618 1499.44070
6.3675 1510.03836
6.3731 1522.18561
6.3787 1538.24316
6.3844 1562.22561
6.3900 1584.35672
6.3956 1614.44410
6.4013 1659.25766
6.4069 1711.61111
6.4126 1774.06316
6.4182 1844.03439
6.4238 1916.74082
6.4295 1984.44480
6.4351 2034.02164
6.4408 2053.09520
6.4464 2045.13918
6.4520 2015.22877
6.4577 1957.51930
6.4633 1882.71205
6.4690 1807.81123
6.4746 1741.56316
6.4802 1684.10328
6.4859 1639.21672
6.4915 1605.29205
6.4972 1571.41918
6.5028 1542.88164
6.5084 1522.61205
6.5141 1503.46561
6.5197 1487.11672
6.5254 1474.72000
6.5310 1466.68082
6.5366 1459.67123
6.5423 1453.12959
6.5479 1444.08164
6.5536 1437.10316
6.5592 1437.18631
6.5648 1435.13766
6.5705 1430.97754
6.5761 1432.34000
6.5818 1431.41451
6.5874 1427.68070
6.5930 1426.15193
6.5987 1427.01520
6.6043 1425.75672
6.6100 1424.97684
6.6156 1425.76713
6.6212 1430.16643
6.6269 1437.15520
6.6325 1442.74000
6.6382 1447.90877
6.6438 1456.69684
6.6494 1471.09041
6.6551 1488.84316
6.6607 1512.45123
6.6663 1542.75684
6.6720 1588.62070
6.6776 1657.99930
6.6833 1753.77275
6.6889 1895.11918
6.6946 2099.25054
6.7002 2384.18959
6.7058 2798.82713
6.7115 3357.02657
6.7171 4051.09098
6.7228 4803.10492
6.7284 5535.66000
6.7340 6052.94524
6.7397 6192.14934
6.7453 5911.18277
6.7509 5245.99918
6.7566 4398.13918
6.7622 3546.47261
6.7679 2861.97590
6.7735 2368.15287
6.7792 2037.88000
6.7848 1827.86246
6.7904 1698.08070
6.7961 1612.30164
6.8017 1554.93508
6.8073 1514.32316
6.8130 1482.98807
6.8186 1461.37672
6.8243 1447.70082
6.8299 1437.39439
6.8355 1425.36164
6.8412 1412.16398
6.8468 1403.63602
6.8525 1396.80328
6.8581 1391.41602
6.8637 1387.63041
6.8694 1384.97836
6.8750 1382.76316
6.8807 1382.26398
6.8863 1379.79918
6.8919 1377.71918
6.8976 1375.89930
6.9032 1374.29754
6.9089 1371.44795
6.9145 1369.71111
6.9201 1371.48959
6.9258 1371.07357
6.9314 1366.98631
6.9371 1366.46643
6.9427 1367.45439
6.9483 1364.38643
6.9540 1359.61275
6.9596 1359.52959
6.9653 1356.75275
6.9709 1351.49041
6.9765 1350.21123
6.9822 1350.18000
6.9878 1350.31520
6.9935 1345.84328
6.9991 1340.66410
7.0047 1340.56000
7.0104 1338.08480
7.0160 1335.90082
7.0216 1332.84316
7.0273 1328.66234
7.0329 1326.22889
7.0386 1325.06398
7.0442 1325.37602
7.0498 1324.91836
7.0555 1320.97672
7.0611 1321.22631
7.0668 1324.67918
7.0724 1326.57205
7.0781 1324.37766
7.0837 1323.22328
7.0893 1322.71357
7.0950 1320.87275
7.1006 1323.93041
7.1062 1329.57754
7.1119 1333.99766
7.1175 1338.36561
7.1232 1344.66807
7.1288 1351.89602
7.1344 1356.16000
7.1401 1354.17369
7.1457 1344.94889
7.1514 1336.05684
7.1570 1329.10959
7.1627 1324.50246
7.1683 1319.26082
7.1739 1311.54410
7.1796 1308.94398
7.1852 1311.00316
7.1908 1309.12082
7.1965 1305.65754
7.2021 1303.81672
7.2078 1303.70234
7.2134 1303.91041
7.2190 1302.83918
7.2247 1300.69672
7.2303 1301.73684
7.2360 1302.82877
7.2416 1301.50795
7.2472 1302.74561
7.2529 1302.02807
7.2585 1300.58246
7.2642 1298.04480
7.2698 1296.95275
7.2754 1298.76246
7.2811 1298.29439
7.2867 1297.53520
7.2924 1295.85029
7.2980 1296.59918
7.3036 1297.79520
7.3093 1295.84000
7.3149 1292.81369
7.3206 1292.92795
7.3262 1292.98000
7.3318 1292.77193
7.3375 1294.35287
7.3431 1294.56082
7.3488 1293.57275
7.3544 1295.08082
7.3600 1298.11766
7.3657 1299.16795
7.3713 1300.88398
7.3770 1303.80631
7.3826 1305.51205
7.3882 1306.42725
7.3939 1305.56398
7.3995 1304.55520
7.4052 1300.70713
7.4108 1297.97193
7.4164 1295.90246
7.4221 1293.57275
7.4277 1292.04398
7.4334 1289.45451
7.4390 1289.49602
7.4446 1289.40234
7.4503 1290.38000
7.4559 1290.45287
7.4616 1287.67602
7.4672 1286.37602
7.4728 1285.81439
7.4785 1285.97041
7.4841 1289.21520
7.4897 1291.39918
7.4954 1292.61602
7.5010 1294.95602
7.5067 1298.11766
7.5123 1302.56877
7.5180 1308.26795
7.5236 1315.29836
7.5292 1323.97193
7.5349 1331.02316
7.5405 1337.61684
7.5462 1345.24000
7.5518 1345.38561
7.5574 1344.72000
7.5631 1341.57930
7.5687 1336.26480
7.5743 1329.10959
7.5800 1322.89041
7.5856 1318.83439
7.5913 1314.11275
7.5969 1309.53684
7.6026 1306.31287
7.6082 1304.19123
7.6138 1300.57205
7.6195 1297.63918
7.6251 1298.09684
7.6308 1299.11602
7.6364 1300.17684
7.6420 1299.19918
7.6477 1297.18164
7.6533 1301.66398
7.6589 1311.60643
7.6646 1313.45766
7.6702 1316.79602
7.6759 1328.97439
7.6815 1341.84959
7.6871 1359.16561
7.6928 1386.53836
7.6984 1423.67672
7.7041 1467.06561
7.7097 1519.15918
7.7153 1577.17041
7.7210 1624.28246
7.7266 1655.91918
7.7323 1663.57357
7.7379 1645.86234
7.7435 1611.70889
7.7492 1563.69205
7.7548 1514.33357
7.7605 1470.13357
7.7661 1431.14398
7.7717 1394.49439
7.7774 1367.88070
7.7830 1348.05848
7.7887 1331.49123
7.7943 1316.74410
7.7999 1307.75836
7.8056 1301.02959
7.8112 1295.02877
7.8169 1293.25041
7.8225 1292.34561
7.8281 1290.90000
7.8338 1291.24316
7.8394 1293.35439
7.8451 1297.69111
7.8507 1303.92082
7.8563 1309.44328
7.8620 1316.34877
7.8676 1325.81275
7.8733 1332.06328
7.8789 1336.66000
7.8845 1344.08561
7.8902 1344.90713
7.8958 1343.45123
7.9015 1340.09205
7.9071 1334.47590
7.9127 1325.25111
7.9184 1313.17684
7.9240 1302.62082
7.9296 1295.63205
7.9353 1287.79041
7.9409 1283.58877
7.9466 1277.92082
7.9522 1273.16795
7.9578 1274.40561
7.9635 1272.97041
7.9691 1271.45205
7.9748 1272.99123
7.9804 1274.42643
7.9861 1274.69672
7.9917 1280.29205
7.9973 1288.57041
8.0030 1297.08795
8.0086 1307.56082
8.0142 1321.63205
8.0199 1342.64000
8.0255 1372.84164
8.0312 1414.96164
8.0368 1471.57930
8.0424 1545.21123
8.0481 1636.33602
8.0537 1747.10631
8.0594 1859.58234
8.0650 1968.30410
8.0707 2054.55123
8.0763 2113.36316
8.0819 2138.19836
8.0876 2135.31754
8.0932 2119.94631
8.0988 2103.49357
8.1045 2090.07766
8.1101 2080.28070
8.1158 2080.37439
8.1214 2091.50246
8.1270 2105.40725
8.1327 2111.27287
8.1383 2092.63602
8.1440 2037.93205
8.1496 1948.04480
8.1552 1839.26082
8.1609 1730.75766
8.1665 1636.98082
8.1722 1564.38877
8.1778 1512.34725
8.1834 1471.13193
8.1891 1437.94561
8.1947 1415.14889
8.2004 1400.43287
8.2060 1395.36795
8.2116 1399.75672
8.2173 1411.93520
8.2229 1428.84561
8.2286 1452.53684
8.2342 1480.74164
8.2398 1511.07836
8.2455 1541.70631
8.2511 1565.94877
8.2568 1579.25041
8.2624 1573.36410
8.2680 1545.61684
8.2737 1499.48246
8.2793 1444.43520
8.2850 1390.82316
8.2906 1346.92480
8.2962 1313.62398
8.3019 1291.10795
8.3075 1273.45918
8.3132 1263.92234
8.3188 1254.32316
8.3244 1243.77766
8.3301 1239.51369
8.3357 1239.61754
8.3413 1236.28959
8.3470 1233.18000
8.3526 1231.13111
8.3583 1229.76877
8.3639 1229.40480
8.3695 1226.60725
8.3752 1222.49918
8.3808 1219.08795
8.3865 1218.98398
8.3921 1221.10561
8.3977 1222.36398
8.4034 1222.84234
8.4090 1220.71041
8.4147 1216.74795
8.4203 1216.90398
8.4260 1216.60246
8.4316 1217.35111
8.4372 1217.64234
8.4429 1218.99439
8.4485 1221.39684
8.4542 1220.82480
8.4598 1218.94246
8.4654 1217.69451
8.4711 1216.42549
8.4767 1215.63520
8.4824 1217.34070
8.4880 1220.91836
8.4936 1224.83918
8.4993 1229.98725
8.5049 1234.30328
8.5105 1239.61754
8.5162 1244.25602
8.5218 1249.71602
8.5275 1255.34234
8.5331 1258.88877
8.5387 1262.94480
8.5444 1264.58795
8.5500 1264.08877
8.5557 1263.50643
8.5613 1266.15848
8.5669 1272.51275
8.5726 1280.58328
8.5782 1293.39590
8.5839 1311.76234
8.5895 1336.97205
8.5951 1372.70643
8.6008 1423.24000
8.6064 1496.08164
8.6121 1605.30246
8.6177 1762.20725
8.6233 1980.25369
8.6290 2274.00138
8.6346 2630.98164
8.6403 3043.31041
8.6459 3458.67590
8.6515 3814.18959
8.6572 4055.25123
8.6628 4158.11754
8.6685 4148.72657
8.6741 4080.68959
8.6797 3993.72492
8.6854 3898.32549
8.6910 3773.59836
8.6967 3580.55369
8.7023 3307.08549
8.7079 2953.26713
8.7136 2586.60466
8.7192 2239.21369
8.7248 1951.91357
8.7305 1723.29041
8.7361 1566.71836
8.7418 1457.65357
8.7474 1383.48082
8.7530 1331.81369
8.7587 1299.58410
8.7643 1277.78561
8.7700 1259.08643
8.7756 1244.91111
8.7813 1235.07275
8.7869 1227.85520
8.7925 1225.78561
8.7982 1223.52889
8.8038 1218.51602
8.8095 1213.84643
8.8151 1211.26725
8.8207 1210.34164
8.8264 1208.91684
8.8320 1207.90807
8.8377 1209.18725
8.8433 1209.47848
8.8489 1207.88725
8.8546 1205.84877
8.8602 1206.51439
8.8659 1208.59439
8.8715 1208.57357
8.8771 1210.53918
8.8828 1215.07357
8.8884 1216.84164
8.8940 1215.16713
8.8997 1215.95766
8.9053 1218.16234
8.9110 1222.13520
8.9166 1227.26246
8.9222 1231.54725
8.9279 1234.98959
8.9335 1240.95918
8.9392 1248.48877
8.9448 1256.25754
8.9504 1264.35918
8.9561 1276.82877
8.9617 1292.39754
8.9674 1313.54082
8.9730 1341.08000
8.9786 1378.36410
8.9843 1429.55287
8.9899 1491.20410
8.9956 1557.07754
9.0012 1626.32082
9.0068 1695.92795
9.0125 1752.26480
9.0181 1782.44561
9.0238 1795.79918
9.0294 1795.53918
9.0350 1789.53848
9.0407 1789.69439
9.0463 1800.70795
9.0520 1821.68480
9.0576 1854.73602
9.0632 1913.36082
9.0689 1998.98398
9.0745 2121.81836
9.0802 2288.79016
9.0858 2518.66138
9.0914 2778.41205
9.0971 3053.03451
9.1027 3300.22164
9.1084 3468.53508
9.1140 3529.26082
9.1196 3484.37425
9.1253 3341.27041
9.1309 3119.50082
9.1365 2862.53754
9.1422 2582.67369
9.1478 2318.77343
9.1535 2069.99520
9.1591 1863.33672
9.1648 1696.99918
9.1704 1572.94795
9.1760 1479.17111
9.1817 1415.05520
9.1873 1366.20643
9.1930 1332.47918
9.1986 1304.76328
9.2042 1282.24713
9.2099 1266.63672
9.2155 1254.35439
9.2212 1245.17123
9.2268 1237.04889
9.2324 1230.74643
9.2381 1226.74234
9.2437 1221.28234
9.2493 1216.71672
9.2550 1214.83439
9.2606 1213.54480
9.2663 1210.38328
9.2719 1207.27369
9.2775 1204.07041
9.2832 1200.37836
9.2888 1199.01602
9.2945 1199.06807
9.3001 1199.43205
9.3057 1198.36082
9.3114 1194.41930
9.3170 1193.80561
9.3227 1194.30480
9.3283 1193.30643
9.3340 1194.18000
9.3396 1196.39520
9.3452 1196.12480
9.3509 1197.98631
9.3565 1202.95754
9.3621 1205.04795
9.3678 1210.59111
9.3734 1218.31848
9.3791 1225.23439
9.3847 1235.76959
9.3903 1253.56410
9.3960 1272.51275
9.4016 1291.56549
9.4073 1313.65520
9.4129 1336.80561
9.4185 1359.14480
9.4242 1373.91275
9.4298 1384.10480
9.4355 1386.92328
9.4411 1381.34877
9.4467 1371.16713
9.4524 1354.34000
9.4580 1334.54889
9.4637 1312.93754
9.4693 1291.64877
9.4749 1271.31672
9.4806 1252.13918
9.4862 1236.58082
9.4919 1225.74398
9.4975 1215.17754
9.5031 1203.89369
9.5088 1196.43672
9.5144 1191.53836
9.5201 1189.09439
9.5257 1189.03205
9.5313 1188.12713
9.5370 1187.30549
9.5426 1185.58959
9.5483 1184.19590
9.5539 1182.98959
9.5595 1180.66000
9.5652 1178.15369
9.5708 1177.93520
9.5765 1174.20164
9.5821 1169.92725
9.5877 1168.82480
9.5934 1165.27848
9.5990 1160.79602
9.6046 1158.37275
9.6103 1156.66725
9.6159 1156.39684
9.6216 1157.27029
9.6272 1156.95836
9.6328 1156.00152
9.6385 1157.04164
9.6441 1159.90164
9.6498 1160.02631
9.6554 1157.94643
9.6610 1155.63754
9.6667 1155.52328
9.6723 1156.64631
9.6780 1159.79766
9.6836 1162.07520
9.6892 1164.11357
9.6949 1166.84889
9.7005 1169.02246
9.7062 1172.41287
9.7118 1178.03918
9.7175 1184.23754
9.7231 1191.97520
9.7287 1202.84316
9.7344 1215.48959
9.7400 1232.64959
9.7457 1251.66082
9.7513 1277.64000
9.7569 1315.66234
9.7626 1370.10643
9.7682 1440.42082
9.7738 1537.28643
9.7795 1652.92398
9.7851 1784.84795
9.7908 1916.59520
9.7964 2045.10795
9.8020 2142.03590
9.8077 2204.06164
9.8133 2235.80246
9.8190 2258.69261
9.8246 2288.83205
9.8302 2342.80821
9.8359 2424.90549
9.8415 2522.69672
9.8472 2611.36739
9.8528 2679.35179
9.8584 2708.27451
9.8641 2680.88082
9.8697 2600.98821
9.8754 2478.65287
9.8810 2330.94164
9.8866 2179.50713
9.8923 2032.22234
9.8979 1897.41754
9.9036 1786.27275
9.9092 1695.21041
9.9148 1620.67357
9.9205 1557.22316
9.9261 1504.70328
9.9318 1464.33041
9.9374 1434.47205
9.9430 1408.89836
9.9487 1383.17918
9.9543 1357.68877
9.9600 1337.64807
9.9656 1320.21766
9.9712 1302.87041
9.9769 1286.14725
9.9825 1269.79836
9.9881 1255.13439
9.9938 1243.37193
9.9994 1235.32234
10.0051 1228.12561
10.0107 1220.25287
10.0164 1212.92082
10.0220 1208.74000
10.0276 1206.84713
10.0333 1203.68561
10.0389 1199.71287
10.0446 1195.97918
10.0502 1193.80561
10.0558 1191.23672
10.0615 1187.87754
10.0671 1185.74561
10.0728 1183.11439
10.0784 1180.63918
10.0840 1177.00959
10.0897 1172.45439
10.0953 1170.04164
10.1009 1167.20246
10.1066 1166.70316
10.1122 1167.16082
10.1179 1166.82807
10.1235 1166.26643
10.1291 1168.64807
10.1348 1173.69205
10.1404 1181.82480
10.1461 1192.88000
10.1517 1203.14480
10.1573 1217.89193
10.1630 1242.68561
10.1686 1272.87684
10.1743 1305.75123
10.1799 1347.02877
10.1855 1394.66082
10.1912 1451.79836
10.1968 1512.20164
10.2025 1578.51193
10.2081 1650.14725
10.2137 1723.49836
10.2194 1802.14328
10.2250 1898.04164
10.2307 2013.99123
10.2363 2156.01369
10.2419 2324.49369
10.2476 2529.74795
10.2532 2753.02575
10.2589 3007.30549
10.2645 3271.09098
10.2701 3566.56549
10.2758 3875.24821
10.2814 4213.53893
10.2871 4548.37754
10.2927 4851.81836
10.2983 5056.20984
10.3040 5118.75508
10.3096 4978.10575
10.3153 4636.26821
10.3209 4173.74852
10.3265 3630.29672
10.3322 3096.05918
10.3378 2607.08246
10.3435 2223.87369
10.3491 1924.12480
10.3547 1707.66959
10.3604 1551.30561
10.3660 1441.81451
10.3717 1364.79193
10.3773 1314.75754
10.3829 1279.05439
10.3886 1252.19123
10.3942 1231.57836
10.3999 1217.76725
10.4055 1207.73123
10.4111 1200.58643
10.4168 1195.24082
10.4224 1190.15520
10.4281 1186.50480
10.4337 1184.63287
10.4393 1183.54082
10.4450 1182.74000
10.4506 1180.46234
10.4563 1181.68959
10.4619 1185.87041
10.4675 1191.84000
10.4732 1197.67439
10.4788 1207.26328
10.4845 1220.40877
10.4901 1233.98082
10.4957 1254.71836
10.5014 1282.42410
10.5070 1308.64234
10.5126 1338.37602
10.5183 1372.81029
10.5239 1410.26082
10.5296 1448.06480
10.5352 1491.85918
10.5408 1546.17836
10.5465 1614.94316
10.5521 1685.95439
10.5578 1761.52082
10.5634 1830.16082
10.5690 1883.75205
10.5747 1903.12713
10.5803 1883.31520
10.5860 1826.04246
10.5916 1739.77439
10.5972 1641.74410
10.6029 1537.00561
10.6085 1444.43520
10.6142 1368.86889
10.6198 1309.14164
10.6254 1265.69041
10.6311 1230.96480
10.6367 1204.79836
10.6424 1188.62643
10.6480 1176.46877
10.6536 1165.73602
10.6593 1158.16480
10.6649 1151.66480
10.6706 1147.62959
10.6762 1146.17357
10.6818 1142.50234
10.6875 1140.80725
10.6931 1138.78959
10.6988 1134.67123
10.7044 1130.03287
10.7100 1124.93684
10.7157 1121.84795
10.7213 1119.97602
10.7270 1119.01918
10.7326 1116.99123
10.7382 1116.91836
10.7439 1116.88725
10.7495 1114.89041
10.7552 1111.03205
10.7608 1109.48246
10.7664 1109.36795
10.7721 1110.91754
10.7777 1112.33205
10.7834 1111.80152
10.7890 1110.67848
10.7946 1110.52246
10.8003 1112.24889
10.8059 1113.96480
10.8116 1114.00631
10.8172 1115.67041
10.8228 1116.92877
10.8285 1115.34807
10.8341 1114.25602
10.8398 1112.21766
10.8454 1109.87766
10.8510 1108.88959
10.8567 1108.93123
10.8623 1107.73520
10.8680 1106.41451
10.8736 1105.11439
10.8792 1104.50070
10.8849 1106.12328
10.8905 1106.47684
10.8962 1108.34877
10.9018 1112.33205
10.9074 1115.71205
10.9131 1122.22234
10.9187 1135.27439
10.9244 1150.24000
10.9300 1170.40561
10.9356 1197.82000
10.9413 1239.77369
10.9469 1295.58000
10.9525 1365.94643
10.9582 1447.76316
10.9638 1543.23520
10.9695 1634.42246
10.9751 1711.67369
10.9807 1754.16795
10.9864 1755.12480
10.9920 1719.32807
10.9977 1654.16164
11.0033 1572.82328
11.0089 1485.35930
11.0146 1404.44725
11.0202 1334.79836
11.0259 1278.19123
11.0315 1234.65684
11.0371 1204.62164
11.0428 1180.44164
11.0484 1163.99918
11.0541 1151.80000
11.0597 1144.08316
11.0653 1138.17602
11.0710 1133.72480
11.0766 1132.53918
11.0823 1133.39205
11.0879 1133.45439
11.0935 1132.80959
11.0992 1134.17193
11.1048 1139.63205
11.1105 1146.51672
11.1161 1152.33041
11.1217 1160.78561
11.1274 1169.64643
11.1330 1179.42246
11.1387 1190.51918
11.1443 1201.73041
11.1499 1215.01123
11.1556 1228.47918
11.1612 1239.75287
11.1669 1253.64725
11.1725 1269.97520
11.1781 1286.54234
11.1838 1303.19275
11.1894 1323.52480
11.1951 1347.43439
11.2007 1373.22643
11.2063 1409.33520
11.2120 1451.90234
11.2176 1494.75041
11.2233 1542.45520
11.2289 1594.14316
11.2345 1643.64725
11.2402 1691.24795
11.2458 1739.20234
11.2515 1784.15123
11.2571 1833.61357
11.2627 1890.70959
11.2684 1954.85684
11.2740 2026.88725
11.2797 2115.01672
11.2853 2216.35425
11.2909 2311.07754
11.2966 2385.48959
11.3022 2438.77918
11.3079 2470.40575
11.3135 2481.55451
11.3191 2485.45425
11.3248 2493.75369
11.3304 2490.75836
11.3361 2470.54082
11.3417 2422.04575
11.3473 2339.96877
11.3530 2232.41205
11.3586 2094.87205
11.3642 1945.32000
11.3699 1789.47590
11.3755 1647.50549
11.3812 1523.97439
11.3868 1427.48328
11.3924 1349.96164
11.3981 1290.92070
11.4037 1249.12316
11.4094 1218.34959
11.4150 1195.13684
11.4206 1175.37684
11.4263 1159.58959
11.4319 1149.26234
11.4376 1140.92164
11.4432 1132.57041
11.4488 1125.75848
11.4545 1122.08725
11.4601 1118.03123
11.4658 1115.43123
11.4714 1114.80725
11.4770 1113.41357
11.4827 1110.04398
11.4883 1109.16000
11.4940 1108.94164
11.4996 1106.80959
11.5052 1103.50234
11.5109 1101.02725
11.5165 1102.02561
11.5222 1102.75369
11.5278 1101.53684
11.5334 1101.62000
11.5391 1099.83123
11.5447 1100.21590
11.5504 1102.43123
11.5560 1104.98959
11.5616 1107.76643
11.5673 1111.34410
11.5729 1114.42246
11.5786 1118.33275
11.5842 1125.02000
11.5898 1135.99205
11.5955 1146.47520
11.6011 1161.16000
11.6068 1182.24082
11.6124 1205.97357
11.6180 1234.10561
11.6237 1273.48000
11.6293 1327.72631
11.6350 1393.72480
11.6406 1472.49451
11.6462 1564.14971
11.6519 1667.57766
11.6575 1778.93041
11.6632 1895.69123
11.6688 2006.02480
11.6744 2100.18631
11.6801 2162.12877
11.6857 2184.50959
11.6914 2167.24549
11.6970 2099.71836
11.7026 1998.16234
11.7083 1873.54959
11.7139 1740.92877
11.7196 1615.50480
11.7252 1504.96316
11.7308 1411.92480
11.7365 1341.64164
11.7421 1288.20643
11.7478 1247.69836
11.7534 1219.32725
11.7590 1198.18398
11.7647 1183.21836
11.7703 1176.32328
11.7760 1172.14246
11.7816 1170.68631
11.7872 1172.64164
11.7929 1181.59602
11.7985 1192.60959
11.8041 1206.61836
11.8098 1223.07123
11.8154 1245.30643
11.8211 1272.72082
11.8267 1306.99918
11.8323 1344.80316
11.8380 1386.06000
11.8436 1430.49930
11.8493 1477.34070
11.8549 1524.53590
11.8605 1573.82164
11.8662 1620.03918
11.8718 1662.16959
11.8775 1700.38959
11.8831 1730.68480
11.8887 1752.94082
11.8944 1769.44561
11.9000 1781.60328
11.9057 1791.78480
11.9113 1795.56000
11.9169 1795.53918
11.9226 1796.31918
11.9282 1799.33520
11.9339 1803.60971
11.9395 1801.69590
11.9451 1790.82807
11.9508 1771.77520
11.9564 1745.33836
11.9621 1707.70082
11.9677 1661.59754
11.9733 1608.66164
11.9790 1544.03602
11.9846 1478.68246
11.9903 1415.68959
11.9959 1360.17439
12.0015 1313.53041
12.0072 1271.80561
12.0128 1235.53041
12.0185 1204.45520
12.0241 1179.19357
12.0297 1158.75754
12.0354 1142.54398
12.0410 1131.44713
12.0467 1120.63123
12.0523 1110.66795
12.0579 1103.24234
12.0636 1096.27451
12.0692 1091.41766
12.0749 1088.53672
12.0805 1087.35111
12.0861 1085.04246
12.0918 1081.47520
12.0974 1079.01041
12.1031 1077.06561
12.1087 1076.75357
12.1143 1077.22152
12.1200 1077.16959
12.1256 1077.25287
12.1313 1077.42959
12.1369 1077.56492
12.1425 1077.34643
12.1482 1078.76070
12.1538 1080.48725
12.1595 1084.09602
12.1651 1088.85918
12.1707 1093.63287
12.1764 1099.61275
12.1820 1109.52398
12.1877 1122.97123
12.1933 1141.06725
12.1989 1164.02000
12.2046 1190.29041
12.2102 1218.90082
12.2158 1253.88643
12.2215 1292.96959
12.2271 1329.97287
12.2328 1364.10561
12.2384 1393.83918
12.2440 1418.62246
12.2497 1434.76328
12.2553 1443.90480
12.2610 1447.84643
12.2666 1450.00959
12.2722 1455.79193
12.2779 1467.01369
12.2835 1485.19275
12.2892 1509.51836
12.2948 1543.63041
12.3004 1581.88152
12.3061 1620.91287
12.3117 1650.10561
12.3174 1663.12631
12.3230 1654.41123
12.3286 1624.02246
12.3343 1577.60713
12.3399 1519.05520
12.3456 1456.95684
12.3512 1395.01439
12.3568 1342.91041
12.3625 1309.17287
12.3681 1288.42480
12.3738 1275.49754
12.3794 1274.40561
12.3850 1284.55602
12.3907 1302.39205
12.3963 1327.16480
12.4020 1360.19520
12.4076 1391.55123
12.4132 1421.78398
12.4189 1451.19520
12.4245 1475.21918
12.4302 1491.79684
12.4358 1505.92000
12.4414 1513.33520
12.4471 1517.65123
12.4527 1517.14152
12.4584 1521.02082
12.4640 1534.72807
12.4696 1549.03836
12.4753 1570.47275
12.4809 1603.73205
12.4866 1644.19848
12.4922 1697.00959
12.4978 1756.64316
12.5035 1813.48959
12.5091 1865.92643
12.5148 1912.73672
12.5204 1949.94807
12.5260 1976.59287
12.5317 1991.73520
12.5373 1996.71672
12.5430 1989.88398
12.5486 1979.23439
12.5542 1955.78246
12.5599 1920.98398
12.5655 1879.16561
12.5712 1826.45836
12.5768 1765.41041
12.5824 1694.96082
12.5881 1624.76082
12.5937 1561.25836
12.5994 1496.06070
12.6050 1437.75836
12.6106 1387.01684
12.6163 1339.02082
12.6219 1295.26807
12.6276 1259.02398
12.6332 1229.31111
12.6388 1201.72000
12.6445 1179.15205
12.6501 1159.39193
12.6557 1140.65111
12.6614 1128.43111
12.6670 1120.90164
12.6727 1111.86398
12.6783 1105.12480
12.6839 1097.03357
12.6896 1091.54234
12.6952 1087.70480
12.7009 1085.12561
12.7065 1083.78398
12.7121 1080.92398
12.7178 1080.87193
12.7234 1080.45602
12.7291 1078.20959
12.7347 1075.49520
12.7403 1074.68398
12.7460 1077.92889
12.7516 1079.76959
12.7573 1081.12164
12.7629 1082.36959
12.7685 1083.58643
12.7742 1086.85205
12.7798 1091.39684
12.7855 1095.16164
12.7911 1098.51041
12.7967 1101.37041
12.8024 1103.60631
12.8080 1105.41590
12.8137 1109.66959
12.8193 1114.94234
12.8249 1121.41123
12.8306 1128.63918
12.8362 1135.44082
12.8419 1145.61193
12.8475 1159.93275
12.8531 1179.01672
12.8588 1201.51205
12.8644 1227.87602
12.8701 1264.21357
12.8757 1311.67918
12.8813 1368.74398
12.8870 1437.55041
12.8926 1521.34316
12.8983 1616.60725
12.9039 1711.64246
12.9095 1810.49439
12.9152 1901.58795
12.9208 1973.95123
12.9265 2012.97193
12.9321 2007.33520
12.9377 1965.54807
12.9434 1893.64234
12.9490 1799.85520
12.9547 1695.76164
12.9603 1583.01520
12.9659 1480.12795
12.9716 1394.96246
12.9772 1324.19041
12.9829 1267.69766
12.9885 1224.77684
12.9941 1193.74316
12.9998 1173.07836
13.0054 1158.25848
13.0111 1148.39930
13.0167 1144.01041
13.0223 1144.02082
13.0280 1143.91684
13.0336 1145.90316
13.0393 1151.64398
13.0449 1157.78000
13.0505 1171.80959
13.0562 1183.39520
13.0618 1193.11918
13.0674 1207.02398
13.0731 1222.59287
13.0787 1234.71918
13.0844 1246.58561
13.0900 1260.24082
13.0956 1272.39836
13.1013 1285.49205
13.1069 1301.63275
13.1126 1320.51918
13.1182 1339.75918
13.1238 1355.66082
13.1295 1365.10398
13.1351 1368.45275
13.1408 1363.90795
13.1464 1350.00316
13.1520 1326.74877
13.1577 1292.23123
13.1633 1254.95754
13.1690 1217.80877
13.1746 1185.95357
13.1802 1159.73520
13.1859 1140.00643
13.1915 1123.08561
13.1972 1107.67287
13.2028 1096.48234
13.2084 1087.52795
13.2141 1082.01602
13.2197 1079.55123
13.2254 1076.59754
13.2310 1073.54000
13.2366 1073.66480
13.2423 1072.53123
13.2479 1070.55520
13.2536 1071.43930
13.2592 1074.45520
13.2648 1074.22643
13.2705 1071.98000
13.2761 1071.22082
13.2818 1071.72000
13.2874 1069.56713
13.2930 1069.45275
13.2987 1072.52082
13.3043 1072.67684
13.3100 1071.34561
13.3156 1071.59520
13.3212 1075.12082
13.3269 1076.43123
13.3325 1076.93029
13.3382 1078.75041
13.3438 1082.03684
13.3494 1084.27275
13.3551 1085.50000
13.3607 1088.00643
13.3664 1091.04316
13.3720 1092.38480
13.3776 1093.41439
13.3833 1094.55836
13.3889 1095.59836
13.3946 1096.38877
13.4002 1100.07041
13.4058 1102.44164
13.4115 1106.87193
13.4171 1116.62725
13.4228 1126.39287
13.4284 1142.04480
13.4340 1160.66082
13.4397 1182.16807
13.4453 1210.92398
13.4510 1247.38631
13.4566 1290.78561
13.4622 1341.87041
13.4679 1403.24082
13.4735 1476.37357
13.4792 1552.35602
13.4848 1631.86398
13.4904 1712.05836
13.4961 1789.12234
13.5017 1849.94164
13.5073 1883.64807
13.5130 1882.75369
13.5186 1857.25287
13.5243 1803.85918
13.5299 1728.00164
13.5355 1637.66713
13.5412 1549.52725
13.5468 1467.60643
13.5525 1394.75439
13.5581 1331.26246
13.5637 1279.80316
13.5694 1242.02000
13.5750 1209.66561
13.5807 1184.59123
13.5863 1164.04082
13.5919 1151.04082
13.5976 1145.68480
13.6032 1141.04643
13.6089 1137.24000
13.6145 1139.89205
13.6201 1148.02480
13.6258 1157.66561
13.6314 1169.75041
13.6371 1190.09287
13.6427 1216.07193
13.6483 1241.81193
13.6540 1274.18725
13.6596 1313.98807
13.6653 1352.38480
13.6709 1391.60328
13.6765 1432.22561
13.6822 1466.34807
13.6878 1491.39123
13.6935 1506.97041
13.6991 1513.44959
13.7047 1506.99123
13.7104 1483.50807
13.7160 1450.94561
13.7217 1417.33287
13.7273 1376.84561
13.7329 1337.57520
13.7386 1302.39205
13.7442 1270.56795
13.7499 1249.94480
13.7555 1235.13520
13.7611 1226.06643
13.7668 1221.20959
13.7724 1222.35369
13.7781 1222.89451
13.7837 1222.21836
13.7893 1220.65836
13.7950 1214.00246
13.8006 1198.43369
13.8063 1183.81123
13.8119 1167.28561
13.8175 1147.99357
13.8232 1128.75357
13.8288 1111.96807
13.8345 1098.06316
13.8401 1086.49848
13.8457 1076.50398
13.8514 1068.66234
13.8570 1063.41047
13.8627 1058.73041
13.8683 1057.05596
13.8739 1054.87199
13.8796 1052.56316
13.8852 1051.52322
13.8909 1048.49678
13.8965 1049.67199
13.9021 1050.04643
13.9078 1049.81754
13.9134 1053.84234
13.9190 1056.51520
13.9247 1057.00404
13.9303 1057.24316
13.9360 1061.29924
13.9416 1065.49041
13.9472 1067.48725
13.9529 1073.18631
13.9585 1079.45766
13.9642 1087.08082
13.9698 1092.12480
13.9754 1097.74082
13.9811 1105.19766
13.9867 1116.24246
13.9924 1122.51357
13.9980 1126.94410
14.0036 1136.99041
14.0093 1150.09439
14.0149 1162.77193
14.0206 1176.73918
14.0262 1193.49369
14.0318 1213.06631
14.0375 1239.13918
14.0431 1265.98164
14.0488 1287.44725
14.0544 1310.02561
14.0600 1323.72234
14.0657 1327.66398
14.0713 1324.87684
14.0770 1313.11439
14.0826 1295.97520
14.0882 1276.75602
14.0939 1253.23111
14.0995 1228.80164
14.1052 1213.66959
14.1108 1205.30795
14.1164 1201.43930
14.1221 1207.68959
14.1277 1216.16561
14.1334 1228.73930
14.1390 1246.42959
14.1446 1266.95918
14.1503 1285.39836
14.1559 1299.23041
14.1616 1313.64480
14.1672 1324.72082
14.1728 1331.79287
14.1785 1329.87918
14.1841 1322.19357
14.1898 1310.26480
14.1954 1295.63205
14.2010 1281.51918
14.2067 1268.89369
14.2123 1250.40234
14.2180 1235.19766
14.2236 1227.50164
14.2292 1220.40877
14.2349 1213.11848
14.2405 1212.39041
14.2462 1219.36877
14.2518 1224.55836
14.2574 1229.89357
14.2631 1238.52561
14.2687 1245.62889
14.2744 1247.49041
14.2800 1245.10877
14.2856 1239.40959
14.2913 1227.86561
14.2969 1211.77672
14.3026 1196.30164
14.3082 1175.79287
14.3138 1154.16082
14.3195 1136.51205
14.3251 1118.98807
14.3308 1099.65451
14.3364 1080.99684
14.3420 1066.40561
14.3477 1055.94316
14.3533 1045.83439
14.3589 1039.52475
14.3646 1036.02827
14.3702 1031.36592
14.3759 1028.97184
14.3815 1026.31255
14.3871 1022.72873
14.3928 1019.76158
14.3984 1021.68663
14.4041 1021.71367
14.4097 1019.08250
14.4153 1017.40495
14.4210 1018.96285
14.4266 1019.96750
14.4323 1017.81158
14.4379 1016.63536
14.4435 1016.02592
14.4492 1016.35143
14.4548 1020.01536
14.4605 1019.51097
14.4661 1016.57505
14.4717 1018.08408
14.4774 1019.61602
14.4830 1020.22959
14.4887 1018.39715
14.4943 1018.87659
14.4999 1020.54888
14.5056 1021.41102
14.5112 1021.99030
14.5169 1022.53525
14.5225 1021.22592
14.5281 1022.41464
14.5338 1023.48067
14.5394 1024.17643
14.5451 1023.79678
14.5507 1023.44214
14.5563 1023.50352
14.5620 1025.22164
14.5676 1025.88719
14.5733 1026.50190
14.5789 1028.93648
14.5845 1031.75071
14.5902 1032.01909
14.5958 1033.26704
14.6015 1038.13944
14.6071 1042.94322
14.6127 1045.75123
14.6184 1051.50240
14.6240 1057.04555
14.6297 1062.71357
14.6353 1068.96398
14.6409 1077.79357
14.6466 1082.41111
14.6522 1092.02082
14.6579 1099.94561
14.6635 1105.90480
14.6691 1111.48959
14.6748 1117.87520
14.6804 1126.07041
14.6861 1136.49123
14.6917 1148.59672
14.6973 1164.06164
14.7030 1176.50000
14.7086 1189.67672
14.7143 1208.30316
14.7199 1233.25275
14.7255 1260.78164
14.7312 1288.82000
14.7368 1320.73766
14.7425 1356.56549
14.7481 1387.55766
14.7537 1409.85520
14.7594 1427.86795
14.7650 1436.85357
14.7706 1435.52246
14.7763 1427.21287
14.7819 1411.62316
14.7876 1392.63275
14.7932 1371.88480
14.7988 1355.70246
14.8045 1342.96234
14.8101 1332.58316
14.8158 1327.59123
14.8214 1328.40246
14.8270 1330.07684
14.8327 1334.54889
14.8383 1335.19357
14.8440 1328.08000
14.8496 1320.74807
14.8552 1305.89672
14.8609 1278.69041
14.8665 1251.96234
14.8722 1220.34643
14.8778 1187.05602
14.8834 1156.45918
14.8891 1123.13754
14.8947 1093.14398
14.9004 1072.84316
14.9060 1059.76006
14.9116 1046.21924
14.9173 1034.18954
14.9229 1025.26112
14.9286 1019.80525
14.9342 1014.09566
14.9398 1011.49775
14.9455 1009.75475
14.9511 1005.16317
14.9568 1006.12091
14.9624 1008.40587
14.9680 1010.78745
14.9737 1012.04689
14.9793 1009.10577
14.9850 1008.84475
14.9906 1014.18618
14.9962 1021.00127
15.0019 1026.99378
15.0075 1037.33240
15.0132 1049.04801
15.0188 1064.38801
15.0244 1081.31918
15.0301 1105.96713
15.0357 1131.28082
15.0414 1163.85357
15.0470 1202.78082
15.0526 1244.91111
15.0583 1296.37041
15.0639 1351.46959
15.0696 1399.54889
15.0752 1452.26643
15.0808 1494.43836
15.0865 1520.86480
15.0921 1529.65275
15.0978 1520.03287
15.1034 1498.66082
15.1090 1467.11754
15.1147 1422.38713
15.1203 1367.84959
15.1260 1313.58234
15.1316 1264.12000
15.1372 1215.59369
15.1429 1172.58959
15.1485 1138.44643
15.1542 1107.78713
15.1598 1079.31193
15.1654 1060.12404
15.1711 1047.56076
15.1767 1037.25026
15.1824 1034.70948
15.1880 1036.94652
15.1936 1040.33275
15.1993 1044.96082
15.2049 1051.06561
15.2105 1062.78637
15.2162 1080.56000
15.2218 1096.83590
15.2275 1113.28877
15.2331 1128.64959
15.2387 1138.33205
15.2444 1148.18082
15.2500 1154.18152
15.2557 1145.56000
15.2613 1132.52877
15.2669 1118.67602
15.2726 1101.95275
15.2782 1086.18643
15.2839 1070.95041
15.2895 1053.65514
15.2951 1041.78877
15.3008 1029.95357
15.3064 1015.14086
15.3121 1005.26296
15.3177 999.14668
15.3233 992.70907
15.3290 986.53877
15.3346 979.96291
15.3403 982.89464
15.3459 983.39173
15.3515 979.28372
15.3572 972.99281
15.3628 966.93067
15.3685 968.90561
15.3741 973.59082
15.3797 973.71041
15.3854 971.44322
15.3910 969.67203
15.3967 970.21914
15.4023 969.72725
15.4079 969.74693
15.4136 969.83434
15.4192 971.09689
15.4249 973.68857
15.4305 971.50663
15.4361 973.43689
15.4418 975.14041
15.4474 976.08475
15.4531 977.48143
15.4587 978.90730
15.4643 986.80194
15.4700 989.68168
15.4756 991.10756
15.4813 997.28510
15.4869 1001.87153
15.4925 1003.93281
15.4982 1001.86220
15.5038 999.32561
15.5095 998.99903
15.5151 999.63862
15.5207 1003.86939
15.5264 1001.60842
15.5320 1002.44149
15.5377 1001.10296
15.5433 1000.14199
15.5489 999.60428
15.5546 1005.10700
15.5602 1007.86816
15.5659 1010.67097
15.5715 1017.64520
15.5771 1026.34276
15.5828 1035.33250
15.5884 1038.46602
15.5941 1042.21520
15.5997 1053.55123
15.6053 1066.93602
15.6110 1073.05123
15.6166 1079.12480
15.6222 1085.28164
15.6279 1088.54713
15.6335 1093.21684
15.6392 1099.58152
15.6448 1109.85684
15.6504 1119.20631
15.6561 1131.62398
15.6617 1149.59520
15.6674 1163.68713
15.6730 1179.40164
15.6786 1198.96398
15.6843 1219.40000
15.6899 1243.95439
15.6956 1262.45602
15.7012 1282.04959
15.7068 1295.69439
15.7125 1304.55520
15.7181 1308.60082
15.7238 1309.71369
15.7294 1314.61205
15.7350 1320.75848
15.7407 1319.16725
15.7463 1324.34631
15.7520 1338.91684
15.7576 1349.40000
15.7632 1365.28082
15.7689 1394.94164
15.7745 1420.46316
15.7802 1442.55275
15.7858 1468.64643
15.7914 1490.10164
15.7971 1509.09205
15.8027 1535.44561
15.8084 1537.56725
15.8140 1533.51123
15.8196 1524.07836
15.8253 1504.64070
15.8309 1479.11918
15.8366 1440.72246
15.8422 1393.19439
15.8478 1352.01041
15.8535 1318.46000
15.8591 1276.44398
15.8648 1233.61672
15.8704 1196.39520
15.8760 1164.30070
15.8817 1139.24725
15.8873 1113.32000
15.8930 1093.91357
15.8986 1076.32713
15.9042 1059.26082
15.9099 1044.92959
15.9155 1034.83948
15.9212 1029.60000
15.9268 1024.60903
15.9324 1021.24668
15.9381 1014.95164
15.9437 1012.09995
15.9494 1007.55510
15.9550 997.43179
15.9606 997.17173
15.9663 1004.72525
15.9719 1007.49168
15.9776 1006.89266
15.9832 1003.28801
15.9888 998.53209
15.9945 993.65341
16.0001 997.66475
16.0058 1000.75041
16.0114 999.02715
16.0170 997.00536
16.0227 1000.76285
16.0283 1010.14786
16.0339 1021.92480
16.0396 1034.44847
16.0452 1046.58322
16.0509 1057.66953
16.0565 1081.68316
16.0621 1097.74082
16.0678 1102.18164
16.0734 1109.33672
16.0791 1118.63439
16.0847 1126.91275
16.0903 1128.23369
16.0960 1121.91041
16.1016 1118.52000
16.1073 1111.27111
16.1129 1097.68877
16.1185 1095.69205
16.1242 1092.84234
16.1298 1081.43357
16.1355 1074.00795
16.1411 1069.39041
16.1467 1066.89439
16.1524 1062.62000
16.1580 1058.95918
16.1637 1062.50555
16.1693 1072.42725
16.1749 1086.51918
16.1806 1098.13602
16.1862 1106.20643
16.1919 1110.36643
16.1975 1112.12398
16.2031 1131.62398
16.2088 1155.66877
16.2144 1167.58713
16.2201 1178.85041
16.2257 1186.21357
16.2313 1190.88316
16.2370 1187.95041
16.2426 1195.33439
16.2483 1192.83836
16.2539 1183.36410
16.2595 1184.47672
16.2652 1174.32643
16.2708 1161.43041
16.2765 1144.22877
16.2821 1126.65287
16.2877 1111.35439
16.2934 1110.48082
16.2990 1099.57111
16.3047 1091.13684
16.3103 1087.27836
16.3159 1071.61602
16.3216 1058.75123
16.3272 1048.54877
16.3329 1040.44719
16.3385 1031.34618
16.3441 1024.55596
16.3498 1007.46046
16.3554 993.67525
16.3611 989.82209
16.3667 982.46719
16.3723 984.46816
16.3780 974.10980
16.3836 962.84030
16.3893 959.74531
16.3949 956.49525
16.4005 949.63445
16.4062 953.02791
16.4118 949.26724
16.4175 949.98693
16.4231 953.92445
16.4287 949.32138
16.4344 946.50296
16.4400 939.31760
16.4457 940.77464
16.4513 945.71464
16.4569 959.18164
16.4626 959.74734
16.4682 957.87225
16.4738 956.67000
16.4795 962.75086
16.4851 969.87490
16.4908 973.27255
16.4964 978.14602
16.5020 990.20168
16.5077 1003.27551
16.5133 1023.13637
16.5190 1046.78082
16.5246 1065.11602
16.5302 1081.64164
16.5359 1112.64398
16.5415 1145.11287
16.5472 1162.90725
16.5528 1174.31602
16.5584 1184.11275
16.5641 1191.03930
16.5697 1197.49766
16.5754 1203.18631
16.5810 1184.32082
16.5866 1157.36398
16.5923 1134.64000
16.5979 1131.03123
16.6036 1105.44713
16.6092 1077.44000
16.6148 1062.25596
16.6205 1047.85199
16.6261 1033.17970
16.6318 1015.36862
16.6374 1010.11041
16.6430 1016.65408
16.6487 1023.53780
16.6543 1033.50102
16.6600 1046.40643
16.6656 1059.76006
16.6712 1084.53275
16.6769 1113.01836
16.6825 1147.43193
16.6882 1172.77684
16.6938 1200.02480
16.6994 1226.64877
16.7051 1237.57918
16.7107 1241.08398
16.7164 1251.80643
16.7220 1258.00480
16.7276 1261.84246
16.7333 1255.59193
16.7389 1241.77041
16.7446 1251.35918
16.7502 1243.92316
16.7558 1206.23357
16.7615 1177.96643
16.7671 1147.61918
16.7728 1107.28795
16.7784 1075.72410
16.7840 1047.53994
16.7897 1021.86652
16.7953 995.96123
16.8010 961.06505
16.8066 945.45566
16.8122 922.66097
16.8179 906.37771
16.8235 908.94546
16.8292 901.45021
16.8348 882.15816
16.8404 878.34551
16.8461 871.30989
16.8517 863.85520
16.8574 859.78985
16.8630 855.96056
16.8686 862.00816
16.8743 871.90898
16.8799 860.81423
16.8855 847.20480
16.8912 865.05123
16.8968 867.55964
16.9025 856.85076
16.9081 866.34393
16.9137 873.16423
16.9194 876.53281
16.9250 873.44505
16.9307 887.88648
16.9363 914.93270
16.9419 949.21633
16.9476 989.35408
16.9532 1001.15291
16.9589 1042.35035
16.9645 1088.27672
16.9701 1097.41836
16.9758 1114.40164
16.9814 1147.05754
16.9871 1138.33205
16.9927 1160.57754
16.9983 1182.62561
17.0040 1191.38246
17.0096 1200.22246
17.0153 1199.96246
17.0209 1165.91287
17.0265 1109.11836
17.0322 1085.87439
17.0378 1090.61684
17.0435 1058.63684
17.0491 1019.05750
17.0547 999.40261
17.0604 961.66612
17.0660 924.06914
17.0717 898.79918
17.0773 880.53995
17.0829 881.91061
17.0886 897.38270
17.0942 933.41250
17.0999 948.31153
