# Two Theta	Intensity
1.0041 5702.44828
1.0097 5640.00984
1.0153 5619.05250
1.0210 5608.71375
1.0266 5562.56672
1.0323 5559.65766
1.0379 5568.71016
1.0435 5580.32625
1.0492 5576.77453
1.0548 5546.71688
1.0605 5526.55688
1.0661 5510.68828
1.0717 5512.84781
1.0774 5535.23532
1.0830 5523.80156
1.0886 5471.67328
1.0943 5436.84516
1.0999 5446.13766
1.1056 5448.23062
1.1112 5423.43328
1.1169 5402.64938
1.1225 5390.64984
1.1281 5368.72312
1.1338 5366.79375
1.1394 5365.12312
1.1451 5356.18547
1.1507 5343.28312
1.1563 5310.06750
1.1620 5295.84000
1.1676 5287.76625
1.1732 5301.73453
1.1789 5299.27688
1.1845 5269.82390
1.1902 5244.77719
1.1958 5198.59219
1.2014 5184.08672
1.2071 5191.17140
1.2127 5171.07844
1.2184 5163.61922
1.2240 5164.82906
1.2297 5157.50390
1.2353 5131.92000
1.2409 5111.32781
1.2466 5094.07688
1.2522 5090.18860
1.2579 5088.75844
1.2635 5057.08781
1.2691 5037.05297
1.2748 5066.87016
1.2804 5045.71219
1.2860 4997.22234
1.2917 4980.43219
1.2973 4978.60781
1.3030 4969.32516
1.3086 4952.70703
1.3142 4945.44938
1.3199 4932.02860
1.3255 4910.59219
1.3312 4890.77766
1.3368 4872.86390
1.3424 4851.50390
1.3481 4836.11532
1.3537 4817.93297
1.3594 4805.15532
1.3650 4812.60516
1.3706 4803.02390
1.3763 4780.13766
1.3819 4764.36516
1.3876 4760.96672
1.3932 4747.32468
1.3988 4732.54078
1.4045 4724.23688
1.4101 4707.12984
1.4158 4703.83688
1.4214 4692.43172
1.4270 4674.87328
1.4327 4659.09140
1.4383 4637.68359
1.4440 4623.77297
1.4496 4599.83062
1.4552 4576.23375
1.4609 4569.99328
1.4665 4563.95532
1.4722 4545.73406
1.4778 4550.84156
1.4834 4557.96468
1.4891 4552.20468
1.4947 4500.91172
1.5003 4463.78860
1.5060 4452.05766
1.5116 4450.13766
1.5173 4462.40672
1.5229 4455.63844
1.5286 4409.92312
1.5342 4389.88828
1.5398 4387.12312
1.5455 4387.31484
1.5511 4381.92000
1.5568 4361.12625
1.5624 4369.83375
1.5680 4345.37297
1.5737 4310.77406
1.5793 4284.66234
1.5849 4268.69766
1.5906 4273.39172
1.5962 4283.73140
1.6019 4275.38860
1.6075 4231.31532
1.6132 4214.04468
1.6188 4218.73922
1.6244 4219.84312
1.6301 4196.39062
1.6357 4167.90703
1.6414 4169.49140
1.6470 4141.62234
1.6526 4124.03484
1.6583 4138.95375
1.6639 4134.60468
1.6695 4121.37610
1.6752 4111.55484
1.6808 4090.32938
1.6865 4074.85406
1.6921 4054.94390
1.6977 4030.49297
1.7034 4040.60156
1.7090 4038.06703
1.7147 4006.97297
1.7203 3987.91688
1.7259 3992.97610
1.7316 3988.97297
1.7372 3982.07062
1.7429 3975.92672
1.7485 3957.50390
1.7541 3937.08468
1.7598 3924.14390
1.7654 3923.04023
1.7711 3912.65250
1.7767 3890.50547
1.7823 3875.35664
1.7880 3854.89922
1.7936 3855.31219
1.7993 3862.25273
1.8049 3852.95062
1.8105 3841.26703
1.8162 3828.24961
1.8218 3812.62078
1.8275 3799.87195
1.8331 3793.42078
1.8387 3771.39844
1.8444 3763.07508
1.8500 3754.96336
1.8557 3735.47508
1.8613 3727.61273
1.8669 3727.11375
1.8726 3735.52312
1.8782 3724.27219
1.8839 3700.51219
1.8895 3683.56805
1.8951 3662.31351
1.9008 3655.55508
1.9064 3644.99508
1.9121 3636.84468
1.9177 3652.10883
1.9233 3640.48336
1.9290 3619.50703
1.9346 3611.88468
1.9403 3607.86234
1.9459 3598.14727
1.9515 3574.58883
1.9572 3565.83375
1.9628 3550.93429
1.9684 3539.52000
1.9741 3538.23351
1.9797 3529.67039
1.9854 3523.99688
1.9910 3519.29273
1.9966 3505.74703
2.0023 3499.22883
2.0079 3499.11375
2.0136 3483.43688
2.0192 3469.38234
2.0248 3462.90234
2.0305 3452.52468
2.0361 3434.42860
2.0418 3425.69273
2.0474 3433.64156
2.0531 3427.34390
2.0587 3402.45117
2.0643 3384.96961
2.0700 3388.48312
2.0756 3388.10883
2.0812 3377.26078
2.0869 3374.10234
2.0925 3374.00649
2.0982 3360.74883
2.1038 3339.12000
2.1095 3334.64625
2.1151 3328.14727
2.1207 3320.27532
2.1264 3310.33922
2.1320 3296.76468
2.1376 3283.05610
2.1433 3267.81117
2.1489 3264.66258
2.1546 3270.50883
2.1602 3266.75508
2.1658 3262.08961
2.1715 3245.15508
2.1771 3240.64312
2.1828 3236.83195
2.1884 3215.32781
2.1940 3200.39039
2.1997 3204.96961
2.2053 3200.92805
2.2110 3188.61117
2.2166 3186.32625
2.2222 3173.73117
2.2279 3155.70234
2.2335 3145.53586
2.2392 3143.98078
2.2448 3150.99844
2.2504 3152.82234
2.2561 3133.24781
2.2617 3112.55039
2.2674 3100.34883
2.2730 3091.62234
2.2786 3087.40781
2.2843 3083.38547
2.2899 3085.80492
2.2956 3086.67844
2.3012 3074.24625
2.3068 3066.35508
2.3125 3065.97140
2.3181 3063.20649
2.3238 3048.72000
2.3294 3044.96625
2.3350 3040.03195
2.3407 3025.64156
2.3463 3015.27351
2.3519 3001.27664
2.3576 2995.04625
2.3632 2994.05766
2.3689 2982.86414
2.3745 2971.98727
2.3802 2961.55195
2.3858 2951.50078
2.3914 2960.22727
2.3971 2948.14078
2.4027 2944.10883
2.4083 2943.90727
2.4140 2932.86703
2.4196 2919.97453
2.4253 2906.73586
2.4309 2904.35508
2.4365 2907.81117
2.4422 2909.41429
2.4478 2906.05429
2.4535 2895.51351
2.4591 2881.19039
2.4648 2876.73586
2.4704 2867.48156
2.4760 2862.92156
2.4817 2860.37742
2.4873 2856.36468
2.4929 2855.99039
2.4986 2846.07351
2.5042 2839.59375
2.5099 2835.62883
2.5155 2826.00000
2.5212 2828.40961
2.5268 2840.17922
2.5324 2828.10234
2.5381 2818.00312
2.5437 2815.89117
2.5494 2795.61610
2.5550 2797.07532
2.5606 2793.56156
2.5663 2784.20156
2.5719 2785.99688
2.5775 2781.85922
2.5832 2769.99375
2.5888 2760.92180
2.5945 2752.58883
2.6001 2741.67375
2.6057 2740.38703
2.6114 2742.27844
2.6170 2739.58078
2.6227 2735.28000
2.6283 2731.09453
2.6339 2733.01429
2.6396 2733.76336
2.6452 2732.33273
2.6509 2727.17766
2.6565 2728.37766
2.6621 2732.24649
2.6678 2740.80961
2.6734 2757.61922
2.6791 2769.27351
2.6847 2773.24781
2.6903 2797.80492
2.6960 2850.33610
2.7016 2922.07664
2.7073 3055.20000
2.7129 3283.58390
2.7185 3706.60781
2.7242 4463.67375
2.7298 5680.91532
2.7355 6989.16468
2.7411 7818.50906
2.7467 7565.38547
2.7524 6399.67688
2.7580 5094.30703
2.7636 4070.24625
2.7693 3478.02234
2.7749 3156.58571
2.7806 2993.14571
2.7862 2886.72000
2.7919 2812.63688
2.7975 2760.12468
2.8031 2719.84312
2.8088 2690.87039
2.8144 2674.11844
2.8201 2655.82078
2.8257 2630.24649
2.8313 2604.28805
2.8370 2584.80000
2.8426 2574.36468
2.8482 2562.62390
2.8539 2551.58414
2.8595 2543.81766
2.8652 2526.19195
2.8708 2518.97273
2.8765 2514.67219
2.8821 2505.64805
2.8877 2500.14727
2.8934 2490.06727
2.8990 2477.96156
2.9046 2475.15844
2.9103 2474.70727
2.9159 2470.78078
2.9216 2458.56000
2.9272 2451.42727
2.9328 2445.42703
2.9385 2437.90078
2.9441 2433.92649
2.9498 2431.44961
2.9554 2439.33117
2.9611 2436.98883
2.9667 2422.30078
2.9723 2410.65610
2.9780 2408.74547
2.9836 2403.01429
2.9892 2398.70414
2.9949 2393.92312
3.0005 2389.81429
3.0062 2389.44000
3.0118 2388.64312
3.0174 2381.17453
3.0231 2375.81742
3.0287 2375.52961
3.0344 2363.37586
3.0400 2351.50078
3.0456 2346.09610
3.0513 2345.09766
3.0569 2341.75688
3.0626 2336.01610
3.0682 2330.63039
3.0738 2330.55351
3.0795 2331.65742
3.0851 2320.86727
3.0908 2316.20156
3.0964 2315.50078
3.1020 2312.75532
3.1077 2312.05453
3.1133 2308.20492
3.1190 2304.69117
3.1246 2298.86390
3.1302 2288.09273
3.1359 2284.55039
3.1415 2283.14883
3.1472 2281.91039
3.1528 2277.86883
3.1584 2272.26234
3.1641 2268.95039
3.1697 2268.57610
3.1754 2267.59688
3.1810 2262.27844
3.1866 2257.97766
3.1923 2256.09610
3.1979 2247.51375
3.2036 2239.65117
3.2092 2242.36805
3.2148 2243.61610
3.2205 2236.08000
3.2261 2228.61117
3.2318 2224.02234
3.2374 2218.12805
3.2430 2213.16492
3.2487 2205.54234
3.2543 2202.23039
3.2599 2198.80336
3.2656 2194.59844
3.2712 2195.31820
3.2769 2191.84312
3.2825 2185.51688
3.2882 2183.59688
3.2938 2179.55532
3.2994 2172.93117
3.3051 2167.00781
3.3107 2171.70258
3.3163 2172.68156
3.3220 2166.11532
3.3276 2162.55375
3.3333 2162.33273
3.3389 2157.17766
3.3445 2148.18234
3.3502 2148.74883
3.3558 2152.82883
3.3615 2144.27508
3.3671 2141.23195
3.3728 2142.02883
3.3784 2132.22727
3.3840 2131.64156
3.3897 2128.08961
3.3953 2124.44156
3.4009 2125.72781
3.4066 2122.11844
3.4122 2117.44336
3.4179 2114.35195
3.4235 2109.28312
3.4291 2100.43195
3.4348 2095.73742
3.4404 2094.29766
3.4461 2093.52961
3.4517 2095.39195
3.4573 2092.79039
3.4630 2091.03351
3.4686 2083.10390
3.4743 2080.26234
3.4799 2081.96156
3.4855 2072.57297
3.4912 2067.77273
3.4968 2065.52649
3.5025 2065.23844
3.5081 2062.82883
3.5137 2057.81742
3.5194 2052.62390
3.5250 2049.20625
3.5307 2055.38883
3.5363 2059.86234
3.5419 2056.77117
3.5476 2050.48336
3.5532 2047.76649
3.5589 2045.76961
3.5645 2043.59039
3.5701 2039.92312
3.5758 2034.41273
3.5814 2040.43195
3.5871 2044.31039
3.5927 2034.72000
3.5983 2030.29453
3.6040 2029.85273
3.6096 2024.37117
3.6153 2018.31375
3.6209 2023.19039
3.6265 2025.34078
3.6322 2021.27039
3.6378 2023.30571
3.6435 2020.69453
3.6491 2017.58390
3.6547 2020.67532
3.6604 2029.79532
3.6660 2041.68961
3.6716 2048.87039
3.6773 2055.12000
3.6829 2077.51664
3.6886 2110.83844
3.6942 2159.35688
3.6999 2227.65140
3.7055 2326.49273
3.7111 2430.40336
3.7168 2518.60805
3.7224 2560.80000
3.7280 2546.32312
3.7337 2490.19195
3.7393 2425.19039
3.7450 2367.35039
3.7506 2318.41922
3.7562 2288.71664
3.7619 2272.66571
3.7675 2253.10078
3.7732 2235.27351
3.7788 2235.83039
3.7845 2253.54234
3.7901 2274.55664
3.7957 2300.86078
3.8014 2350.21429
3.8070 2426.53453
3.8126 2525.67351
3.8183 2684.91820
3.8239 2932.23351
3.8296 3358.54078
3.8352 4068.93140
3.8408 5315.46234
3.8465 7131.88781
3.8521 9539.13563
3.8578 11815.39219
3.8634 13468.70342
3.8690 14176.60781
3.8747 14260.12781
3.8803 14199.36000
3.8860 14080.51219
3.8916 13335.36000
3.8972 11560.99219
3.9029 9271.15219
3.9085 7052.50594
3.9142 5639.96156
3.9198 5034.31688
3.9254 4979.58703
3.9311 5213.43328
3.9367 5477.18390
3.9424 5601.54234
3.9480 5487.31219
3.9536 5137.52672
3.9593 4651.89094
3.9649 4129.48781
3.9706 3667.53586
3.9762 3263.44312
3.9818 2961.36000
3.9875 2735.36625
3.9931 2567.99039
3.9988 2437.20000
4.0044 2336.72625
4.0100 2266.18571
4.0157 2214.34571
4.0213 2168.17899
4.0270 2127.58078
4.0326 2091.12961
4.0382 2062.99219
4.0439 2044.94414
4.0495 2027.50078
4.0552 2014.71351
4.0608 2008.99195
4.0664 1998.77766
4.0721 1987.01742
4.0777 1974.66258
4.0834 1963.28637
4.0890 1954.10883
4.0946 1946.79363
4.1003 1943.76000
4.1059 1940.10246
4.1115 1937.18402
4.1172 1937.04000
4.1228 1938.16312
4.1285 1941.41766
4.1341 1939.11375
4.1398 1938.22078
4.1454 1941.30246
4.1510 1943.20312
4.1567 1944.14402
4.1623 1947.76312
4.1680 1949.55844
4.1736 1953.29273
4.1792 1956.14414
4.1849 1961.69285
4.1905 1961.79844
4.1961 1952.26571
4.2018 1944.64324
4.2074 1935.72492
4.2131 1930.42559
4.2187 1921.09453
4.2243 1911.35039
4.2300 1902.34559
4.2356 1895.42402
4.2413 1899.05285
4.2469 1898.25598
4.2525 1891.38246
4.2582 1891.16156
4.2638 1888.52168
4.2695 1874.33285
4.2751 1858.28156
4.2807 1849.43039
4.2864 1843.05598
4.2920 1833.68637
4.2977 1823.17441
4.3033 1815.96480
4.3089 1814.20793
4.3146 1811.82727
4.3202 1807.01766
4.3259 1809.24480
4.3315 1812.93129
4.3371 1812.69117
4.3428 1813.93922
4.3484 1817.80805
4.3541 1820.97598
4.3597 1825.93922
4.3653 1831.63207
4.3710 1841.70234
4.3766 1851.94571
4.3823 1857.38883
4.3879 1865.56805
4.3935 1876.08000
4.3992 1882.68480
4.4048 1888.15676
4.4105 1891.00805
4.4161 1889.73117
4.4217 1889.52961
4.4274 1886.40961
4.4330 1888.40637
4.4387 1897.27688
4.4443 1903.85285
4.4499 1916.66883
4.4556 1938.09610
4.4612 1968.22078
4.4668 2002.74234
4.4725 2042.75532
4.4781 2099.28961
4.4838 2174.77429
4.4894 2276.40000
4.4950 2418.24961
4.5007 2622.30727
4.5063 2932.72312
4.5120 3418.89610
4.5176 4204.36781
4.5233 5490.45140
4.5289 7589.48203
4.5345 10680.96000
4.5402 14547.64781
4.5458 18128.25562
4.5514 19782.14438
4.5571 18629.18246
4.5627 15174.43219
4.5684 11042.88000
4.5740 7619.69297
4.5796 5344.96312
4.5853 4028.14078
4.5909 3266.92805
4.5966 2815.56468
4.6022 2523.22571
4.6079 2327.65429
4.6135 2190.56649
4.6191 2097.41742
4.6248 2024.14078
4.6304 1968.10571
4.6361 1922.63028
4.6417 1893.24468
4.6473 1871.45273
4.6530 1851.00480
4.6586 1840.71363
4.6642 1838.97598
4.6699 1836.47039
4.6755 1844.23676
4.6812 1873.69910
4.6868 1919.11676
4.6924 1980.65273
4.6981 2047.85273
4.7037 2115.61922
4.7094 2164.63664
4.7150 2168.97610
4.7206 2131.25766
4.7263 2072.31351
4.7319 1998.90234
4.7376 1933.80480
4.7432 1895.72156
4.7488 1887.31195
4.7545 1901.74078
4.7601 1915.07520
4.7658 1910.22715
4.7714 1878.52793
4.7770 1828.15676
4.7827 1776.15363
4.7883 1736.32324
4.7940 1708.87676
4.7996 1688.28480
4.8052 1674.69117
4.8109 1664.30402
4.8165 1654.74246
4.8222 1649.93285
4.8278 1644.46078
4.8334 1635.10078
4.8391 1627.07520
4.8447 1625.01129
4.8504 1619.37598
4.8560 1613.62559
4.8616 1611.72480
4.8673 1606.92480
4.8729 1602.42246
4.8786 1598.11207
4.8842 1595.49117
4.8898 1592.63039
4.8955 1590.88324
4.9011 1590.81598
4.9068 1591.74715
4.9124 1585.80480
4.9180 1579.67039
4.9237 1579.66078
4.9293 1579.56480
4.9349 1575.48480
4.9406 1572.63363
4.9462 1574.30402
4.9519 1574.28468
4.9575 1573.40156
4.9632 1573.71832
4.9688 1571.02078
4.9744 1568.84156
4.9801 1568.19844
4.9857 1564.30078
4.9914 1564.34871
4.9970 1564.87676
5.0026 1566.81598
5.0083 1569.29285
5.0139 1567.10402
5.0195 1565.03039
5.0252 1564.41610
5.0308 1564.89598
5.0365 1568.46727
5.0421 1568.30390
5.0477 1566.01922
5.0534 1568.08324
5.0590 1572.24000
5.0647 1575.84000
5.0703 1578.49910
5.0760 1577.27039
5.0816 1581.03351
5.0872 1585.48805
5.0929 1585.11363
5.0985 1582.00324
5.1041 1579.65117
5.1098 1572.87351
5.1154 1564.06078
5.1211 1555.18078
5.1267 1547.05922
5.1323 1541.01117
5.1380 1535.99039
5.1436 1535.82727
5.1493 1533.60000
5.1549 1530.39351
5.1605 1524.27844
5.1662 1521.46559
5.1718 1520.21754
5.1775 1518.25922
5.1831 1516.47363
5.1887 1514.59207
5.1944 1514.82234
5.2000 1513.75688
5.2057 1511.49129
5.2113 1511.53922
5.2169 1511.94234
5.2226 1511.09754
5.2282 1509.37922
5.2339 1509.45598
5.2395 1507.96793
5.2451 1504.80961
5.2508 1505.02078
5.2564 1504.62715
5.2621 1503.29285
5.2677 1502.05441
5.2733 1499.56793
5.2790 1499.85598
5.2846 1498.56000
5.2903 1495.73766
5.2959 1497.39844
5.3015 1500.07676
5.3072 1501.14234
5.3128 1500.30715
5.3184 1500.99844
5.3241 1504.25285
5.3297 1503.29285
5.3354 1503.96480
5.3410 1508.59195
5.3467 1508.64961
5.3523 1506.86402
5.3579 1508.60156
5.3636 1509.89766
5.3692 1510.50234
5.3748 1517.32793
5.3805 1523.40480
5.3861 1527.60961
5.3918 1532.45766
5.3974 1538.54402
5.4030 1550.50559
5.4087 1564.55039
5.4143 1584.65273
5.4200 1613.53922
5.4256 1657.68961
5.4313 1713.64805
5.4369 1800.57598
5.4425 1943.64492
5.4482 2187.99351
5.4538 2597.68312
5.4594 3302.21766
5.4651 4423.15219
5.4707 6036.12468
5.4764 7836.50860
5.4820 9226.98187
5.4876 9556.41657
5.4933 8653.48781
5.4989 7002.12468
5.5046 5238.94078
5.5102 3854.56336
5.5159 2924.46727
5.5215 2368.91508
5.5271 2044.09922
5.5328 1856.63039
5.5384 1740.72000
5.5440 1667.77922
5.5497 1618.95351
5.5553 1586.78402
5.5610 1566.97922
5.5666 1552.05117
5.5722 1546.66559
5.5779 1546.56000
5.5835 1548.33598
5.5892 1549.89117
5.5948 1548.49910
5.6004 1548.00961
5.6061 1544.85117
5.6117 1538.81273
5.6174 1528.63676
5.6230 1514.61129
5.6286 1500.76805
5.6343 1490.23688
5.6399 1484.15039
5.6456 1476.74883
5.6512 1472.07351
5.6568 1470.05754
5.6625 1468.40637
5.6681 1466.45754
5.6738 1459.02715
5.6794 1452.38402
5.6850 1448.89910
5.6907 1447.47832
5.6963 1454.48637
5.7020 1460.45754
5.7076 1452.51832
5.7132 1445.38559
5.7189 1445.02078
5.7245 1442.63039
5.7302 1436.99520
5.7358 1437.38883
5.7414 1439.25117
5.7471 1433.05910
5.7527 1428.76793
5.7583 1430.25610
5.7640 1429.64156
5.7696 1431.59039
5.7753 1439.83676
5.7809 1444.20480
5.7866 1443.88805
5.7922 1440.34559
5.7978 1443.77273
5.8035 1450.34883
5.8091 1456.11844
5.8148 1463.15520
5.8204 1471.17117
5.8260 1475.01129
5.8317 1476.82559
5.8373 1476.45117
5.8429 1474.33922
5.8486 1469.60649
5.8542 1465.20961
5.8599 1461.52324
5.8655 1458.29766
5.8712 1454.95688
5.8768 1456.12805
5.8824 1458.81598
5.8881 1455.71532
5.8937 1454.05441
5.8994 1461.03351
5.9050 1470.26883
5.9106 1473.50390
5.9163 1475.97117
5.9219 1484.96637
5.9275 1498.35832
5.9332 1517.15520
5.9388 1541.33754
5.9445 1577.71207
5.9501 1627.45910
5.9557 1703.69285
5.9614 1822.67520
5.9670 2003.46234
5.9727 2276.50571
5.9783 2663.72156
5.9839 3164.50571
5.9896 3702.24961
5.9952 4114.53140
6.0009 4254.48000
6.0065 4026.03844
6.0121 3525.04336
6.0178 2961.45610
6.0234 2479.45922
6.0291 2147.94258
6.0347 1939.57441
6.0403 1824.72961
6.0460 1776.37441
6.0516 1765.15207
6.0573 1789.92000
6.0629 1856.45754
6.0685 1971.93610
6.0742 2151.57117
6.0798 2430.01922
6.0855 2838.54727
6.0911 3399.61922
6.0967 4128.26906
6.1024 4870.21453
6.1080 5437.46906
6.1137 5701.03688
6.1193 5566.60828
6.1249 5101.18078
6.1306 4441.21922
6.1362 3744.42234
6.1419 3150.49922
6.1475 2668.72336
6.1531 2312.43844
6.1588 2048.42883
6.1644 1866.63351
6.1701 1736.89922
6.1757 1645.23844
6.1813 1579.57441
6.1870 1539.18715
6.1926 1507.62246
6.1982 1483.35363
6.2039 1464.57598
6.2095 1449.76312
6.2152 1437.84961
6.2208 1429.49766
6.2264 1421.57766
6.2321 1414.99207
6.2377 1408.32000
6.2434 1400.22715
6.2490 1392.42246
6.2547 1387.06559
6.2603 1381.92000
6.2659 1378.31039
6.2716 1376.91844
6.2772 1372.91520
6.2828 1367.02078
6.2885 1364.99520
6.2941 1363.84324
6.2998 1359.71520
6.3054 1359.03363
6.3110 1359.63844
6.3167 1359.06234
6.3223 1359.95520
6.3280 1360.27195
6.3336 1359.99351
6.3393 1359.36000
6.3449 1361.55844
6.3505 1366.27195
6.3562 1374.35520
6.3618 1384.09910
6.3675 1393.88156
6.3731 1405.09441
6.3787 1419.91676
6.3844 1442.05441
6.3900 1462.48312
6.3956 1490.25610
6.4013 1531.62246
6.4069 1579.94871
6.4126 1637.59676
6.4182 1702.18559
6.4238 1769.29922
6.4295 1831.79520
6.4351 1877.55844
6.4408 1895.16480
6.4464 1887.82078
6.4520 1860.21117
6.4577 1806.94090
6.4633 1737.88805
6.4690 1668.74883
6.4746 1607.59676
6.4802 1554.55688
6.4859 1513.12312
6.4915 1481.80805
6.4972 1450.54078
6.5028 1424.19844
6.5084 1405.48805
6.5141 1387.81441
6.5197 1372.72312
6.5254 1361.28000
6.5310 1353.85922
6.5366 1347.38883
6.5423 1341.35039
6.5479 1332.99844
6.5536 1326.55676
6.5592 1326.63351
6.5648 1324.74246
6.5705 1320.90234
6.5761 1322.16000
6.5818 1321.30571
6.5874 1317.85910
6.5930 1316.44793
6.5987 1317.24480
6.6043 1316.08312
6.6100 1315.36324
6.6156 1316.09273
6.6212 1320.15363
6.6269 1326.60480
6.6325 1331.76000
6.6382 1336.53117
6.6438 1344.64324
6.6494 1357.92961
6.6551 1374.31676
6.6607 1396.10883
6.6663 1424.08324
6.6720 1466.41910
6.6776 1530.46090
6.6833 1618.86715
6.6889 1749.34078
6.6946 1937.76972
6.7002 2200.79039
6.7058 2583.53273
6.7115 3098.79375
6.7171 3739.46860
6.7228 4433.63532
6.7284 5109.84000
6.7340 5587.33406
6.7397 5715.83016
6.7453 5456.47641
6.7509 4842.46078
6.7566 4059.82078
6.7622 3273.66703
6.7679 2641.82390
6.7735 2185.98727
6.7792 1881.12000
6.7848 1687.25766
6.7904 1567.45910
6.7961 1488.27844
6.8017 1435.32468
6.8073 1397.83676
6.8130 1368.91207
6.8186 1348.96312
6.8243 1336.33922
6.8299 1326.82559
6.8355 1315.71844
6.8412 1303.53598
6.8468 1295.66402
6.8525 1289.35688
6.8581 1284.38402
6.8637 1280.88961
6.8694 1278.44156
6.8750 1276.39676
6.8807 1275.93598
6.8863 1273.66078
6.8919 1271.74078
6.8976 1270.06090
6.9032 1268.58234
6.9089 1265.95195
6.9145 1264.34871
6.9201 1265.99039
6.9258 1265.60637
6.9314 1261.83351
6.9371 1261.35363
6.9427 1262.26559
6.9483 1259.43363
6.9540 1255.02715
6.9596 1254.95039
6.9653 1252.38715
6.9709 1247.52961
6.9765 1246.34883
6.9822 1246.32000
6.9878 1246.44480
6.9935 1242.31688
6.9991 1237.53610
7.0047 1237.44000
7.0104 1235.15520
7.0160 1233.13922
7.0216 1230.31676
7.0273 1226.45754
7.0329 1224.21129
7.0386 1223.13598
7.0442 1223.42402
7.0498 1223.00156
7.0555 1219.36312
7.0611 1219.59351
7.0668 1222.78078
7.0724 1224.52805
7.0781 1222.50246
7.0837 1221.43688
7.0893 1220.96637
7.0950 1219.26715
7.1006 1222.08961
7.1062 1227.30234
7.1119 1231.38246
7.1175 1235.41441
7.1232 1241.23207
7.1288 1247.90402
7.1344 1251.84000
7.1401 1250.00649
7.1457 1241.49129
7.1514 1233.28324
7.1570 1226.87039
7.1627 1222.61766
7.1683 1217.77922
7.1739 1210.65610
7.1796 1208.25598
7.1852 1210.15676
7.1908 1208.41922
7.1965 1205.22234
7.2021 1203.52312
7.2078 1203.41754
7.2134 1203.60961
7.2190 1202.62078
7.2247 1200.64312
7.2303 1201.60324
7.2360 1202.61117
7.2416 1201.39195
7.2472 1202.53441
7.2529 1201.87207
7.2585 1200.53766
7.2642 1198.19520
7.2698 1197.18715
7.2754 1198.85766
7.2811 1198.42559
7.2867 1197.72480
7.2924 1196.16949
7.2980 1196.86078
7.3036 1197.96480
7.3093 1196.16000
7.3149 1193.36649
7.3206 1193.47195
7.3262 1193.52000
7.3318 1193.32793
7.3375 1194.78727
7.3431 1194.97922
7.3488 1194.06715
7.3544 1195.45922
7.3600 1198.26246
7.3657 1199.23195
7.3713 1200.81598
7.3770 1203.51351
7.3826 1205.08805
7.3882 1205.93285
7.3939 1205.13598
7.3995 1204.20480
7.4052 1200.65273
7.4108 1198.12793
7.4164 1196.21766
7.4221 1194.06715
7.4277 1192.65598
7.4334 1190.26571
7.4390 1190.30402
7.4446 1190.21754
7.4503 1191.12000
7.4559 1191.18727
7.4616 1188.62402
7.4672 1187.42402
7.4728 1186.90559
7.4785 1187.04961
7.4841 1190.04480
7.4897 1192.06078
7.4954 1193.18402
7.5010 1195.34402
7.5067 1198.26246
7.5123 1202.37117
7.5180 1207.63195
7.5236 1214.12156
7.5292 1222.12793
7.5349 1228.63676
7.5405 1234.72324
7.5462 1241.76000
7.5518 1241.89441
7.5574 1241.28000
7.5631 1238.38090
7.5687 1233.47520
7.5743 1226.87039
7.5800 1221.12961
7.5856 1217.38559
7.5913 1213.02715
7.5969 1208.80324
7.6026 1205.82727
7.6082 1203.86883
7.6138 1200.52805
7.6195 1197.82078
7.6251 1198.24324
7.6308 1199.18402
7.6364 1200.16324
7.6420 1199.26078
7.6477 1197.39844
7.6533 1201.53598
7.6589 1210.71363
7.6646 1212.42246
7.6702 1215.50402
7.6759 1226.74559
7.6815 1238.63039
7.6871 1254.61441
7.6928 1279.88156
7.6984 1314.16312
7.7041 1354.21441
7.7097 1402.30078
7.7153 1455.84961
7.7210 1499.33766
7.7266 1528.54078
7.7323 1535.60637
7.7379 1519.25754
7.7435 1487.73129
7.7492 1443.40805
7.7548 1397.84637
7.7605 1357.04637
7.7661 1321.05598
7.7717 1287.22559
7.7774 1262.65910
7.7830 1244.36168
7.7887 1229.06883
7.7943 1215.45610
7.7999 1207.16156
7.8056 1200.95039
7.8112 1195.41117
7.8169 1193.76961
7.8225 1192.93441
7.8281 1191.60000
7.8338 1191.91676
7.8394 1193.86559
7.8451 1197.86871
7.8507 1203.61922
7.8563 1208.71688
7.8620 1215.09117
7.8676 1223.82715
7.8733 1229.59688
7.8789 1233.84000
7.8845 1240.69441
7.8902 1241.45273
7.8958 1240.10883
7.9015 1237.00805
7.9071 1231.82390
7.9127 1223.30871
7.9184 1212.16324
7.9240 1202.41922
7.9296 1195.96805
7.9353 1188.72961
7.9409 1184.85117
7.9466 1179.61922
7.9522 1175.23195
7.9578 1176.37441
7.9635 1175.04961
7.9691 1173.64805
7.9748 1175.06883
7.9804 1176.39363
7.9861 1176.64312
7.9917 1181.80805
7.9973 1189.44961
8.0030 1197.31195
8.0086 1206.97922
8.0142 1219.96805
8.0199 1239.36000
8.0255 1267.23844
8.0312 1306.11844
8.0368 1358.38090
8.0424 1426.34883
8.0481 1510.46402
8.0537 1612.71351
8.0594 1716.53754
8.0650 1816.89610
8.0707 1896.50883
8.0763 1950.79676
8.0819 1973.72156
8.0876 1971.06234
8.0932 1956.87351
8.0988 1941.68637
8.1045 1929.30246
8.1101 1920.25910
8.1158 1920.34559
8.1214 1930.61766
8.1270 1943.45285
8.1327 1948.86727
8.1383 1931.66402
8.1440 1881.16805
8.1496 1798.19520
8.1552 1697.77922
8.1609 1597.62246
8.1665 1511.05922
8.1722 1444.05117
8.1778 1396.01285
8.1834 1357.96793
8.1891 1327.33441
8.1947 1306.29129
8.2004 1292.70727
8.2060 1288.03195
8.2116 1292.08312
8.2173 1303.32480
8.2229 1318.93441
8.2286 1340.80324
8.2342 1366.83844
8.2398 1394.84156
8.2455 1423.11351
8.2511 1445.49117
8.2568 1457.76961
8.2624 1452.33610
8.2680 1426.72324
8.2737 1384.13766
8.2793 1333.32480
8.2850 1283.83676
8.2906 1243.31520
8.2962 1212.57598
8.3019 1191.79195
8.3075 1175.50078
8.3132 1166.69754
8.3188 1157.83676
8.3244 1148.10246
8.3301 1144.16649
8.3357 1144.26234
8.3413 1141.19039
8.3470 1138.32000
8.3526 1136.42871
8.3583 1135.17117
8.3639 1134.83520
8.3695 1132.25285
8.3752 1128.46078
8.3808 1125.31195
8.3865 1125.21598
8.3921 1127.17441
8.3977 1128.33598
8.4034 1128.77754
8.4090 1126.80961
8.4147 1123.15195
8.4203 1123.29598
8.4260 1123.01766
8.4316 1123.70871
8.4372 1123.97754
8.4429 1125.22559
8.4485 1127.44324
8.4542 1126.91520
8.4598 1125.17766
8.4654 1124.02571
8.4711 1122.85429
8.4767 1122.12480
8.4824 1123.69910
8.4880 1127.00156
8.4936 1130.62078
8.4993 1135.37285
8.5049 1139.35688
8.5105 1144.26234
8.5162 1148.54402
8.5218 1153.58402
8.5275 1158.77754
8.5331 1162.05117
8.5387 1165.79520
8.5444 1167.31195
8.5500 1166.85117
8.5557 1166.31363
8.5613 1168.76168
8.5669 1174.62715
8.5726 1182.07688
8.5782 1193.90390
8.5839 1210.85754
8.5895 1234.12805
8.5951 1267.11363
8.6008 1313.76000
8.6064 1380.99844
8.6121 1481.81766
8.6177 1626.65285
8.6233 1827.92649
8.6290 2099.07820
8.6346 2428.59844
8.6403 2809.20961
8.6459 3192.62390
8.6515 3520.79039
8.6572 3743.30883
8.6628 3838.26234
8.6685 3829.59375
8.6741 3766.79039
8.6797 3686.51532
8.6854 3598.45429
8.6910 3483.32156
8.6967 3305.12649
8.7023 3052.69429
8.7079 2726.09273
8.7136 2387.63508
8.7192 2066.96649
8.7248 1801.76637
8.7305 1590.72961
8.7361 1446.20156
8.7418 1345.52637
8.7474 1277.05922
8.7530 1229.36649
8.7587 1199.61610
8.7643 1179.49441
8.7700 1162.23363
8.7756 1149.14871
8.7813 1140.06715
8.7869 1133.40480
8.7925 1131.49441
8.7982 1129.41129
8.8038 1124.78402
8.8095 1120.47363
8.8151 1118.09285
8.8207 1117.23844
8.8264 1115.92324
8.8320 1114.99207
8.8377 1116.17285
8.8433 1116.44168
8.8489 1114.97285
8.8546 1113.09117
8.8602 1113.70559
8.8659 1115.62559
8.8715 1115.60637
8.8771 1117.42078
8.8828 1121.60637
8.8884 1123.23844
8.8940 1121.69273
8.8997 1122.42246
8.9053 1124.45754
8.9110 1128.12480
8.9166 1132.85766
8.9222 1136.81285
8.9279 1139.99039
8.9335 1145.50078
8.9392 1152.45117
8.9448 1159.62234
8.9504 1167.10078
8.9561 1178.61117
8.9617 1192.98234
8.9674 1212.49922
8.9730 1237.92000
8.9786 1272.33610
8.9843 1319.58727
8.9899 1376.49610
8.9956 1437.30234
9.0012 1501.21922
9.0068 1565.47195
9.0125 1617.47520
9.0181 1645.33441
9.0238 1657.66078
9.0294 1657.42078
9.0350 1651.88168
9.0407 1652.02559
9.0463 1662.19195
9.0520 1681.55520
9.0576 1712.06402
9.0632 1766.17922
9.0689 1845.21598
9.0745 1958.60156
9.0802 2112.72938
9.0858 2324.91820
9.0914 2564.68805
9.0971 2818.18571
9.1027 3046.35844
9.1084 3201.72468
9.1140 3257.77922
9.1196 3216.34547
9.1253 3084.24961
9.1309 2879.53922
9.1365 2642.34234
9.1422 2384.00649
9.1478 2140.40625
9.1535 1910.76480
9.1591 1720.00312
9.1648 1566.46078
9.1704 1451.95195
9.1760 1365.38871
9.1817 1306.20480
9.1873 1261.11363
9.1930 1229.98078
9.1986 1204.39688
9.2042 1183.61273
9.2099 1169.20312
9.2155 1157.86559
9.2212 1149.38883
9.2268 1141.89129
9.2324 1136.07363
9.2381 1132.37754
9.2437 1127.33754
9.2493 1123.12312
9.2550 1121.38559
9.2606 1120.19520
9.2663 1117.27688
9.2719 1114.40649
9.2775 1111.44961
9.2832 1108.04156
9.2888 1106.78402
9.2945 1106.83207
9.3001 1107.16805
9.3057 1106.17922
9.3114 1102.54090
9.3170 1101.97441
9.3227 1102.43520
9.3283 1101.51363
9.3340 1102.32000
9.3396 1104.36480
9.3452 1104.11520
9.3509 1105.83351
9.3565 1110.42234
9.3621 1112.35195
9.3678 1117.46871
9.3734 1124.60168
9.3791 1130.98559
9.3847 1140.71039
9.3903 1157.13610
9.3960 1174.62715
9.4016 1192.21429
9.4073 1212.60480
9.4129 1233.97441
9.4185 1254.59520
9.4242 1268.22715
9.4298 1277.63520
9.4355 1280.23688
9.4411 1275.09117
9.4467 1265.69273
9.4524 1250.16000
9.4580 1231.89129
9.4637 1211.94234
9.4693 1192.29117
9.4749 1173.52312
9.4806 1155.82078
9.4862 1141.45922
9.4919 1131.45598
9.4975 1121.70234
9.5031 1111.28649
9.5088 1104.40312
9.5144 1099.88156
9.5201 1097.62559
9.5257 1097.56805
9.5313 1096.73273
9.5370 1095.97429
9.5426 1094.39039
9.5483 1093.10390
9.5539 1091.99039
9.5595 1089.84000
9.5652 1087.52649
9.5708 1087.32480
9.5765 1083.87844
9.5821 1079.93285
9.5877 1078.91520
9.5934 1075.64168
9.5990 1071.50402
9.6046 1069.26715
9.6103 1067.69285
9.6159 1067.44324
9.6216 1068.24949
9.6272 1067.96156
9.6328 1067.07832
9.6385 1068.03844
9.6441 1070.67844
9.6498 1070.79351
9.6554 1068.87363
9.6610 1066.74234
9.6667 1066.63688
9.6723 1067.67351
9.6780 1070.58246
9.6836 1072.68480
9.6892 1074.56637
9.6949 1077.09129
9.7005 1079.09766
9.7062 1082.22727
9.7118 1087.42078
9.7175 1093.14234
9.7231 1100.28480
9.7287 1110.31676
9.7344 1121.99039
9.7400 1137.83039
9.7457 1155.37922
9.7513 1179.36000
9.7569 1214.45754
9.7626 1264.71363
9.7682 1329.61922
9.7738 1419.03363
9.7795 1525.77598
9.7851 1647.55195
9.7908 1769.16480
9.7964 1887.79195
9.8020 1977.26390
9.8077 2034.51844
9.8133 2063.81766
9.8190 2084.94703
9.8246 2112.76805
9.8302 2162.59219
9.8359 2238.37429
9.8415 2328.64312
9.8472 2410.49297
9.8528 2473.24781
9.8584 2499.94571
9.8641 2474.65922
9.8697 2400.91219
9.8754 2287.98727
9.8810 2151.63844
9.8866 2011.85273
9.8923 1875.89754
9.8979 1751.46234
9.9036 1648.86715
9.9092 1564.80961
9.9148 1496.00637
9.9205 1437.43676
9.9261 1388.95688
9.9318 1351.68961
9.9374 1324.12805
9.9430 1300.52156
9.9487 1276.78078
9.9543 1253.25117
9.9600 1234.75207
9.9656 1218.66246
9.9712 1202.64961
9.9769 1187.21285
9.9825 1172.12156
9.9881 1158.58559
9.9938 1147.72793
9.9994 1140.29754
10.0051 1133.65441
10.0107 1126.38727
10.0164 1119.61922
10.0220 1115.76000
10.0276 1114.01273
10.0333 1111.09441
10.0389 1107.42727
10.0446 1103.98078
10.0502 1101.97441
10.0558 1099.60312
10.0615 1096.50234
10.0671 1094.53441
10.0728 1092.10559
10.0784 1089.82078
10.0840 1086.47039
10.0897 1082.26559
10.0953 1080.03844
10.1009 1077.41766
10.1066 1076.95676
10.1122 1077.37922
10.1179 1077.07207
10.1235 1076.55363
10.1291 1078.75207
10.1348 1083.40805
10.1404 1090.91520
10.1461 1101.12000
10.1517 1110.59520
10.1573 1124.20793
10.1630 1147.09441
10.1686 1174.96324
10.1743 1205.30883
10.1799 1243.41117
10.1855 1287.37922
10.1912 1340.12156
10.1968 1395.87844
10.2025 1457.08793
10.2081 1523.21285
10.2137 1590.92156
10.2194 1663.51688
10.2250 1752.03844
10.2307 1859.06883
10.2363 1990.16649
10.2419 2145.68649
10.2476 2335.15195
10.2532 2541.25453
10.2589 2775.97429
10.2645 3019.46860
10.2701 3292.21429
10.2758 3577.15219
10.2814 3889.42055
10.2871 4198.50234
10.2927 4478.60156
10.2983 4667.27062
10.3040 4725.00468
10.3096 4595.17453
10.3153 4279.63219
10.3209 3852.69094
10.3265 3351.04312
10.3322 2857.90078
10.3378 2406.53766
10.3435 2052.80649
10.3491 1776.11520
10.3547 1576.31039
10.3604 1431.97441
10.3660 1330.90571
10.3717 1259.80793
10.3773 1213.62234
10.3829 1180.66559
10.3886 1155.86883
10.3942 1136.84156
10.3999 1124.09285
10.4055 1114.82883
10.4111 1108.23363
10.4168 1103.29922
10.4224 1098.60480
10.4281 1095.23520
10.4337 1093.50727
10.4393 1092.49922
10.4450 1091.76000
10.4506 1089.65754
10.4563 1090.79039
10.4619 1094.64961
10.4675 1100.16000
10.4732 1105.54559
10.4788 1114.39688
10.4845 1126.53117
10.4901 1139.05922
10.4957 1158.20156
10.5014 1183.77610
10.5070 1207.97754
10.5126 1235.42402
10.5183 1267.20949
10.5239 1301.77922
10.5296 1336.67520
10.5352 1377.10078
10.5408 1427.24156
10.5465 1490.71676
10.5521 1556.26559
10.5578 1626.01922
10.5634 1689.37922
10.5690 1738.84805
10.5747 1756.73273
10.5803 1738.44480
10.5860 1685.57766
10.5916 1605.94559
10.5972 1515.45610
10.6029 1418.77441
10.6085 1333.32480
10.6142 1263.57129
10.6198 1208.43844
10.6254 1168.32961
10.6311 1136.27520
10.6367 1112.12156
10.6424 1097.19363
10.6480 1085.97117
10.6536 1076.06402
10.6593 1069.07520
10.6649 1063.07520
10.6706 1059.35039
10.6762 1058.00637
10.6818 1054.61754
10.6875 1053.05285
10.6931 1051.19039
10.6988 1047.38883
10.7044 1043.10727
10.7100 1038.40324
10.7157 1035.55195
10.7213 1033.82402
10.7270 1032.94078
10.7326 1031.06883
10.7382 1031.00156
10.7439 1030.97285
10.7495 1029.12961
10.7552 1025.56805
10.7608 1024.13766
10.7664 1024.03195
10.7721 1025.46234
10.7777 1026.76805
10.7834 1026.27832
10.7890 1025.24168
10.7946 1025.09766
10.8003 1026.69129
10.8059 1028.27520
10.8116 1028.31351
10.8172 1029.84961
10.8228 1031.01117
10.8285 1029.55207
10.8341 1028.54402
10.8398 1026.66246
10.8454 1024.50246
10.8510 1023.59039
10.8567 1023.62883
10.8623 1022.52480
10.8680 1021.30571
10.8736 1020.10559
10.8792 1019.53910
10.8849 1021.03688
10.8905 1021.36324
10.8962 1023.09117
10.9018 1026.76805
10.9074 1029.88805
10.9131 1035.89754
10.9187 1047.94559
10.9244 1061.76000
10.9300 1080.37441
10.9356 1105.68000
10.9413 1144.40649
10.9469 1195.92000
10.9525 1260.87363
10.9582 1336.39676
10.9638 1424.52480
10.9695 1508.69766
10.9751 1580.00649
10.9807 1619.23195
10.9864 1620.11520
10.9920 1587.07207
10.9977 1526.91844
11.0033 1451.83688
11.0089 1371.10090
11.0146 1296.41285
11.0202 1232.12156
11.0259 1179.86883
11.0315 1139.68324
11.0371 1111.95844
11.0428 1089.63844
11.0484 1074.46078
11.0541 1063.20000
11.0597 1056.07676
11.0653 1050.62402
11.0710 1046.51520
11.0766 1045.42078
11.0823 1046.20805
11.0879 1046.26559
11.0935 1045.67039
11.0992 1046.92793
11.1048 1051.96805
11.1105 1058.32312
11.1161 1063.68961
11.1217 1071.49441
11.1274 1079.67363
11.1330 1088.69766
11.1387 1098.94078
11.1443 1109.28961
11.1499 1121.54883
11.1556 1133.98078
11.1612 1144.38727
11.1669 1157.21285
11.1725 1172.28480
11.1781 1187.57754
11.1838 1202.94715
11.1894 1221.71520
11.1951 1243.78559
11.2007 1267.59363
11.2063 1300.92480
11.2120 1340.21754
11.2176 1379.76961
11.2233 1423.80480
11.2289 1471.51676
11.2345 1517.21285
11.2402 1561.15195
11.2458 1605.41754
11.2515 1646.90883
11.2571 1692.56637
11.2627 1745.27039
11.2684 1804.48324
11.2740 1870.97285
11.2797 1952.32312
11.2853 2045.86547
11.2909 2133.30234
11.2966 2201.99039
11.3022 2251.18078
11.3079 2280.37453
11.3135 2290.66571
11.3191 2294.26547
11.3248 2301.92649
11.3304 2299.16156
11.3361 2280.49922
11.3417 2235.73453
11.3473 2159.97117
11.3530 2060.68805
11.3586 1933.72805
11.3642 1795.68000
11.3699 1651.82390
11.3755 1520.77429
11.3812 1406.74559
11.3868 1317.67688
11.3924 1246.11844
11.3981 1191.61910
11.4037 1153.03676
11.4094 1124.63039
11.4150 1103.20324
11.4206 1084.96324
11.4263 1070.39039
11.4319 1060.85754
11.4376 1053.15844
11.4432 1045.44961
11.4488 1039.16168
11.4545 1035.77285
11.4601 1032.02883
11.4658 1029.62883
11.4714 1029.05285
11.4770 1027.76637
11.4827 1024.65598
11.4883 1023.84000
11.4940 1023.63844
11.4996 1021.67039
11.5052 1018.61754
11.5109 1016.33285
11.5165 1017.25441
11.5222 1017.92649
11.5278 1016.80324
11.5334 1016.88000
11.5391 1015.22883
11.5447 1015.58390
11.5504 1017.62883
11.5560 1019.99039
11.5616 1022.55363
11.5673 1025.85610
11.5729 1028.69766
11.5786 1032.30715
11.5842 1038.48000
11.5898 1048.60805
11.5955 1058.28480
11.6011 1071.84000
11.6068 1091.29922
11.6124 1113.20637
11.6180 1139.17441
11.6237 1175.52000
11.6293 1225.59351
11.6350 1286.51520
11.6406 1359.22571
11.6462 1443.83051
11.6519 1539.30246
11.6575 1642.08961
11.6632 1749.86883
11.6688 1851.71520
11.6744 1938.63351
11.6801 1995.81117
11.6857 2016.47039
11.6914 2000.53429
11.6970 1938.20156
11.7026 1844.45754
11.7083 1729.43039
11.7139 1607.01117
11.7196 1491.23520
11.7252 1389.19676
11.7308 1303.31520
11.7365 1238.43844
11.7421 1189.11363
11.7478 1151.72156
11.7534 1125.53285
11.7590 1106.01598
11.7647 1092.20156
11.7703 1085.83688
11.7760 1081.97766
11.7816 1080.63351
11.7872 1082.43844
11.7929 1090.70402
11.7985 1100.87039
11.8041 1113.80156
11.8098 1128.98883
11.8154 1149.51363
11.8211 1174.81922
11.8267 1206.46078
11.8323 1241.35676
11.8380 1279.44000
11.8436 1320.46090
11.8493 1363.69910
11.8549 1407.26390
11.8605 1452.75844
11.8662 1495.42078
11.8718 1534.31039
11.8775 1569.59039
11.8831 1597.55520
11.8887 1618.09922
11.8944 1633.33441
11.9000 1644.55688
11.9057 1653.95520
11.9113 1657.44000
11.9169 1657.42078
11.9226 1658.14078
11.9282 1660.92480
11.9339 1664.87051
11.9395 1663.10390
11.9451 1653.07207
11.9508 1635.48480
11.9564 1611.08156
11.9621 1576.33922
11.9677 1533.78234
11.9733 1484.91844
11.9790 1425.26402
11.9846 1364.93766
11.9903 1306.79039
11.9959 1255.54559
12.0015 1212.48961
12.0072 1173.97441
12.0128 1140.48961
12.0185 1111.80480
12.0241 1088.48637
12.0297 1069.62234
12.0354 1054.65598
12.0410 1044.41273
12.0467 1034.42883
12.0523 1025.23195
12.0579 1018.37754
12.0636 1011.94571
12.0692 1007.46246
12.0749 1004.80312
12.0805 1003.70871
12.0861 1001.57766
12.0918 998.28480
12.0974 996.00961
12.1031 994.21441
12.1087 993.92637
12.1143 994.35832
12.1200 994.31039
12.1256 994.38727
12.1313 994.55039
12.1369 994.67532
12.1425 994.47363
12.1482 995.77910
12.1538 997.37285
12.1595 1000.70402
12.1651 1005.10078
12.1707 1009.50727
12.1764 1015.02715
12.1820 1024.17598
12.1877 1036.58883
12.1933 1053.29285
12.1989 1074.48000
12.2046 1098.72961
12.2102 1125.13922
12.2158 1157.43363
12.2215 1193.51039
12.2271 1227.66727
12.2328 1259.17441
12.2384 1286.62078
12.2440 1309.49766
12.2497 1324.39688
12.2553 1332.83520
12.2610 1336.47363
12.2666 1338.47039
12.2722 1343.80793
12.2779 1354.16649
12.2835 1370.94715
12.2892 1393.40156
12.2948 1424.88961
12.3004 1460.19832
12.3061 1496.22727
12.3117 1523.17441
12.3174 1535.19351
12.3230 1527.14883
12.3286 1499.09766
12.3343 1456.25273
12.3399 1402.20480
12.3456 1344.88324
12.3512 1287.70559
12.3568 1239.60961
12.3625 1208.46727
12.3681 1189.31520
12.3738 1177.38234
12.3794 1176.37441
12.3850 1185.74402
12.3907 1202.20805
12.3963 1225.07520
12.4020 1255.56480
12.4076 1284.50883
12.4132 1312.41598
12.4189 1339.56480
12.4245 1361.74078
12.4302 1377.04324
12.4358 1390.08000
12.4414 1396.92480
12.4471 1400.90883
12.4527 1400.43832
12.4584 1404.01922
12.4640 1416.67207
12.4696 1429.88156
12.4753 1449.66715
12.4809 1480.36805
12.4866 1517.72168
12.4922 1566.47039
12.4978 1621.51676
12.5035 1673.99039
12.5091 1722.39363
12.5148 1765.60312
12.5204 1799.95207
12.5260 1824.54727
12.5317 1838.52480
12.5373 1843.12312
12.5430 1836.81598
12.5486 1826.98559
12.5542 1805.33766
12.5599 1773.21598
12.5655 1734.61441
12.5712 1685.96156
12.5768 1629.60961
12.5824 1564.57922
12.5881 1499.77922
12.5937 1441.16156
12.5994 1380.97910
12.6050 1327.16156
12.6106 1280.32324
12.6163 1236.01922
12.6219 1195.63207
12.6276 1162.17598
12.6332 1134.74871
12.6388 1109.28000
12.6445 1088.44805
12.6501 1070.20793
12.6557 1052.90871
12.6614 1041.62871
12.6670 1034.67844
12.6727 1026.33598
12.6783 1020.11520
12.6839 1012.64637
12.6896 1007.57754
12.6952 1004.03520
12.7009 1001.65441
12.7065 1000.41598
12.7121 997.77598
12.7178 997.72793
12.7234 997.34402
12.7291 995.27039
12.7347 992.76480
12.7403 992.01598
12.7460 995.01129
12.7516 996.71039
12.7573 997.95844
12.7629 999.11039
12.7685 1000.23363
12.7742 1003.24805
12.7798 1007.44324
12.7855 1010.91844
12.7911 1014.00961
12.7967 1016.64961
12.8024 1018.71351
12.8080 1020.38390
12.8137 1024.31039
12.8193 1029.17754
12.8249 1035.14883
12.8306 1041.82078
12.8362 1048.09922
12.8419 1057.48793
12.8475 1070.70715
12.8531 1088.32312
12.8588 1109.08805
12.8644 1133.42402
12.8701 1166.96637
12.8757 1210.78078
12.8813 1263.45598
12.8870 1326.96961
12.8926 1404.31676
12.8983 1492.25285
12.9039 1579.97766
12.9095 1671.22559
12.9152 1755.31195
12.9208 1822.10883
12.9265 1858.12793
12.9321 1852.92480
12.9377 1814.35207
12.9434 1747.97754
12.9490 1661.40480
12.9547 1565.31844
12.9603 1461.24480
12.9659 1366.27195
12.9716 1287.65766
12.9772 1222.32961
12.9829 1170.18246
12.9885 1130.56324
12.9941 1101.91676
12.9998 1082.84156
13.0054 1069.16168
13.0111 1060.06090
13.0167 1056.00961
13.0223 1056.01922
13.0280 1055.92324
13.0336 1057.75676
13.0393 1063.05598
13.0449 1068.72000
13.0505 1081.67039
13.0562 1092.36480
13.0618 1101.34078
13.0674 1114.17598
13.0731 1128.54727
13.0787 1139.74078
13.0844 1150.69441
13.0900 1163.29922
13.0956 1174.52156
13.1013 1186.60805
13.1069 1201.50715
13.1126 1218.94078
13.1182 1236.70078
13.1238 1251.37922
13.1295 1260.09598
13.1351 1263.18715
13.1408 1258.99195
13.1464 1246.15676
13.1520 1224.69117
13.1577 1192.82883
13.1633 1158.42234
13.1690 1124.13117
13.1746 1094.72637
13.1802 1070.52480
13.1859 1052.31363
13.1915 1036.69441
13.1972 1022.46727
13.2028 1012.13754
13.2084 1003.87195
13.2141 998.78402
13.2197 996.50883
13.2254 993.78234
13.2310 990.96000
13.2366 991.07520
13.2423 990.02883
13.2479 988.20480
13.2536 989.02090
13.2592 991.80480
13.2648 991.59363
13.2705 989.52000
13.2761 988.81922
13.2818 989.28000
13.2874 987.29273
13.2930 987.18715
13.2987 990.01922
13.3043 990.16324
13.3100 988.93441
13.3156 989.16480
13.3212 992.41922
13.3269 993.62883
13.3325 994.08949
13.3382 995.76961
13.3438 998.80324
13.3494 1000.86715
13.3551 1002.00000
13.3607 1004.31363
13.3664 1007.11676
13.3720 1008.35520
13.3776 1009.30559
13.3833 1010.36156
13.3889 1011.32156
13.3946 1012.05117
13.4002 1015.44961
13.4058 1017.63844
13.4115 1021.72793
13.4171 1030.73285
13.4228 1039.74727
13.4284 1054.19520
13.4340 1071.37922
13.4397 1091.23207
13.4453 1117.77598
13.4510 1151.43351
13.4566 1191.49441
13.4622 1238.64961
13.4679 1295.29922
13.4735 1362.80637
13.4792 1432.94402
13.4848 1506.33598
13.4904 1580.36156
13.4961 1651.49754
13.5017 1707.63844
13.5073 1738.75207
13.5130 1737.92649
13.5186 1714.38727
13.5243 1665.10078
13.5299 1595.07844
13.5355 1511.69273
13.5412 1430.33285
13.5468 1354.71363
13.5525 1287.46559
13.5581 1228.85766
13.5637 1181.35676
13.5694 1146.48000
13.5750 1116.61441
13.5807 1093.46883
13.5863 1074.49922
13.5919 1062.49922
13.5976 1057.55520
13.6032 1053.27363
13.6089 1049.76000
13.6145 1052.20805
13.6201 1059.71520
13.6258 1068.61441
13.6314 1079.76961
13.6371 1098.54727
13.6427 1122.52793
13.6483 1146.28793
13.6540 1176.17285
13.6596 1212.91207
13.6653 1248.35520
13.6709 1284.55688
13.6765 1322.05441
13.6822 1353.55207
13.6878 1376.66883
13.6935 1391.04961
13.6991 1397.03039
13.7047 1391.06883
13.7104 1369.39207
13.7160 1339.33441
13.7217 1308.30727
13.7273 1270.93441
13.7329 1234.68480
13.7386 1202.20805
13.7442 1172.83195
13.7499 1153.79520
13.7555 1140.12480
13.7611 1131.75363
13.7668 1127.27039
13.7724 1128.32649
13.7781 1128.82571
13.7837 1128.20156
13.7893 1126.76156
13.7950 1120.61766
13.8006 1106.24649
13.8063 1092.74883
13.8119 1077.49441
13.8175 1059.68637
13.8232 1041.92637
13.8288 1026.43207
13.8345 1013.59676
13.8401 1002.92168
13.8457 993.69598
13.8514 986.45754
13.8570 981.60967
13.8627 977.28961
13.8683 975.74396
13.8739 973.72799
13.8796 971.59676
13.8852 970.63682
13.8909 967.84318
13.8965 968.92799
13.9021 969.27363
13.9078 969.06234
13.9134 972.77754
13.9190 975.24480
13.9247 975.69604
13.9303 975.91676
13.9360 979.66084
13.9416 983.52961
13.9472 985.37285
13.9529 990.63351
13.9585 996.42246
13.9642 1003.45922
13.9698 1008.11520
13.9754 1013.29922
13.9811 1020.18246
13.9867 1030.37766
13.9924 1036.16637
13.9980 1040.25610
14.0036 1049.52961
14.0093 1061.62559
14.0149 1073.32793
14.0206 1086.22078
14.0262 1101.68649
14.0318 1119.75351
14.0375 1143.82078
14.0431 1168.59844
14.0488 1188.41285
14.0544 1209.25441
14.0600 1221.89754
14.0657 1225.53598
14.0713 1222.96324
14.0770 1212.10559
14.0826 1196.28480
14.0882 1178.54402
14.0939 1156.82871
14.0995 1134.27844
14.1052 1120.31039
14.1108 1112.59195
14.1164 1109.02090
14.1221 1114.79039
14.1277 1122.61441
14.1334 1134.22090
14.1390 1150.55039
14.1446 1169.50078
14.1503 1186.52156
14.1559 1199.28961
14.1616 1212.59520
14.1672 1222.81922
14.1728 1229.34727
14.1785 1227.58078
14.1841 1220.48637
14.1898 1209.47520
14.1954 1195.96805
14.2010 1182.94078
14.2067 1171.28649
14.2123 1154.21754
14.2180 1140.18246
14.2236 1133.07844
14.2292 1126.53117
14.2349 1119.80168
14.2405 1119.12961
14.2462 1125.57117
14.2518 1130.36156
14.2574 1135.28637
14.2631 1143.25441
14.2687 1149.81129
14.2744 1151.52961
14.2800 1149.33117
14.2856 1144.07039
14.2913 1133.41441
14.2969 1118.56312
14.3026 1104.27844
14.3082 1085.34727
14.3138 1065.37922
14.3195 1049.08805
14.3251 1032.91207
14.3308 1015.06571
14.3364 997.84324
14.3420 984.37441
14.3477 974.71676
14.3533 965.38559
14.3589 959.56131
14.3646 956.33379
14.3702 952.03008
14.3759 949.82016
14.3815 947.36543
14.3871 944.05729
14.3928 941.31838
14.3984 943.09535
14.4041 943.12031
14.4097 940.69154
14.4153 939.14303
14.4210 940.58109
14.4266 941.50846
14.4323 939.51838
14.4379 938.43264
14.4435 937.87008
14.4492 938.17055
14.4548 941.55264
14.4605 941.08705
14.4661 938.37697
14.4717 939.76992
14.4774 941.18402
14.4830 941.75039
14.4887 940.05891
14.4943 940.50147
14.4999 942.04512
14.5056 942.84094
14.5112 943.37566
14.5169 943.87869
14.5225 942.67008
14.5281 943.76736
14.5338 944.75139
14.5394 945.39363
14.5451 945.04318
14.5507 944.71582
14.5563 944.77248
14.5620 946.35844
14.5676 946.97279
14.5733 947.54022
14.5789 949.78752
14.5845 952.38527
14.5902 952.63301
14.5958 953.78496
14.6015 958.28256
14.6071 962.71682
14.6127 965.30883
14.6184 970.61760
14.6240 975.73435
14.6297 980.96637
14.6353 986.73598
14.6409 994.88637
14.6466 999.14871
14.6522 1008.01922
14.6579 1015.33441
14.6635 1020.83520
14.6691 1025.99039
14.6748 1031.88480
14.6804 1039.44961
14.6861 1049.06883
14.6917 1060.24312
14.6973 1074.51844
14.7030 1086.00000
14.7086 1098.16312
14.7143 1115.35676
14.7199 1138.38715
14.7255 1163.79844
14.7312 1189.68000
14.7368 1219.14246
14.7425 1252.21429
14.7481 1280.82246
14.7537 1301.40480
14.7594 1318.03195
14.7650 1326.32637
14.7706 1325.09766
14.7763 1317.42727
14.7819 1303.03676
14.7876 1285.50715
14.7932 1266.35520
14.7988 1251.41766
14.8045 1239.65754
14.8101 1230.07676
14.8158 1225.46883
14.8214 1226.21766
14.8270 1227.76324
14.8327 1231.89129
14.8383 1232.48637
14.8440 1225.92000
14.8496 1219.15207
14.8552 1205.44312
14.8609 1180.32961
14.8665 1155.65754
14.8722 1126.47363
14.8778 1095.74402
14.8834 1067.50078
14.8891 1036.74234
14.8947 1009.05598
14.9004 990.31676
14.9060 978.24006
14.9116 965.74084
14.9173 954.63650
14.9229 946.39488
14.9286 941.35869
14.9342 936.08830
14.9398 933.69023
14.9455 932.08131
14.9511 927.84293
14.9568 928.72699
14.9624 930.83619
14.9680 933.03457
14.9737 934.19713
14.9793 931.48225
14.9850 931.24131
14.9906 936.17186
14.9962 942.46271
15.0019 947.99426
15.0075 957.53760
15.0132 968.35201
15.0188 982.51201
15.0244 998.14078
15.0301 1020.89273
15.0357 1044.25922
15.0414 1074.32637
15.0470 1110.25922
15.0526 1149.14871
15.0583 1196.64961
15.0639 1247.51039
15.0696 1291.89129
15.0752 1340.55363
15.0808 1379.48156
15.0865 1403.87520
15.0921 1411.98715
15.0978 1403.10727
15.1034 1383.37922
15.1090 1354.26234
15.1147 1312.97273
15.1203 1262.63039
15.1260 1212.53754
15.1316 1166.88000
15.1372 1122.08649
15.1429 1082.39039
15.1485 1050.87363
15.1542 1022.57273
15.1598 996.28793
15.1654 978.57604
15.1711 966.97916
15.1767 957.46178
15.1824 955.11644
15.1880 957.18140
15.1936 960.30715
15.1993 964.57922
15.2049 970.21441
15.2105 981.03357
15.2162 997.44000
15.2218 1012.46390
15.2275 1027.65117
15.2331 1041.83039
15.2387 1050.76805
15.2444 1059.85922
15.2500 1065.39832
15.2557 1057.44000
15.2613 1045.41117
15.2669 1032.62402
15.2726 1017.18715
15.2782 1002.63363
15.2839 988.56961
15.2895 972.60474
15.2951 961.65117
15.3008 950.72637
15.3064 937.05310
15.3121 927.93504
15.3177 922.28924
15.3233 916.34683
15.3290 910.65117
15.3346 904.58115
15.3403 907.28736
15.3459 907.74621
15.3515 903.95420
15.3572 898.14721
15.3628 892.55139
15.3685 894.37441
15.3741 898.69922
15.3797 898.80961
15.3854 896.71682
15.3910 895.08187
15.3967 895.58690
15.4023 895.13285
15.4079 895.15101
15.4136 895.23170
15.4192 896.39713
15.4249 898.78945
15.4305 896.77535
15.4361 898.55713
15.4418 900.12961
15.4474 901.00131
15.4531 902.29055
15.4587 903.60674
15.4643 910.89410
15.4700 913.55232
15.4756 914.86852
15.4813 920.57086
15.4869 924.80449
15.4925 926.70721
15.4982 924.79588
15.5038 922.45441
15.5095 922.15295
15.5151 922.74334
15.5207 926.64867
15.5264 924.56162
15.5320 925.33061
15.5377 924.09504
15.5433 923.20799
15.5489 922.71164
15.5546 927.79108
15.5602 930.33984
15.5659 932.92705
15.5715 939.36480
15.5771 947.39332
15.5828 955.69154
15.5884 958.58402
15.5941 962.04480
15.5997 972.50883
15.6053 984.86402
15.6110 990.50883
15.6166 996.11520
15.6222 1001.79844
15.6279 1004.81273
15.6335 1009.12324
15.6392 1014.99832
15.6448 1024.48324
15.6504 1033.11351
15.6561 1044.57598
15.6617 1061.16480
15.6674 1074.17273
15.6730 1088.67844
15.6786 1106.73598
15.6843 1125.60000
15.6899 1148.26559
15.6956 1165.34402
15.7012 1183.43039
15.7068 1196.02559
15.7125 1204.20480
15.7181 1207.93922
15.7238 1208.96649
15.7294 1213.48805
15.7350 1219.16168
15.7407 1217.69285
15.7463 1222.47351
15.7520 1235.92324
15.7576 1245.60000
15.7632 1260.25922
15.7689 1287.63844
15.7745 1311.19676
15.7802 1331.58715
15.7858 1355.67363
15.7914 1375.47844
15.7971 1393.00805
15.8027 1417.33441
15.8084 1419.29285
15.8140 1415.54883
15.8196 1406.84156
15.8253 1388.89910
15.8309 1365.34078
15.8366 1329.89766
15.8422 1286.02559
15.8478 1248.00961
15.8535 1217.04000
15.8591 1178.25598
15.8648 1138.72312
15.8704 1104.36480
15.8760 1074.73910
15.8817 1051.61285
15.8873 1027.68000
15.8930 1009.76637
15.8986 993.53273
15.9042 977.77922
15.9099 964.55039
15.9155 955.23644
15.9212 950.40000
15.9268 945.79295
15.9324 942.68924
15.9381 936.87844
15.9437 934.24611
15.9494 930.05086
15.9550 920.70627
15.9606 920.46621
15.9663 927.43869
15.9719 929.99232
15.9776 929.43938
15.9832 926.11201
15.9888 921.72193
15.9945 917.21853
16.0001 920.92131
16.0058 923.76961
16.0114 922.17891
16.0170 920.31264
16.0227 923.78109
16.0283 932.44418
16.0339 943.31520
16.0396 954.87551
16.0452 966.07682
16.0509 976.31033
16.0565 998.47676
16.0621 1013.29922
16.0678 1017.39844
16.0734 1024.00312
16.0791 1032.58559
16.0847 1040.22715
16.0903 1041.44649
16.0960 1035.60961
16.1016 1032.48000
16.1073 1025.78871
16.1129 1013.25117
16.1185 1011.40805
16.1242 1008.77754
16.1298 998.24637
16.1355 991.39195
16.1411 987.12961
16.1467 984.82559
16.1524 980.88000
16.1580 977.50078
16.1637 980.77435
16.1693 989.93285
16.1749 1002.94078
16.1806 1013.66402
16.1862 1021.11363
16.1919 1024.95363
16.1975 1026.57598
16.2031 1044.57598
16.2088 1066.77117
16.2144 1077.77273
16.2201 1088.16961
16.2257 1094.96637
16.2313 1099.27676
16.2370 1096.56961
16.2426 1103.38559
16.2483 1101.08156
16.2539 1092.33610
16.2595 1093.36312
16.2652 1083.99363
16.2708 1072.08961
16.2765 1056.21117
16.2821 1039.98727
16.2877 1025.86559
16.2934 1025.05922
16.2990 1014.98871
16.3047 1007.20324
16.3103 1003.64156
16.3159 989.18402
16.3216 977.30883
16.3272 967.89117
16.3329 960.41279
16.3385 952.01186
16.3441 945.74396
16.3498 929.96350
16.3554 917.23869
16.3611 913.68193
16.3667 906.89279
16.3723 908.73984
16.3780 899.17828
16.3836 888.77566
16.3893 885.91875
16.3949 882.91869
16.4005 876.58565
16.4062 879.71807
16.4118 876.24668
16.4175 876.91101
16.4231 880.54565
16.4287 876.29666
16.4344 873.69504
16.4400 867.06240
16.4457 868.40736
16.4513 872.96736
16.4569 885.39844
16.4626 885.92062
16.4682 884.18977
16.4738 883.08000
16.4795 888.69310
16.4851 895.26914
16.4908 898.40543
16.4964 902.90402
16.5020 914.03232
16.5077 926.10047
16.5133 944.43357
16.5190 966.25922
16.5246 983.18402
16.5302 998.43844
16.5359 1027.05598
16.5415 1057.02727
16.5472 1073.45285
16.5528 1083.98402
16.5584 1093.02715
16.5641 1099.42090
16.5697 1105.38246
16.5754 1110.63351
16.5810 1093.21922
16.5866 1068.33598
16.5923 1047.36000
16.5979 1044.02883
16.6036 1020.41273
16.6092 994.56000
16.6148 980.54396
16.6205 967.24799
16.6261 953.70434
16.6318 937.26334
16.6374 932.40961
16.6430 938.44992
16.6487 944.80412
16.6543 954.00094
16.6600 965.91363
16.6656 978.24006
16.6712 1001.10715
16.6769 1027.40156
16.6825 1059.16793
16.6882 1082.56324
16.6938 1107.71520
16.6994 1132.29117
16.7051 1142.38078
16.7107 1145.61598
16.7164 1155.51363
16.7220 1161.23520
16.7276 1164.77766
16.7333 1159.00793
16.7389 1146.24961
16.7446 1155.10078
16.7502 1148.23676
16.7558 1113.44637
16.7615 1087.35363
16.7671 1059.34078
16.7728 1022.11195
16.7784 992.97610
16.7840 966.95994
16.7897 943.26140
16.7953 919.34883
16.8010 887.13697
16.8066 872.72830
16.8122 851.68705
16.8179 836.65635
16.8235 839.02658
16.8292 832.10789
16.8348 814.29984
16.8404 810.78047
16.8461 804.28605
16.8517 797.40480
16.8574 793.65217
16.8630 790.11744
16.8686 795.69984
16.8743 804.83906
16.8799 794.59775
16.8855 782.03520
16.8912 798.50883
16.8968 800.82428
16.9025 790.93916
16.9081 799.70209
16.9137 805.99775
16.9194 809.10721
16.9250 806.25697
16.9307 819.58752
16.9363 844.55326
16.9419 876.19969
16.9476 913.24992
16.9532 924.14115
16.9589 962.16955
16.9645 1004.56312
16.9701 1013.00156
16.9758 1028.67844
16.9814 1058.82234
16.9871 1050.76805
16.9927 1071.30234
16.9983 1091.65441
17.0040 1099.73766
17.0096 1107.89766
17.0153 1107.65766
17.0209 1076.22727
17.0265 1023.80156
17.0322 1002.34559
17.0378 1006.72324
17.0435 977.20324
17.0491 940.66846
17.0547 922.52549
17.0604 887.69180
17.0660 852.98690
17.0717 829.66078
17.0773 812.80611
17.0829 814.07133
17.0886 828.35326
17.0942 861.61154
17.0999 875.36449
