#Diffraction patterns were obtained by summation of runs:
#run051675.ctxt
#run051676.ctxt
#run051677.ctxt
#run051678.ctxt
#For details see data in separate runs
 0.950     1229  302
 1.000     1229  299
 1.050     1190  293
 1.100     1096  279
 1.150     1142  283
 1.200      961  257
 1.250      975  257
 1.300      993  258
 1.350      974  254
 1.400     1099  268
 1.450     1036  258
 1.500      974  248
 1.550      968  246
 1.600     1012  250
 1.650     1050  253
 1.700      928  236
 1.750      988  242
 1.800      882  227
 1.850      962  236
 1.900     1055  245
 1.950      909  226
 2.000     1026  239
 2.050     1319  269
 2.100     1446  280
 2.150     1360  270
 2.200     1264  259
 2.250     1265  257
 2.300     1319  261
 2.350     1259  254
 2.400     1074  233
 2.450     1056  229
 2.500     1040  226
 2.550     1241  246
 2.600     1279  248
 2.650     1261  245
 2.700     1334  250
 2.750     1356  251
 2.800     1392  253
 2.850     1799  286
 2.900     1984  298
 2.950     2125  307
 3.000     2576  336
 3.050     2837  351
 3.100     2784  346
 3.150     3023  358
 3.200     3458  381
 3.250     3913  403
 3.300     3808  396
 3.350     4084  407
 3.400     4701  435
 3.450     4491  423
 3.500     5117  449
 3.550     5752  473
 3.600     5792  473
 3.650     6356  492
 3.700     6042  478
 3.750     6433  490
 3.800     6674  497
 3.850     7080  509
 3.900     7902  535
 3.950     7803  529
 4.000     7870  529
 4.050     8478  546
 4.100     9152  564
 4.150     8855  552
 4.200     9042  555
 4.250     9770  574
 4.300     9596  567
 4.350     9972  575
 4.400    10452  585
 4.450    10258  577
 4.500    10462  580
 4.550    10813  587
 4.600     9978  561
 4.650    10598  576
 4.700    10353  566
 4.750    10303  562
 4.800    11228  584
 4.850    10653  566
 4.900    10745  566
 4.950    10961  569
 5.000    10615  557
 5.050    10150  543
 5.100    10021  537
 5.150     9824  529
 5.200     9982  531
 5.250    10218  535
 5.300    11076  554
 5.350    10348  533
 5.400    10792  542
 5.450    10333  528
 5.500    10383  527
 5.550    10320  523
 5.600    10057  514
 5.650     9721  503
 5.700    10249  514
 5.750    10635  522
 5.800    10679  521
 5.850    10430  512
 5.900    10189  504
 5.950    10001  497
 6.000    10006  495
 6.050    10298  500
 6.100    10220  496
 6.150    10085  491
 6.200    10659  503
 6.250    10707  502
 6.300    10540  496
 6.350    10414  491
 6.400    10386  488
 6.450    10500  489
 6.500    10434  485
 6.550    10515  485
 6.600    10102  474
 6.650    10314  477
 6.700    10281  474
 6.750    10241  471
 6.800    10259  470
 6.850    10600  476
 6.900    10066  462
 6.950    10253  464
 7.000    10119  459
 7.050    10369  463
 7.100    10388  462
 7.150    10445  461
 7.200    10204  454
 7.250    10061  449
 7.300    10116  449
 7.350    10219  449
 7.400    10382  451
 7.450    10096  443
 7.500     9899  437
 7.550     9677  430
 7.600    10218  441
 7.650    10074  436
 7.700    10529  444
 7.750    10445  441
 7.800    10111  432
 7.850    10248  433
 7.900     9773  421
 7.950     9820  421
 8.000     9797  419
 8.050    10509  432
 8.100    10336  427
 8.150    10300  425
 8.200    10333  424
 8.250    10015  416
 8.300    10325  421
 8.350    10061  414
 8.400     9856  408
 8.450     9999  410
 8.500    10258  413
 8.550    10605  419
 8.600    10331  412
 8.650     9978  404
 8.700     9951  402
 8.750     9932  400
 8.800    10030  400
 8.850    10280  404
 8.900    10115  399
 8.950    10250  401
 9.000    10364  401
 9.050    10298  399
 9.100    10390  399
 9.150    10050  391
 9.200    10061  390
 9.250     9915  386
 9.300    10171  390
 9.350    10289  391
 9.400    10254  389
 9.450    10520  392
 9.500    10399  389
 9.550    10184  383
 9.600    10436  387
 9.650    10196  381
 9.700    10250  381
 9.750    10071  376
 9.800     9992  374
 9.850    10319  378
 9.900    10249  376
 9.950    10285  375
10.000    10231  373
10.050    10143  370
10.100     9833  364
10.150    10072  367
10.200     9836  361
10.250     9778  359
10.300    10201  366
10.350    10258  365
10.400    10360  366
10.450    10125  361
10.500     9965  357
10.550    10054  357
10.600     9885  353
10.650    10068  355
10.700     9884  351
10.750    10219  356
10.800    10259  355
10.850    10321  355
10.900    10531  358
10.950    10285  353
11.000    10044  347
11.050     9930  344
11.100     9983  344
11.150     9903  342
11.200     9850  340
11.250     9850  339
11.300    10008  340
11.350     9805  336
11.400     9678  333
11.450    10087  339
11.500    10239  340
11.550     9994  335
11.600     9730  330
11.650     9901  332
11.700    10288  337
11.750    10052  332
11.800    10039  331
11.850     9792  326
11.900    10201  332
11.950    10036  328
12.000     9774  323
12.050     9520  318
12.100    10155  327
12.150    10130  326
12.200    10084  324
12.250     9960  321
12.300     9903  319
12.350    10042  321
12.400    10016  319
12.450     9918  317
12.500     9860  315
12.550    10053  317
12.600    10040  316
12.650    10097  316
12.700     9810  311
12.750     9511  305
12.800    10075  313
12.850    10051  312
12.900     9975  310
12.950     9649  304
13.000     9709  304
13.050     9911  306
13.100     9846  305
13.150    10034  307
13.200     9822  303
13.250     9572  298
13.300     9877  302
13.350     9682  298
13.400     9704  298
13.450     9887  299
13.500    10049  301
13.550     9986  299
13.600     9619  293
13.650     9927  297
13.700     9606  291
13.750     9317  286
13.800     9544  289
13.850     9889  293
13.900    10002  294
13.950     9571  287
14.000     9671  288
14.050     9728  288
14.100     9810  288
14.150     9866  288
14.200     9791  286
14.250     9768  285
14.300     9871  286
14.350     9908  286
14.400     9789  283
14.450     9621  280
14.500     9844  283
14.550     9419  276
14.600     9411  275
14.650     9679  278
14.700     9784  279
14.750     9757  278
14.800     9671  276
14.850     9809  277
14.900     9838  277
14.950     9782  275
15.000     9539  271
15.050     9540  271
15.100     9637  271
15.150     9870  274
15.200     9862  273
15.250     9673  270
15.300     9862  272
15.350     9520  266
15.400     9821  270
15.450     9764  268
15.500     9716  267
15.550     9573  264
15.600     9828  267
15.650     9900  268
15.700     9683  264
15.750     9660  263
15.800     9733  263
15.850     9831  264
15.900     9485  259
15.950     9541  259
16.000     9571  259
16.050     9564  258
16.100     9972  263
16.150     9819  260
16.200     9410  254
16.250     9186  250
16.300     9585  255
16.350     9606  255
16.400     9600  254
16.450     9541  253
16.500     9421  251
16.550     9701  254
16.600     9823  255
16.650     9671  252
16.700     9786  253
16.750     9762  252
16.800     9512  248
16.850     9556  248
16.900     9692  249
16.950     9462  246
17.000     9386  244
17.050     9310  243
17.100     9291  242
17.150     9020  238
17.200     9469  243
17.250     9694  245
17.300     9639  244
17.350     9434  241
17.400     9635  243
17.450     9672  243
17.500     9821  244
17.550     9476  239
17.600     9433  238
17.650     9564  239
17.700     9713  241
17.750     9700  240
17.800     9233  233
17.850     9630  238
17.900     9713  238
17.950     9343  233
18.000     9390  233
18.050     9275  231
18.100     9639  235
18.150     9601  234
18.200     9558  233
18.250     9588  233
18.300     9806  235
18.350     9674  233
18.400     9674  233
18.450     9493  230
18.500     9393  228
18.550     9428  228
18.600     9571  229
18.650     9431  227
18.700     9288  225
18.750     9435  226
18.800     9431  226
18.850     9297  224
18.900     9504  226
18.950     9245  222
19.000     9725  227
19.050     9385  223
19.100     9308  221
19.150     9476  223
19.200     9563  223
19.250     9558  223
19.300     9436  221
19.350     9289  219
19.400     9280  218
19.450     9641  222
19.500     9393  218
19.550     9519  219
19.600     9392  217
19.650     9364  217
19.700     9270  215
19.750     9286  215
19.800     9204  213
19.850     9563  217
19.900     9531  216
19.950     9488  215
20.000     9710  217
20.050     9593  216
20.100     9276  212
20.150     9415  213
20.200     9242  210
20.250     9730  215
20.300     9966  217
20.350    10338  221
20.400    10703  224
20.450    11004  227
20.500    11327  230
20.550    11203  228
20.600    11000  226
20.650    10805  223
20.700    10163  216
20.750     9960  213
20.800     9712  210
20.850     9502  208
20.900     9461  207
20.950     9169  203
21.000     9148  202
21.050     9114  202
21.100     9339  204
21.150     9286  203
21.200     9166  201
21.250     9101  200
21.300     9070  199
21.350     9117  199
21.400     9177  199
21.450     9244  200
21.500     9166  198
21.550     9513  202
21.600     9258  199
21.650     9403  200
21.700     9538  201
21.750     9239  197
21.800     9089  195
21.850     9033  194
21.900     9467  198
21.950     9301  196
22.000     9177  195
22.050     9169  194
22.100     9180  194
22.150     9236  194
22.200     9147  193
22.250     8999  191
22.300     9318  194
22.350     8939  189
22.400     9264  192
22.450     9107  190
22.500     8994  189
22.550     9356  192
22.600     9094  189
22.650     9284  191
22.700     9053  188
22.750     9004  187
22.800     8809  185
22.850     8851  185
22.900     9055  187
22.950     8983  185
23.000     9028  186
23.050     9222  187
23.100     9021  185
23.150     8838  182
23.200     8755  181
23.250     9056  184
23.300     8853  182
23.350     9189  185
23.400     8996  182
23.450     8988  182
23.500     9016  182
23.550     8859  180
23.600     8972  181
23.650     9178  182
23.700     9288  183
23.750     9099  181
23.800     8830  178
23.850     9143  181
23.900     9010  179
23.950     9028  179
24.000     9144  180
24.050     9442  182
24.100     9152  179
24.150     8839  176
24.200     9002  177
24.250     9120  178
24.300     9087  177
24.350     9147  177
24.400     9025  176
24.450     8864  174
24.500     8667  172
24.550     9097  175
24.600     8938  174
24.650     9095  175
24.700     8966  173
24.750     8976  173
24.800     8897  172
24.850     9077  173
24.900     9059  173
24.950     9135  173
25.000     9214  174
25.050     9015  171
25.100     9143  172
25.150     9053  171
25.200     9129  172
25.250     9121  171
25.300     8803  168
25.350     9041  170
25.400     8952  169
25.450     9103  170
25.500     8966  168
25.550     9064  169
25.600     8813  166
25.650     8930  167
25.700     9095  168
25.750     8718  164
25.800     8901  166
25.850     8817  165
25.900     8776  164
25.950     8877  165
26.000     8949  165
26.050     8895  164
26.100     8951  164
26.150     8747  162
26.200     8973  164
26.250     9134  165
26.300     9002  164
26.350     8658  160
26.400     8693  160
26.450     8594  159
26.500     8727  160
26.550     9237  164
26.600     8927  161
26.650     9099  162
26.700     8715  159
26.750     9056  161
26.800     8928  160
26.850     8854  159
26.900     8880  159
26.950     8636  156
27.000     9010  160
27.050     8742  157
27.100     9031  159
27.150     9091  159
27.200     8735  156
27.250     8866  157
27.300     8940  157
27.350     8922  157
27.400     8779  155
27.450     8944  156
27.500     8946  156
27.550     8889  155
27.600     8809  154
27.650     8956  155
27.700     9148  157
27.750     8802  154
27.800     8726  153
27.850     8861  153
27.900     8797  153
27.950     8696  152
28.000     8928  153
28.050     8904  153
28.100     8928  153
28.150     8854  152
28.200     8827  151
28.250     8925  152
28.300     8696  150
28.350     8891  151
28.400     8760  150
28.450     8905  151
28.500     8717  149
28.550     8673  148
28.600     8810  149
28.650     8692  148
28.700     8797  148
28.750     8802  148
28.800     8951  149
28.850     9192  151
28.900     9431  153
28.950    10213  159
29.000    11294  166
29.050    12854  177
29.100    14764  190
29.150    16826  202
29.200    18020  209
29.250    18385  211
29.300    17673  206
29.350    16007  196
29.400    13695  181
29.450    11861  168
29.500    10298  156
29.550     9578  150
29.600     9210  147
29.650     8856  144
29.700     8642  142
29.750     8679  142
29.800     8755  143
29.850     8831  143
29.900     8635  141
29.950     8926  143
30.000     8880  143
30.050     8481  139
30.100     8648  140
30.150     8662  140
30.200     8641  140
30.250     8733  140
30.300     8780  140
30.350     8952  141
30.400     8924  141
30.450     8665  139
30.500     8724  139
30.550     8712  139
30.600     8737  139
30.650     8627  137
30.700     8830  139
30.750     8841  139
30.800     8773  138
30.850     8894  139
30.900     8583  136
30.950     8854  138
31.000     8726  137
31.050     8535  135
31.100     8526  135
31.150     8610  135
31.200     8561  134
31.250     8708  135
31.300     8591  134
31.350     8911  136
31.400     9002  137
31.450     9313  139
31.500    10043  144
31.550    10289  146
31.600    10283  145
31.650    10315  145
31.700    10351  145
31.750    10008  143
31.800     9587  139
31.850     9293  137
31.900     9014  135
31.950     9039  135
32.000     8884  133
32.050     8556  131
32.100     8612  131
32.150     8596  130
32.200     8566  130
32.250     8657  130
32.300     8693  130
32.350     8707  130
32.400     8458  128
32.450     8463  128
32.500     8565  129
32.550     8609  129
32.600     8670  129
32.650     8579  128
32.700     8550  128
32.750     8641  128
32.800     8622  128
32.850     8762  129
32.900     8598  127
32.950     8574  127
33.000     8742  128
33.050     8712  127
33.100     8666  127
33.150     8679  127
33.200     8625  126
33.250     8659  126
33.300     8715  126
33.350     8883  127
33.400     8741  126
33.450     8477  124
33.500     8518  124
33.550     8542  124
33.600     8645  125
33.650     8511  123
33.700     8435  123
33.750     8573  124
33.800     8732  124
33.850     8472  122
33.900     8642  123
33.950     8755  124
34.000     8538  122
34.050     8576  122
34.100     8639  123
34.150     8695  123
34.200     8662  122
34.250     8710  122
34.300     8703  122
34.350     8559  121
34.400     8404  120
34.450     8712  122
34.500     8576  121
34.550     8592  120
34.600     8628  121
34.650     8441  119
34.700     8499  119
34.750     8531  119
34.800     8493  119
34.850     8564  119
34.900     8604  119
34.950     8536  118
35.000     8282  117
35.050     8324  117
35.100     8353  117
35.150     8543  118
35.200     8594  118
35.250     8589  118
35.300     8358  116
35.350     8344  116
35.400     8411  116
35.450     8529  117
35.500     8588  117
35.550     8533  116
35.600     8322  115
35.650     8262  114
35.700     8579  116
35.750     8617  116
35.800     8365  114
35.850     8571  115
35.900     8618  115
35.950     8608  115
36.000     8692  116
36.050     8555  114
36.100     8692  115
36.150     8699  115
36.200     8515  114
36.250     8512  113
36.300     8449  113
36.350     8511  113
36.400     8442  112
36.450     8418  112
36.500     8467  112
36.550     8641  113
36.600     8426  112
36.650     8370  111
36.700     8306  110
36.750     8439  111
36.800     8552  112
36.850     8351  110
36.900     8258  109
36.950     8396  110
37.000     8543  111
37.050     8500  110
37.100     8486  110
37.150     8342  109
37.200     8352  109
37.250     8409  109
37.300     8412  109
37.350     8216  108
37.400     8340  108
37.450     8417  109
37.500     8570  109
37.550     8381  108
37.600     8418  108
37.650     8461  108
37.700     8353  107
37.750     8213  106
37.800     8268  106
37.850     8329  107
37.900     8333  106
37.950     8304  106
38.000     8541  107
38.050     8519  107
38.100     8404  106
38.150     8447  106
38.200     8611  107
38.250     8230  105
38.300     8356  105
38.350     8129  104
38.400     8264  104
38.450     8208  104
38.500     8240  104
38.550     8160  103
38.600     8040  102
38.650     8109  103
38.700     8335  104
38.750     8213  103
38.800     8130  102
38.850     8269  103
38.900     8243  103
38.950     8371  103
39.000     8285  103
39.050     8225  102
39.100     8441  103
39.150     8146  101
39.200     8177  101
39.250     8453  103
39.300     8254  101
39.350     8176  101
39.400     8118  100
39.450     8164  100
39.500     8123  100
39.550     8157  100
39.600     8456  102
39.650     8643  103
39.700     8710  103
39.750     9392  107
39.800    10187  111
39.850    11058  115
39.900    12033  120
39.950    12788  124
40.000    13099  125
40.050    12683  123
40.100    12144  120
40.150    10940  114
40.200     9812  107
40.250     9120  103
40.300     8622  100
40.350     8453   99
40.400     8458   99
40.450     8161   97
40.500     8132   97
40.550     8329   98
40.600     8305   98
40.650     8141   96
40.700     8114   96
40.750     8260   97
40.800     8225   96
40.850     8204   96
40.900     8295   97
40.950     8278   96
41.000     8204   96
41.050     8140   95
41.100     8069   95
41.150     8286   96
41.200     8102   95
41.250     8139   95
41.300     8104   94
41.350     8281   95
41.400     8235   95
41.450     8315   95
41.500     8199   94
41.550     8097   93
41.600     8026   93
41.650     8205   94
41.700     8314   94
41.750     8207   93
41.800     8106   93
41.850     8260   94
41.900     8442   94
41.950     8271   93
42.000     8169   93
42.050     8041   92
42.100     7892   91
42.150     8119   92
42.200     8200   92
42.250     8253   92
42.300     8286   92
42.350     8101   91
42.400     7930   90
42.450     7916   90
42.500     8012   90
42.550     7975   90
42.600     8126   91
42.650     8154   91
42.700     8124   90
42.750     7923   89
42.800     7957   89
42.850     7910   89
42.900     7982   89
42.950     7849   88
43.000     7932   89
43.050     8027   89
43.100     8094   89
43.150     7974   89
43.200     8129   90
43.250     8198   90
43.300     8034   89
43.350     8173   90
43.400     8397   91
43.450     8491   92
43.500     8904   94
43.550     9408   96
43.600     9684   98
43.650     9762   98
43.700     9523   97
43.750     9289   96
43.800     9015   94
43.850     8748   93
43.900     8415   91
43.950     8209   90
44.000     8107   90
44.050     8066   89
44.100     7911   88
44.150     7750   88
44.200     8032   89
44.250     7912   88
44.300     7943   89
44.350     7890   88
44.400     7932   89
44.450     8011   89
44.500     8034   89
44.550     8108   90
44.600     8104   90
44.650     8021   89
44.700     7977   89
44.750     8073   89
44.800     8126   90
44.850     7883   88
44.900     7974   89
44.950     7947   89
45.000     7991   89
45.050     7953   89
45.100     7820   88
45.150     8118   90
45.200     8208   90
45.250     7887   88
45.300     8016   89
45.350     7859   88
45.400     7927   89
45.450     8020   89
45.500     8022   89
45.550     7861   88
45.600     7759   88
45.650     7826   88
45.700     7903   88
45.750     7758   88
45.800     7951   89
45.850     7893   88
45.900     7963   89
45.950     7948   89
46.000     7865   88
46.050     7927   89
46.100     7920   88
46.150     7942   89
46.200     7862   88
46.250     7931   89
46.300     8008   89
46.350     7846   88
46.400     7866   88
46.450     7900   88
46.500     7912   88
46.550     7778   88
46.600     7679   87
46.650     7981   89
46.700     7857   88
46.750     8082   89
46.800     8179   90
46.850     8262   90
46.900     8322   91
46.950     8482   92
47.000     8685   93
47.050     8971   94
47.100     9054   95
47.150     9044   95
47.200     8941   94
47.250     8540   92
47.300     8036   89
47.350     7980   89
47.400     8025   89
47.450     8137   90
47.500     8076   89
47.550     7932   89
47.600     8057   89
47.650     7883   88
47.700     7912   88
47.750     7932   89
47.800     8034   89
47.850     8008   89
47.900     7941   89
47.950     7920   88
48.000     7908   88
48.050     7894   88
48.100     7884   88
48.150     7982   89
48.200     7696   87
48.250     7879   88
48.300     8216   90
48.350     8436   91
48.400     9053   95
48.450    10442  102
48.500    12610  112
48.550    15833  125
48.600    19815  140
48.650    23750  154
48.700    26358  162
48.750    26911  164
48.800    25283  159
48.850    21610  147
48.900    17504  132
48.950    13616  116
49.000    10967  104
49.050     9225   96
49.100     8494   92
49.150     8128   90
49.200     7868   88
49.250     7746   88
49.300     7824   88
49.350     7894   88
49.400     7864   88
49.450     8066   89
49.500     7869   88
49.550     7952   89
49.600     7849   88
49.650     7890   88
49.700     7834   88
49.750     7801   88
49.800     7912   88
49.850     7985   89
49.900     7874   88
49.950     7837   88
50.000     7786   88
50.050     7855   88
50.100     8028   89
50.150     7941   89
50.200     7962   89
50.250     7965   89
50.300     8047   89
50.350     8135   90
50.400     8038   89
50.450     8021   89
50.500     7970   89
50.550     8077   89
50.600     7900   88
50.650     7835   88
50.700     7815   88
50.750     7731   87
50.800     7746   88
50.850     7681   87
50.900     7696   87
50.950     7825   88
51.000     7826   88
51.050     7609   87
51.100     7723   87
51.150     7874   88
51.200     7718   87
51.250     7687   87
51.300     7753   88
51.350     7799   88
51.400     7724   87
51.450     7775   88
51.500     7963   89
51.550     7847   88
51.600     7729   87
51.650     7766   88
51.700     7890   88
51.750     7684   87
51.800     7648   87
51.850     7791   88
51.900     7799   88
51.950     7793   88
52.000     8040   89
52.050     7875   88
52.100     7863   88
52.150     7703   87
52.200     7642   87
52.250     7764   88
52.300     7715   87
52.350     7670   87
52.400     7741   87
52.450     7571   87
52.500     7675   87
52.550     7640   87
52.600     7765   88
52.650     7859   88
52.700     7840   88
52.750     7721   87
52.800     7709   87
52.850     7796   88
52.900     7863   88
52.950     7699   87
53.000     7726   87
53.050     7575   87
53.100     7928   89
53.150     8052   89
53.200     8318   91
53.250     8250   90
53.300     8585   92
53.350     9041   95
53.400     9461   97
53.450     9483   97
53.500     9282   96
53.550     8970   94
53.600     8645   92
53.650     8241   90
53.700     8006   89
53.750     7903   88
53.800     7772   88
53.850     7584   87
53.900     7734   87
53.950     7633   87
54.000     7638   87
54.050     7643   87
54.100     7713   87
54.150     7736   87
54.200     7630   87
54.250     7861   88
54.300     7896   88
54.350     7797   88
54.400     7826   88
54.450     7626   87
54.500     7809   88
54.550     7762   88
54.600     7733   87
54.650     7759   88
54.700     7784   88
54.750     7838   88
54.800     7961   89
54.850     8012   89
54.900     7765   88
54.950     7848   88
55.000     7880   88
55.050     7995   89
55.100     7783   88
55.150     7827   88
55.200     7696   87
55.250     7540   86
55.300     7640   87
55.350     7714   87
55.400     7552   86
55.450     7637   87
55.500     7593   87
55.550     7588   87
55.600     7710   87
55.650     7546   86
55.700     7590   87
55.750     7718   87
55.800     7680   87
55.850     7733   87
55.900     7825   88
55.950     7807   88
56.000     7821   88
56.050     7804   88
56.100     7771   88
56.150     7969   89
56.200     8249   90
56.250     8418   91
56.300     8941   94
56.350     9207   95
56.400     9365   96
56.450     9359   96
56.500     9173   95
56.550     8796   93
56.600     8341   91
56.650     8111   90
56.700     7889   88
56.750     7620   87
56.800     7748   88
56.850     7814   88
56.900     7678   87
56.950     7737   87
57.000     7668   87
57.050     7699   87
57.100     7742   87
57.150     7781   88
57.200     7746   88
57.250     7575   87
57.300     7662   87
57.350     7697   87
57.400     7624   87
57.450     7750   88
57.500     7706   87
57.550     7784   88
57.600     8419   91
57.650     8996   94
57.700    10073  100
57.750    11439  106
57.800    12666  112
57.850    13675  116
57.900    13505  116
57.950    12708  112
58.000    11481  107
58.050    10507  102
58.100     9337   96
58.150     8414   91
58.200     7930   89
58.250     7629   87
58.300     7685   87
58.350     7610   87
58.400     7641   87
58.450     7558   86
58.500     7625   87
58.550     7630   87
58.600     7607   87
58.650     7552   86
58.700     7558   86
58.750     7535   86
58.800     7428   86
58.850     7468   86
58.900     7579   87
58.950     7558   86
59.000     7759   88
59.050     7998   89
59.100     8317   91
59.150     9051   95
59.200     9587   97
59.250    10370  101
59.300    10441  102
59.350    10387  101
59.400     9863   99
59.450     9167   95
59.500     8724   93
59.550     8321   91
59.600     7953   89
59.650     7590   87
59.700     7617   87
59.750     7631   87
59.800     7550   86
59.850     7495   86
59.900     7532   86
59.950     7591   87
60.000     7659   87
60.050     7552   86
60.100     7427   86
60.150     7377   85
60.200     7396   86
60.250     7447   86
60.300     7637   87
60.350     7583   87
60.400     7442   86
60.450     7564   86
60.500     7684   87
60.550     7526   86
60.600     7575   87
60.650     7608   87
60.700     7507   86
60.750     7518   86
60.800     7538   86
60.850     7679   87
60.900     7593   87
60.950     7372   85
61.000     7539   86
61.050     7549   86
61.100     7414   86
61.150     7421   86
61.200     7442   86
61.250     7472   86
61.300     7552   86
61.350     7413   86
61.400     7387   85
61.450     7469   86
61.500     7547   86
61.550     7324   85
61.600     7430   86
61.650     7447   86
61.700     7634   87
61.750     7729   87
61.800     7434   86
61.850     7567   86
61.900     7783   88
61.950     7626   87
62.000     7684   87
62.050     7837   88
62.100     7877   88
62.150     7771   88
62.200     7622   87
62.250     7559   86
62.300     7552   86
62.350     7353   85
62.400     7370   85
62.450     7357   85
62.500     7358   85
62.550     7460   86
62.600     7352   85
62.650     7316   85
62.700     7324   85
62.750     7387   85
62.800     7400   86
62.850     7538   86
62.900     7417   86
62.950     7304   85
63.000     7433   86
63.050     7364   85
63.100     7299   85
63.150     7209   84
63.200     7404   86
63.250     7411   86
63.300     7542   86
63.350     7581   87
63.400     7670   87
63.450     7570   87
63.500     7697   87
63.550     7727   87
63.600     7573   87
63.650     7573   87
63.700     7527   86
63.750     7318   85
63.800     7282   85
63.850     7282   85
63.900     7351   85
63.950     7405   86
64.000     7351   85
64.050     7407   86
64.100     7311   85
64.150     7357   85
64.200     7341   85
64.250     7281   85
64.300     7319   85
64.350     7486   86
64.400     7533   86
64.450     7564   86
64.500     7775   88
64.550     7919   88
64.600     8354   91
64.650     9022   94
64.700    10195  100
64.750    11593  107
64.800    12440  111
64.850    12475  111
64.900    11957  109
64.950    11222  105
65.000    10173  100
65.050     9042   95
65.100     8143   90
65.150     7635   87
65.200     7484   86
65.250     7394   85
65.300     7288   85
65.350     7349   85
65.400     7311   85
65.450     7262   85
65.500     7322   85
65.550     7371   85
65.600     7410   86
65.650     7196   84
65.700     7125   84
65.750     7374   85
65.800     7346   85
65.850     7287   85
65.900     7410   86
65.950     7292   85
66.000     7278   85
66.050     7499   86
66.100     7645   87
66.150     7701   87
66.200     7754   88
66.250     7717   87
66.300     7617   87
66.350     7359   85
66.400     7435   86
66.450     7433   86
66.500     7422   86
66.550     7482   86
66.600     7285   85
66.650     7165   84
66.700     7378   85
66.750     7244   85
66.800     7183   84
66.850     7308   85
66.900     7436   86
66.950     7318   85
67.000     7328   85
67.050     7398   86
67.100     7437   86
67.150     7273   85
67.200     7407   86
67.250     7345   85
67.300     7261   85
67.350     7418   86
67.400     7328   85
67.450     7295   85
67.500     7325   85
67.550     7453   86
67.600     7223   84
67.650     7387   85
67.700     7263   85
67.750     7256   85
67.800     7191   84
67.850     7404   86
67.900     7318   85
67.950     7316   85
68.000     7304   85
68.050     7311   85
68.100     7269   85
68.150     7289   85
68.200     7189   84
68.250     7476   86
68.300     7505   86
68.350     7478   86
68.400     7147   84
68.450     7328   85
68.500     7116   84
68.550     7221   84
68.600     7275   85
68.650     7212   84
68.700     7220   84
68.750     7265   85
68.800     7315   85
68.850     7131   84
68.900     7224   84
68.950     7269   85
69.000     7242   85
69.050     7200   84
69.100     7314   85
69.150     7412   86
69.200     7465   86
69.250     7340   85
69.300     7411   86
69.350     7363   85
69.400     7364   85
69.450     7412   86
69.500     7365   85
69.550     7215   84
69.600     7128   84
69.650     7277   85
69.700     7287   85
69.750     7392   85
69.800     7453   86
69.850     7604   87
69.900     7833   88
69.950     8298   91
70.000     8808   93
70.050     9410   97
70.100     9785   98
70.150     9822   99
70.200     9620   98
70.250     9192   95
70.300     8570   92
70.350     7831   88
70.400     7687   87
70.450     7470   86
70.500     7367   85
70.550     7370   85
70.600     7181   84
70.650     7298   85
70.700     7271   85
70.750     7306   85
70.800     7282   85
70.850     7326   85
70.900     7288   85
70.950     7426   86
71.000     7466   86
71.050     7470   86
71.100     7439   86
71.150     7789   88
71.200     8144   90
71.250     8780   93
71.300     9592   97
71.350    10486  102
71.400    11021  104
71.450    10865  104
71.500    10326  101
71.550     9907   99
71.600     8808   93
71.650     8257   90
71.700     7650   87
71.750     7378   85
71.800     7288   85
71.850     7321   85
71.900     7214   84
71.950     7254   85
72.000     7234   85
72.050     7112   84
72.100     7288   85
72.150     7249   85
72.200     7305   85
72.250     7308   85
72.300     7319   85
72.350     7403   86
72.400     7234   85
72.450     7322   85
72.500     7493   86
72.550     7825   88
72.600     8267   90
72.650     8547   92
72.700     8490   92
72.750     8409   91
72.800     8185   90
72.850     7778   88
72.900     7514   86
72.950     7634   87
73.000     7248   85
73.050     7157   84
73.100     7255   85
73.150     7208   84
73.200     7276   85
73.250     7214   84
73.300     7041   83
73.350     7175   84
73.400     7261   85
73.450     7343   85
73.500     7177   84
73.550     7210   84
73.600     7154   84
73.650     7055   83
73.700     7146   84
73.750     7435   86
73.800     7283   85
73.850     7422   86
73.900     7420   86
73.950     7466   86
74.000     7701   87
74.050     7638   87
74.100     7407   86
74.150     7226   85
74.200     7275   85
74.250     7216   84
74.300     7280   85
74.350     7177   84
74.400     7184   84
74.450     7091   84
74.500     7233   85
74.550     7259   85
74.600     7075   84
74.650     7067   84
74.700     7165   84
74.750     7163   84
74.800     7122   84
74.850     7315   85
74.900     7138   84
74.950     7155   84
75.000     7329   85
75.050     7289   85
75.100     7274   85
75.150     7445   86
75.200     7554   86
75.250     7897   88
75.300     7777   88
75.350     7604   87
75.400     7470   86
75.450     7246   85
75.500     7086   84
75.550     7140   84
75.600     7059   84
75.650     7134   84
75.700     7082   84
75.750     7020   83
75.800     6938   83
75.850     7129   84
75.900     7248   85
75.950     7113   84
76.000     7265   85
76.050     7232   85
76.100     7317   85
76.150     7359   85
76.200     7147   84
76.250     7194   84
76.300     7437   86
76.350     7434   86
76.400     7530   86
76.450     7762   88
76.500     7710   87
76.550     7629   87
76.600     7528   86
76.650     7404   86
76.700     7418   86
76.750     7210   84
76.800     7309   85
76.850     7225   85
76.900     7123   84
76.950     7143   84
77.000     7031   83
77.050     7151   84
77.100     7181   84
77.150     7282   85
77.200     7137   84
77.250     7022   83
77.300     7103   84
77.350     7272   85
77.400     7165   84
77.450     7319   85
77.500     7426   86
77.550     7558   86
77.600     7709   87
77.650     7816   88
77.700     8077   89
77.750     8150   90
77.800     8120   90
77.850     7780   88
77.900     7767   88
77.950     7674   87
78.000     7328   85
78.050     7215   84
78.100     7165   84
78.150     7180   84
78.200     7150   84
78.250     7160   84
78.300     7188   84
78.350     7176   84
78.400     7325   85
78.450     7147   84
78.500     7029   83
78.550     7113   84
78.600     7243   85
78.650     7286   85
78.700     7328   85
78.750     7541   86
78.800     8051   89
78.850     8730   93
78.900     9218   96
78.950     9902   99
79.000    10075  100
79.050     9957   99
79.100     9475   97
79.150     8917   94
79.200     8129   90
79.250     7618   87
79.300     7370   85
79.350     7223   84
79.400     7310   85
79.450     7167   84
79.500     7179   84
79.550     7121   84
79.600     7124   84
79.650     7180   84
79.700     7170   84
79.750     7085   84
79.800     7101   84
79.850     7147   84
79.900     7092   84
79.950     7129   84
80.000     7187   84
80.050     7274   85
80.100     7331   85
80.150     7667   87
80.200     7880   88
80.250     7884   88
80.300     7750   88
80.350     7623   87
80.400     7494   86
80.450     7387   85
80.500     7347   85
80.550     7265   85
80.600     7043   83
80.650     7113   84
80.700     7237   85
80.750     7162   84
80.800     7104   84
80.850     7085   84
80.900     7190   84
80.950     7213   84
81.000     7083   84
81.050     7118   84
81.100     7228   85
81.150     7134   84
81.200     7160   84
81.250     7001   83
81.300     7204   84
81.350     7046   83
81.400     7056   84
81.450     7220   84
81.500     7094   84
81.550     7140   84
81.600     6994   83
81.650     6949   83
81.700     7127   84
81.750     7001   83
81.800     7149   84
81.850     7174   84
81.900     6971   83
81.950     7105   84
82.000     7150   84
82.050     7130   84
82.100     7238   85
82.150     7160   84
82.200     7055   83
82.250     7150   84
82.300     7052   83
82.350     6964   83
82.400     7048   83
82.450     7137   84
82.500     7105   84
82.550     7307   85
82.600     7322   85
82.650     7273   85
82.700     7511   86
82.750     7590   87
82.800     7466   86
82.850     7447   86
82.900     7277   85
82.950     7094   84
83.000     7060   84
83.050     7042   83
83.100     7099   84
83.150     7080   84
83.200     6994   83
83.250     7089   84
83.300     7072   84
83.350     7100   84
83.400     7202   84
83.450     7116   84
83.500     7281   85
83.550     7079   84
83.600     7109   84
83.650     7089   84
83.700     7016   83
83.750     7193   84
83.800     7348   85
83.850     7528   86
83.900     7477   86
83.950     7514   86
84.000     7526   86
84.050     7571   87
84.100     7310   85
84.150     7138   84
84.200     7070   84
84.250     7081   84
84.300     7085   84
84.350     7089   84
84.400     7194   84
84.450     7201   84
84.500     7115   84
84.550     7023   83
84.600     6919   83
84.650     6822   82
84.700     7145   84
84.750     7079   84
84.800     7146   84
84.850     7139   84
84.900     7211   84
84.950     7525   86
85.000     7891   88
85.050     8310   91
85.100     8963   94
85.150     9077   95
85.200     8925   94
85.250     8774   93
85.300     8275   90
85.350     7977   89
85.400     7446   86
85.450     7135   84
85.500     7077   84
85.550     7095   84
85.600     7070   84
85.650     6983   83
85.700     7117   84
85.750     6930   83
85.800     6926   83
85.850     6860   82
85.900     6920   83
85.950     7020   83
86.000     7005   83
86.050     7050   83
86.100     6953   83
86.150     7042   83
86.200     7270   85
86.250     7138   84
86.300     7269   85
86.350     7359   85
86.400     7295   85
86.450     7475   86
86.500     7345   85
86.550     7168   84
86.600     6999   83
86.650     6934   83
86.700     7009   83
86.750     7035   83
86.800     6934   83
86.850     6848   82
86.900     6859   82
86.950     6842   82
87.000     6863   82
87.050     6789   82
87.100     6939   83
87.150     7022   83
87.200     7038   83
87.250     7117   84
87.300     7054   83
87.350     7158   84
87.400     7232   85
87.450     7318   85
87.500     7690   87
87.550     7963   89
87.600     7878   88
87.650     7979   89
87.700     7678   87
87.750     7492   86
87.800     7409   86
87.850     7206   84
87.900     6994   83
87.950     6939   83
88.000     6868   82
88.050     6748   82
88.100     6825   82
88.150     6880   82
88.200     6814   82
88.250     6880   82
88.300     6809   82
88.350     6912   83
88.400     6979   83
88.450     6865   82
88.500     6881   82
88.550     6905   83
88.600     6896   83
88.650     6849   82
88.700     6677   81
88.750     6797   82
88.800     6852   82
88.850     6887   82
88.900     6884   82
88.950     6896   83
89.000     6819   82
89.050     6815   82
89.100     6888   82
89.150     6867   82
89.200     6835   82
89.250     6680   81
89.300     6640   81
89.350     6851   82
89.400     6899   83
89.450     6883   82
89.500     6905   83
89.550     6890   83
89.600     6849   82
89.650     6925   83
89.700     6940   83
89.750     7142   84
89.800     7359   85
89.850     8003   89
89.900     8767   93
89.950     9790   98
90.000    10504  102
90.050    10876  104
90.100    11034  105
90.150    10370  101
90.200     9450   97
90.250     8637   92
90.300     7784   88
90.350     7339   85
90.400     7051   83
90.450     6913   83
90.500     6811   82
90.550     6971   83
90.600     6872   82
90.650     6807   82
90.700     6756   82
90.750     6950   83
90.800     6963   83
90.850     6939   83
90.900     7008   83
90.950     7272   85
91.000     7706   87
91.050     8285   91
91.100     9643   98
91.150    11098  105
91.200    12329  111
91.250    13244  115
91.300    13320  115
91.350    12644  112
91.400    11355  106
91.450     9760   98
91.500     8662   93
91.550     7805   88
91.600     7146   84
91.650     7013   83
91.700     6895   83
91.750     6893   83
91.800     6833   82
91.850     6918   83
91.900     6818   82
91.950     6915   83
92.000     6825   82
92.050     6797   82
92.100     6747   82
92.150     6958   83
92.200     6960   83
92.250     7109   84
92.300     7522   86
92.350     7721   87
92.400     8359   91
92.450     8762   93
92.500     8870   94
92.550     8632   92
92.600     8294   91
92.650     7916   88
92.700     7554   86
92.750     7191   84
92.800     6983   83
92.850     6870   82
92.900     6802   82
92.950     6731   82
93.000     6848   82
93.050     6883   82
93.100     6870   82
93.150     6704   81
93.200     6652   81
93.250     6698   81
93.300     6632   81
93.350     6782   82
93.400     6948   83
93.450     6819   82
93.500     6861   82
93.550     7020   83
93.600     7248   85
93.650     7550   86
93.700     7466   86
93.750     7697   87
93.800     7565   86
93.850     7398   86
93.900     7035   83
93.950     7101   84
94.000     6913   83
94.050     6850   82
94.100     6906   83
94.150     6893   83
94.200     6791   82
94.250     6741   82
94.300     6716   81
94.350     6713   81
94.400     6821   82
94.450     6821   82
94.500     6814   82
94.550     6790   82
94.600     6851   82
94.650     6741   82
94.700     7023   83
94.750     7310   85
94.800     7733   87
94.850     8114   90
94.900     8351   91
94.950     8533   92
95.000     8488   92
95.050     8200   90
95.100     7778   88
95.150     7502   86
95.200     7295   85
95.250     6986   83
95.300     6949   83
95.350     6702   81
95.400     6757   82
95.450     6782   82
95.500     6919   83
95.550     6825   82
95.600     6769   82
95.650     6672   81
95.700     6775   82
95.750     6771   82
95.800     6841   82
95.850     6904   83
95.900     7108   84
95.950     7235   85
96.000     7567   86
96.050     7955   89
96.100     8399   91
96.150     8847   94
96.200     8783   93
96.250     8593   92
96.300     8216   90
96.350     7640   87
96.400     7259   85
96.450     7013   83
96.500     6879   82
96.550     6821   82
96.600     6698   81
96.650     6732   82
96.700     6624   81
96.750     6774   82
96.800     6916   83
96.850     6840   82
96.900     6717   81
96.950     6778   82
97.000     6776   82
97.050     6689   81
97.100     6801   82
97.150     6886   82
97.200     6978   83
97.250     7216   84
97.300     7584   87
97.350     7780   88
97.400     7739   87
97.450     7696   87
97.500     7558   86
97.550     7346   85
97.600     7193   84
97.650     6801   82
97.700     6645   81
97.750     6677   81
97.800     6563   81
97.850     6642   81
97.900     6680   81
97.950     6610   81
98.000     6682   81
98.050     6475   80
98.100     6701   81
98.150     6662   81
98.200     6588   81
98.250     6556   80
98.300     6780   82
98.350     7010   83
98.400     7027   83
98.450     7386   85
98.500     7876   88
98.550     8248   90
98.600     8740   93
98.650     8739   93
98.700     8704   93
98.750     8156   90
98.800     7733   87
98.850     7373   85
98.900     6919   83
98.950     6713   81
99.000     6742   82
99.050     6663   81
99.100     6686   81
99.150     6642   81
99.200     6584   81
99.250     6574   81
99.300     6524   80
99.350     6450   80
99.400     6581   81
99.450     6648   81
99.500     6802   82
99.550     6962   83
99.600     7227   85
99.650     7636   87
99.700     8325   91
99.750     9406   96
99.800    10464  102
99.850    11219  105
99.900    11306  106
99.950    10811  103
100.000    10033  100
100.050     8829   93
100.100     7830   88
100.150     7237   85
100.200     6907   83
100.250     6644   81
100.300     6628   81
100.350     6684   81
100.400     6727   82
100.450     6688   81
100.500     6622   81
100.550     6592   81
100.600     6539   80
100.650     6623   81
100.700     6646   81
100.750     6756   82
100.800     6709   81
100.850     6551   80
100.900     6831   82
100.950     6555   80
101.000     6723   81
101.050     6614   81
101.100     6564   81
101.150     6673   81
101.200     6604   81
101.250     6635   81
101.300     6720   81
101.350     6447   80
101.400     6644   81
101.450     6532   80
101.500     6458   80
101.550     6442   80
101.600     6546   80
101.650     6440   80
101.700     6538   80
101.750     6553   80
101.800     6591   81
101.850     6716   81
101.900     6561   81
101.950     6535   80
102.000     6586   81
102.050     6680   81
102.100     6831   82
102.150     7148   84
102.200     7401   86
102.250     7942   89
102.300     8278   90
102.350     8399   91
102.400     8541   92
102.450     8195   90
102.500     7783   88
102.550     7375   85
102.600     7078   84
102.650     6930   83
102.700     6795   82
102.750     6683   81
102.800     6557   80
102.850     6482   80
102.900     6459   80
102.950     6499   80
103.000     6618   81
103.050     6585   81
103.100     6486   80
103.150     6525   80
103.200     6763   82
103.250     6708   81
103.300     6716   81
103.350     6762   82
103.400     7061   84
103.450     7385   85
103.500     7725   87
103.550     7856   88
103.600     8141   90
103.650     8012   89
103.700     7856   88
103.750     7674   87
103.800     7151   84
103.850     6853   82
103.900     6628   81
103.950     6581   81
104.000     6479   80
104.050     6520   80
104.100     6546   80
104.150     6619   81
104.200     6681   81
104.250     6529   80
104.300     6402   80
104.350     6436   80
104.400     6401   80
104.450     6474   80
104.500     6614   81
104.550     6826   82
104.600     6901   83
104.650     7014   83
104.700     7646   87
104.750     8185   90
104.800     8563   92
104.850     8974   94
104.900     9196   95
104.950     8913   94
105.000     8399   91
105.050     7815   88
105.100     7257   85
105.150     6831   82
105.200     6531   80
105.250     6582   81
105.300     6560   80
105.350     6534   80
105.400     6594   81
105.450     6480   80
105.500     6506   80
105.550     6508   80
105.600     6503   80
105.650     6489   80
105.700     6438   80
105.750     6571   81
105.800     6521   80
105.850     6598   81
105.900     6765   82
105.950     7008   83
106.000     7324   85
106.050     7656   87
106.100     7755   88
106.150     7873   88
106.200     7747   88
106.250     7552   86
106.300     7238   85
106.350     6994   83
106.400     6918   83
106.450     6681   81
106.500     6646   81
106.550     6520   80
106.600     6430   80
106.650     6572   81
106.700     6467   80
106.750     6621   81
106.800     6384   79
106.850     6371   79
106.900     6524   80
106.950     6538   80
107.000     6396   79
107.050     6366   79
107.100     6534   80
107.150     6596   81
107.200     6621   81
107.250     6858   82
107.300     7430   86
107.350     7753   88
107.400     7919   88
107.450     8024   89
107.500     7608   87
107.550     7331   85
107.600     7144   84
107.650     7006   83
107.700     6822   82
107.750     6670   81
107.800     6463   80
107.850     6459   80
107.900     6505   80
107.950     6563   81
108.000     6436   80
108.050     6381   79
108.100     6363   79
108.150     6569   81
108.200     6568   81
108.250     6327   79
108.300     6301   79
108.350     6517   80
108.400     6330   79
108.450     6365   79
108.500     6327   79
108.550     6305   79
108.600     6327   79
108.650     6322   79
108.700     6388   79
108.750     6401   80
108.800     6453   80
108.850     6554   80
108.900     6475   80
108.950     6506   80
109.000     6486   80
109.050     6332   79
109.100     6378   79
109.150     6332   79
109.200     6306   79
109.250     6262   79
109.300     6440   80
109.350     6347   79
109.400     6380   79
109.450     6499   80
109.500     6360   79
109.550     6444   80
109.600     6516   80
109.650     6723   81
109.700     6920   83
109.750     7152   84
109.800     7828   88
109.850     8625   92
109.900     9542   97
109.950    10351  101
110.000    10767  103
110.050    10631  103
110.100     9950   99
110.150     9014   94
110.200     8288   91
110.250     7573   87
110.300     7122   84
110.350     6870   82
110.400     6716   81
110.450     6558   80
110.500     6486   80
110.550     6584   81
110.600     6496   80
110.650     6575   81
110.700     6558   80
110.750     6591   81
110.800     6541   80
110.850     6494   80
110.900     6538   80
110.950     6469   80
111.000     6628   81
111.050     6881   82
111.100     6980   83
111.150     7298   85
111.200     7620   87
111.250     7818   88
111.300     8201   90
111.350     8211   90
111.400     7773   88
111.450     7438   86
111.500     6973   83
111.550     6767   82
111.600     6706   81
111.650     6676   81
111.700     6417   80
111.750     6589   81
111.800     6534   80
111.850     6366   79
111.900     6409   80
111.950     6493   80
112.000     6383   79
112.050     6398   79
112.100     6423   80
112.150     6313   79
112.200     6508   80
112.250     6360   79
112.300     6348   79
112.350     6465   80
112.400     6354   79
112.450     6465   80
112.500     6541   80
112.550     6435   80
112.600     6380   79
112.650     6420   80
112.700     6314   79
112.750     6393   79
112.800     6228   78
112.850     6475   80
112.900     6354   79
112.950     6410   80
113.000     6216   78
113.050     6351   79
113.100     6487   80
113.150     6470   80
113.200     6362   79
113.250     6453   80
113.300     6249   79
113.350     6381   79
113.400     6454   80
113.450     6316   79
113.500     6428   80
113.550     6425   80
113.600     6316   79
113.650     6465   80
113.700     6581   81
113.750     6775   82
113.800     6851   82
113.850     6849   82
113.900     7129   84
113.950     7218   84
114.000     7014   83
114.050     7128   84
114.100     6929   83
114.150     6792   82
114.200     6736   82
114.250     6845   82
114.300     6529   80
114.350     6618   81
114.400     6556   80
114.450     6692   81
114.500     6600   81
114.550     6302   79
114.600     6423   80
114.650     6538   80
114.700     6375   79
114.750     6242   79
114.800     6619   81
114.850     6638   81
114.900     6752   82
114.950     6898   83
115.000     7189   84
115.050     7549   86
115.100     8336   91
115.150     9170   95
115.200     9980   99
115.250    10682  103
115.300    10939  104
115.350    10662  103
115.400     9998   99
115.450     9114   95
115.500     8145   90
115.550     7421   86
115.600     7012   83
115.650     6906   83
115.700     6784   82
115.750     6702   81
115.800     6598   81
115.850     6589   81
115.900     6470   80
115.950     6348   79
116.000     6670   81
116.050     6563   81
116.100     6477   80
116.150     6474   80
116.200     6444   80
116.250     6411   80
116.300     6280   79
116.350     6442   80
116.400     6684   81
116.450     6566   81
116.500     6643   81
116.550     6879   82
116.600     7000   83
116.650     6925   83
116.700     6944   83
116.750     6702   81
116.800     6787   82
116.850     6663   81
116.900     6478   80
116.950     6586   81
117.000     6575   81
117.050     6462   80
117.100     6608   81
117.150     6552   80
117.200     6446   80
117.250     6508   80
117.300     6514   80
117.350     6348   79
117.400     6377   79
117.450     6415   80
117.500     6416   80
117.550     6380   79
117.600     6625   81
117.650     6572   81
117.700     6472   80
117.750     6528   80
117.800     6629   81
117.850     6791   82
117.900     7075   84
117.950     7098   84
118.000     7292   85
118.050     7379   85
118.100     7207   84
118.150     6995   83
118.200     6863   82
118.250     6732   82
118.300     6684   81
118.350     6595   81
118.400     6397   79
118.450     6364   79
118.500     6489   80
118.550     6383   79
118.600     6327   79
118.650     6471   80
118.700     6317   79
118.750     6380   79
118.800     6229   78
118.850     6297   79
118.900     6428   80
118.950     6557   80
119.000     6568   81
119.050     6612   81
119.100     6583   81
119.150     6754   82
119.200     6815   82
119.250     7006   83
119.300     7322   85
119.350     7629   87
119.400     7796   88
119.450     7859   88
119.500     7600   87
119.550     7320   85
119.600     6956   83
119.650     6751   82
119.700     6706   81
119.750     6509   80
119.800     6551   80
119.850     6651   81
119.900     6365   79
119.950     6401   80
120.000     6380   79
120.050     6389   79
120.100     6315   79
120.150     6277   79
120.200     6226   78
120.250     6168   78
120.300     6275   79
120.350     6413   80
120.400     6341   79
120.450     6266   79
120.500     6283   79
120.550     6166   78
120.600     6403   80
120.650     6407   80
120.700     6496   80
120.750     6494   80
120.800     6500   80
120.850     6372   79
120.900     6468   80
120.950     6482   80
121.000     6204   78
121.050     6291   79
121.100     6317   79
121.150     6333   79
121.200     6280   79
121.250     6400   80
121.300     6399   79
121.350     6471   80
121.400     6320   79
121.450     6256   79
121.500     6296   79
121.550     6384   79
121.600     6508   80
121.650     6248   79
121.700     6269   79
121.750     6325   79
121.800     6193   78
121.850     6322   79
121.900     6072   77
121.950     6217   78
122.000     6128   78
122.050     6320   79
122.100     6351   79
122.150     6269   79
122.200     6358   79
122.250     6474   80
122.300     6381   79
122.350     6309   79
122.400     6418   80
122.450     6440   80
122.500     6223   78
122.550     6133   78
122.600     6355   79
122.650     6437   80
122.700     6286   79
122.750     6296   79
122.800     6343   79
122.850     6209   78
122.900     6332   79
122.950     6371   79
123.000     6306   79
123.050     6291   79
123.100     6343   79
123.150     6362   79
123.200     6231   78
123.250     6305   79
123.300     6585   81
123.350     6371   79
123.400     6635   81
123.450     6747   82
123.500     7009   83
123.550     7486   86
123.600     8011   89
123.650     8779   93
123.700     8945   94
123.750     8816   93
123.800     8594   92
123.850     8194   90
123.900     7685   87
123.950     7303   85
124.000     6922   83
124.050     6624   81
124.100     6592   81
124.150     6489   80
124.200     6459   80
124.250     6413   80
124.300     6376   79
124.350     6346   79
124.400     6187   78
124.450     6185   78
124.500     6204   78
124.550     6216   78
124.600     6196   78
124.650     6164   78
124.700     6265   79
124.750     6343   79
124.800     6155   78
124.850     6278   79
124.900     6365   79
124.950     6481   80
125.000     6588   81
125.050     6881   82
125.100     7188   84
125.150     7355   85
125.200     7588   87
125.250     7432   86
125.300     7340   85
125.350     6945   83
125.400     6794   82
125.450     6590   81
125.500     6597   81
125.550     6458   80
125.600     6406   80
125.650     6311   79
125.700     6292   79
125.750     6293   79
125.800     6356   79
125.850     6217   78
125.900     6321   79
125.950     6348   79
126.000     6219   78
126.050     6533   80
126.100     6387   79
126.150     6520   80
126.200     6544   80
126.250     6486   80
126.300     6655   81
126.350     6710   81
126.400     6806   82
126.450     7056   84
126.500     7559   86
126.550     8184   90
126.600     8836   94
126.650     9551   97
126.700     9949   99
126.750     9719   98
126.800     9393   96
126.850     8862   94
126.900     8069   89
126.950     7456   86
127.000     7300   85
127.050     6987   83
127.100     6486   80
127.150     6521   80
127.200     6553   80
127.250     6448   80
127.300     6341   79
127.350     6424   80
127.400     6378   79
127.450     6336   79
127.500     6243   79
127.550     6271   79
127.600     6239   78
127.650     6362   79
127.700     6262   79
127.750     6339   79
127.800     6473   80
127.850     6483   80
127.900     6439   80
127.950     6407   80
128.000     6718   81
128.050     6908   83
128.100     7315   85
128.150     7639   87
128.200     7794   88
128.250     7883   88
128.300     7731   87
128.350     7654   87
128.400     7409   86
128.450     7125   84
128.500     6884   82
128.550     6669   81
128.600     6359   79
128.650     6411   80
128.700     6510   80
128.750     6452   80
128.800     6476   80
128.850     6422   80
128.900     6384   79
128.950     6188   78
129.000     6263   79
129.050     6411   80
129.100     6459   80
129.150     6353   79
129.200     6353   79
129.250     6356   79
129.300     6268   79
129.350     6373   79
129.400     6248   79
129.450     6272   79
129.500     6521   80
129.550     6570   81
129.600     6495   80
129.650     6970   83
129.700     7047   83
129.750     7132   84
129.800     7421   86
129.850     7372   85
129.900     7392   85
129.950     7100   84
130.000     6871   82
130.050     6583   81
130.100     6600   81
130.150     6721   81
130.200     6312   79
130.250     6450   80
130.300     6418   80
130.350     6493   80
130.400     6354   79
130.450     6263   79
130.500     6366   79
130.550     6183   78
130.600     6322   79
130.650     6305   79
130.700     6349   79
130.750     6319   79
130.800     6474   80
130.850     6187   78
130.900     6219   78
130.950     6313   79
131.000     6243   79
131.050     6336   79
131.100     6304   79
131.150     6301   79
131.200     6247   79
131.250     6246   79
131.300     6311   79
131.350     6451   80
131.400     6379   80
131.450     6180   78
131.500     6263   79
131.550     6263   79
131.600     6229   79
131.650     6354   80
131.700     6395   81
131.750     6371   81
131.800     6319   80
131.850     6349   81
131.900     6335   81
131.950     6275   81
132.000     6390   82
132.050     6378   82
132.100     6427   82
132.150     6354   82
132.200     6400   82
132.250     6289   82
132.300     6322   82
132.350     6343   82
132.400     6451   83
132.450     6535   84
132.500     6480   84
132.550     6467   84
132.600     6580   85
132.650     6544   85
132.700     6754   86
132.750     7085   88
132.800     7217   89
132.850     7701   93
132.900     8170   96
132.950     8754   99
133.000     9614  104
133.050     9976  106
133.100    10155  107
133.150     9828  106
133.200     9250  103
133.250     8535   99
133.300     7982   96
133.350     7578   94
133.400     7154   91
133.450     7028   90
133.500     6810   89
133.550     6582   88
133.600     6416   87
133.650     6470   87
133.700     6424   87
133.750     6367   87
133.800     6469   88
133.850     6450   88
133.900     6432   88
133.950     6400   88
134.000     6373   88
134.050     6517   89
134.100     6577   90
134.150     6362   88
134.200     6487   89
134.250     6584   90
134.300     6681   91
134.350     6602   91
134.400     6444   90
134.450     6826   93
134.500     6942   94
134.550     7325   96
134.600     7718   99
134.650     8028  101
134.700     8417  104
134.750     8686  106
134.800     8725  106
134.850     8653  106
134.900     8453  105
134.950     8104  103
135.000     7474   99
135.050     7265   98
135.100     7077   97
135.150     7031   97
135.200     6914   96
135.250     6648   94
135.300     6571   94
135.350     6498   94
135.400     6505   94
135.450     6583   95
135.500     6699   96
135.550     6490   94
135.600     6515   95
135.650     6460   94
135.700     6302   94
135.750     6581   96
135.800     6550   96
135.850     6440   95
135.900     6491   96
135.950     6517   96
136.000     6643   97
136.050     6559   97
136.100     6508   97
136.150     6614   98
136.200     6665   98
136.250     6545   97
136.300     6411   97
136.350     6574   98
136.400     6951  101
136.450     7127  102
136.500     7091  102
136.550     7273  104
136.600     7113  103
136.650     7046  103
136.700     6852  101
136.750     6829  101
136.800     6907  102
136.850     6695  101
136.900     6619  100
136.950     6447   99
137.000     6527  100
137.050     6737  102
137.100     6590  101
137.150     6502  101
137.200     6411  100
137.250     6576  102
137.300     6492  101
137.350     6502  101
137.400     6534  102
137.450     6517  102
137.500     6394  101
137.550     6448  102
137.600     6428  102
137.650     6468  102
137.700     6534  103
137.750     6437  102
137.800     6612  104
137.850     6651  105
137.900     6763  106
137.950     6939  107
138.000     6760  106
138.050     6941  108
138.100     7126  109
138.150     7620  113
138.200     7948  116
138.250     8294  119
138.300     8389  120
138.350     8337  120
138.400     8080  118
138.450     7754  116
138.500     7603  115
138.550     7338  113
138.600     7185  112
138.650     7035  111
138.700     6965  111
138.750     6758  109
138.800     6551  108
138.850     6685  109
138.900     6550  108
138.950     6613  109
139.000     6636  109
139.050     6523  109
139.100     6567  109
139.150     6474  109
139.200     6476  109
139.250     6652  111
139.300     6503  110
139.350     6367  109
139.400     6445  110
139.450     6442  110
139.500     6534  111
139.550     6618  112
139.600     6529  111
139.650     6539  111
139.700     6537  112
139.750     6521  112
139.800     6689  113
139.850     6539  112
139.900     6792  115
139.950     6749  115
140.000     6886  116
140.050     7209  119
140.100     7357  120
140.150     7393  121
140.200     7689  124
140.250     7460  122
140.300     7349  121
140.350     7210  120
140.400     7046  119
140.450     6680  116
140.500     6664  116
140.550     6535  116
140.600     6666  117
140.650     6603  117
140.700     6588  117
140.750     6416  115
140.800     6555  117
140.850     6546  117
140.900     6510  117
140.950     6699  119
141.000     6477  117
141.050     6512  118
141.100     6791  121
141.150     6519  118
141.200     6429  118
141.250     6380  118
141.300     6456  118
141.350     6484  119
141.400     6452  119
141.450     6517  120
141.500     6579  121
141.550     6565  121
141.600     6724  122
141.650     6780  123
141.700     6622  122
141.750     6699  123
141.800     6784  124
141.850     6603  123
141.900     6768  124
141.950     7209  129
142.000     7441  131
142.050     7739  134
142.100     7706  134
142.150     7905  136
142.200     7814  135
142.250     7631  134
142.300     7485  133
142.350     7238  131
142.400     6982  129
142.450     6814  128
142.500     6730  127
142.550     6697  127
142.600     6570  126
142.650     6593  127
142.700     6499  126
142.750     6430  126
142.800     6475  126
142.850     6471  127
142.900     6477  127
142.950     6251  125
143.000     6333  126
143.050     6441  127
143.100     6236  126
143.150     6382  127
143.200     6296  127
143.250     6279  127
143.300     6372  128
143.350     6543  130
143.400     6355  128
143.450     6362  129
143.500     6326  129
143.550     6404  130
143.600     6561  132
143.650     6317  129
143.700     6604  133
143.750     6606  133
143.800     6568  133
143.850     6555  133
143.900     6607  134
143.950     6770  136
144.000     7197  140
144.050     7449  143
144.100     7713  146
144.150     7774  147
144.200     7823  147
144.250     7875  148
144.300     7642  146
144.350     7217  142
144.400     7051  141
144.450     6838  139
144.500     6752  139
144.550     6773  139
144.600     6588  138
144.650     6589  138
144.700     6731  140
144.750     6551  138
144.800     6543  138
144.850     6505  138
144.900     6427  138
144.950     6393  138
145.000     6274  137
145.050     6491  139
145.100     6351  138
145.150     6319  138
145.200     6449  140
145.250     6504  141
145.300     6509  141
145.350     6336  139
145.400     6337  140
145.450     6299  140
145.500     6386  141
145.550     6443  142
145.600     6386  142
145.650     6313  141
145.700     6355  142
145.750     6496  144
145.800     6514  144
145.850     6493  144
145.900     6675  147
145.950     6528  145
146.000     6698  148
146.050     6855  150
146.100     7096  153
146.150     7087  153
146.200     7224  155
146.250     7208  155
146.300     7485  158
146.350     7495  159
146.400     7232  156
146.450     7222  156
146.500     6971  154
146.550     7041  155
146.600     7037  155
146.650     6863  154
146.700     6623  151
146.750     6508  150
146.800     6501  151
146.850     6656  153
146.900     6588  152
146.950     6453  151
147.000     6718  155
147.050     6455  152
147.100     6609  154
147.150     6406  152
147.200     6352  152
147.250     6531  154
147.300     6519  154
147.350     6472  154
147.400     6564  156
147.450     6490  155
147.500     6487  155
147.550     6638  158
147.600     6512  156
147.650     6457  156
147.700     6715  160
147.750     6515  158
147.800     6571  159
147.850     6513  158
147.900     6480  158
147.950     6705  161
148.000     6869  164
148.050     6529  160
148.100     6458  159
148.150     6753  163
148.200     6695  163
148.250     6819  165
148.300     7304  171
148.350     7381  173
148.400     7626  176
148.450     7868  179
148.500     8659  188
148.550     8605  188
148.600     8547  188
148.650     8336  186
148.700     8030  183
148.750     7981  183
148.800     7759  181
148.850     7409  177
148.900     7227  175
148.950     7015  173
149.000     6965  173
149.050     6635  169
149.100     6689  170
149.150     6890  173
149.200     6691  171
149.250     6548  170
149.300     6539  170
149.350     6554  170
149.400     6463  170
149.450     6488  170
149.500     6756  174
149.550     6576  172
149.600     6391  170
149.650     6505  172
149.700     6566  174
149.750     6260  170
149.800     6381  172
149.850     6520  174
149.900     6558  175
149.950     6697  177
150.000     6788  179
150.050     6412  174
150.100     6473  176
150.150     6363  175
150.200     6632  179
150.250     6764  181
150.300     6713  181
150.350     6691  181
150.400     6661  181
150.450     6554  180
150.500     6497  180
150.550     6647  182
150.600     6671  183
150.650     6595  182
150.700     6593  183
150.750     6638  184
150.800     6650  184
150.850     6836  188
150.900     6633  185
150.950     6726  187
151.000     6689  187
151.050     6790  189
151.100     6761  189
151.150     6789  190
151.200     6827  191
151.250     6667  189
151.300     6881  192
151.350     6659  190
151.400     6646  190
151.450     6577  190
151.500     6651  191
151.550     6551  190
151.600     6525  190
151.650     6628  192
151.700     6678  194
151.750     6655  194
151.800     6469  191
151.850     6666  195
151.900     6713  196
151.950     6819  198
152.000     6740  198
152.050     6659  197
152.100     6779  199
152.150     6743  199
152.200     6780  200
152.250     6602  198
152.300     6468  197
152.350     6696  201
152.400     6626  200
152.450     6430  198
152.500     6386  197
152.550     6744  203
152.600     6804  205
152.650     6396  199
152.700     6407  200
152.750     6616  204
152.800     6652  205
152.850     6924  209
152.900     6779  208
152.950     6637  206
153.000     6719  208
153.050     6591  207
153.100     6766  210
153.150     6780  211
153.200     6676  210
153.250     6783  212
153.300     6933  215
153.350     6641  211
153.400     6672  212
153.450     6734  213
153.500     6688  213
153.550     6937  218
153.600     7236  223
153.650     7054  221
153.700     7095  222
153.750     7100  223
153.800     6870  220
153.850     6638  217
153.900     6702  218
